1.900000000000000000e+01 7.931028732932960956e-01
2.000000000000000000e+01 8.038329104496276800e-01
2.100000000000000000e+01 8.532394374025585870e-01
2.200000000000000000e+01 8.425649818942780866e-01
2.300000000000000000e+01 8.661288215856888240e-01
2.400000000000000000e+01 8.610875661074226528e-01
2.500000000000000000e+01 8.556489018455886164e-01
2.600000000000000000e+01 7.937309459162773528e-01
2.700000000000000000e+01 8.696888261433839418e-01
2.800000000000000000e+01 8.706559468194791096e-01
2.900000000000000000e+01 8.727819448574469785e-01
1.900000000000000000e+01 8.161581409050358005e-01
2.000000000000000000e+01 8.014401205010129869e-01
2.100000000000000000e+01 8.605456450389210588e-01
2.200000000000000000e+01 8.489846622442202007e-01
2.300000000000000000e+01 8.565743362856452769e-01
2.400000000000000000e+01 8.698194430163048718e-01
2.500000000000000000e+01 8.705169926993506779e-01
2.600000000000000000e+01 8.707365402091538087e-01
2.700000000000000000e+01 8.792961140090764793e-01
2.800000000000000000e+01 8.745466621830803033e-01
2.900000000000000000e+01 8.699445017244206158e-01
1.900000000000000000e+01 7.989111555146721777e-01
2.000000000000000000e+01 8.443074665606908891e-01
2.100000000000000000e+01 8.563686841878548339e-01
2.200000000000000000e+01 8.368984328754331958e-01
2.300000000000000000e+01 8.744716269582109014e-01
2.400000000000000000e+01 8.734655991284797638e-01
2.500000000000000000e+01 8.713812873265505132e-01
2.600000000000000000e+01 8.685410651111217240e-01
2.700000000000000000e+01 8.695248602816321171e-01
2.800000000000000000e+01 8.479480645080608170e-01
2.900000000000000000e+01 7.982914201388985331e-01
1.900000000000000000e+01 8.094800058916546970e-01
2.000000000000000000e+01 8.132262089703221619e-01
2.100000000000000000e+01 8.399748770950807852e-01
2.200000000000000000e+01 8.614321723253416385e-01
2.300000000000000000e+01 8.476896098446214944e-01
2.400000000000000000e+01 8.388326742276235315e-01
2.500000000000000000e+01 8.757750166050172203e-01
2.600000000000000000e+01 8.738796824064630764e-01
2.700000000000000000e+01 8.709866576253852966e-01
2.800000000000000000e+01 8.676906658959344654e-01
2.900000000000000000e+01 8.385547659873662241e-01
1.900000000000000000e+01 8.123035536126681500e-01
2.000000000000000000e+01 7.929944890795956880e-01
2.100000000000000000e+01 8.460971956279474959e-01
2.200000000000000000e+01 8.495265833127217947e-01
2.300000000000000000e+01 8.543399540339770004e-01
2.400000000000000000e+01 8.782178300368784774e-01
2.500000000000000000e+01 8.680741792674894208e-01
2.600000000000000000e+01 8.643668833424580367e-01
2.700000000000000000e+01 8.712117632999936134e-01
2.800000000000000000e+01 8.634664606440245471e-01
2.900000000000000000e+01 8.746050229135344800e-01
