2.757793764989999730e-01 2.589928057549999996e-01 2.062350119899999945e-01 2.589928057549999996e-01
2.901678657069999834e-01 2.470023980820000020e-01 2.362110311750000025e-01 2.266187050360000121e-01
2.470023980820000020e-01 2.410071942450000004e-01 2.410071942450000004e-01 2.709832134290000027e-01
2.553956834530000108e-01 2.266187050360000121e-01 2.398081534769999912e-01 2.781774580340000136e-01
2.841726618709999874e-01 2.350119904079999988e-01 2.577937649879999960e-01 2.230215827339999957e-01
2.386091127099999876e-01 2.446043165469999892e-01 2.697841726619999991e-01 2.470023980820000020e-01
2.505995203840000185e-01 2.398081534769999912e-01 2.601918465229999811e-01 2.494004796160000093e-01
2.805755395680000208e-01 2.505995203840000185e-01 2.194244604320000069e-01 2.494004796160000093e-01
0.000000000000000000e+00 0.000000000000000000e+00 0.000000000000000000e+00 1.000000000000000000e+00
1.000000000000000000e+00 0.000000000000000000e+00 0.000000000000000000e+00 0.000000000000000000e+00
1.000000000000000000e+00 0.000000000000000000e+00 0.000000000000000000e+00 0.000000000000000000e+00
0.000000000000000000e+00 0.000000000000000000e+00 0.000000000000000000e+00 1.000000000000000000e+00
0.000000000000000000e+00 1.000000000000000000e+00 0.000000000000000000e+00 0.000000000000000000e+00
0.000000000000000000e+00 1.000000000000000000e+00 0.000000000000000000e+00 0.000000000000000000e+00
2.517985611510000221e-01 2.553956834530000108e-01 2.482014388490000056e-01 2.446043165469999892e-01
2.541966426860000072e-01 2.482014388490000056e-01 2.134292565950000053e-01 2.841726618709999874e-01
