2.704778157000000127e-01 1.868600682590000062e-01 3.643344709899999923e-01 1.783276450509999889e-01
3.267918088740000004e-01 1.134812286689999977e-01 3.088737201369999852e-01 2.508532423209999807e-01
2.679180887370000153e-01 2.337883959039999959e-01 3.080204778160000045e-01 1.902730375430000120e-01
2.730375426619999907e-02 1.023890784979999968e-02 9.360068259389999756e-01 2.645051194540000081e-02
3.156996587029999718e-02 8.523890784980000523e-01 5.204778156999999988e-02 6.399317406139999609e-02
9.180887372010000380e-01 2.901023890779999906e-02 2.218430034129999923e-02 3.071672354949999892e-02
4.948805460749999829e-01 4.752559726960000064e-01 2.218430034129999923e-02 7.679180887370000257e-03
5.119453924910000175e-02 5.375426621160000334e-02 8.575085324229999584e-01 3.754266211599999875e-02
3.498293515360000050e-02 5.375426621160000334e-02 5.972696245729999798e-02 8.515358361770000162e-01
3.412969283279999877e-02 2.645051194540000081e-02 9.232081911260000551e-01 1.621160409560000112e-02
0.000000000000000000e+00 9.539249146760000464e-01 0.000000000000000000e+00 4.607508532420000191e-02
3.831058020479999882e-01 8.361774744029999706e-02 2.534129692830000002e-01 2.798634812290000107e-01
