2.534301856339999937e-01 3.292978208230000203e-01 6.295399515739999452e-02 3.543179983859999771e-01
2.421307506049999794e-03 5.084745762710000255e-02 9.426957223570000544e-01 4.035512510090000400e-03
1.251008878129999946e-01 8.079096045200000464e-01 3.793381759480000254e-02 2.905569007260000100e-02
9.184826472960000432e-01 2.098466505250000044e-02 3.874092009690000005e-02 2.179176755450000155e-02
1.614205004039999947e-01 7.643260694110000086e-01 2.179176755450000155e-02 5.246166263120000117e-02
2.526230831319999925e-01 4.560129136400000172e-01 5.326876513320000228e-02 2.380952380949999947e-01
8.555286521390000065e-02 1.493139628730000001e-01 3.954802259890000116e-02 7.255851493139999775e-01
1.856335754640000071e-02 4.196933010489999755e-02 3.914447134790000060e-01 5.480225988700000439e-01
3.147699757869999726e-02 6.335754640840000063e-01 1.791767554479999913e-01 1.557707828890000090e-01
6.020984665049999851e-01 3.551251008879999782e-01 3.228410008069999837e-02 1.049233252620000029e-02
5.891848264729999674e-01 2.824858757059999989e-02 1.719128329300000091e-01 2.106537530270000125e-01
7.102502017759999842e-02 5.569007263919999867e-02 2.203389830509999980e-01 6.529459241320000329e-01
