1.483333333330000003e-01 3.816666666669999985e-01 2.391666666670000108e-01 2.308333333329999904e-01
2.166666666669999908e-01 3.191666666669999985e-01 3.024999999999999911e-01 1.616666666669999974e-01
2.333333333329999926e-01 3.141666666669999941e-01 2.041666666670000074e-01 2.483333333330000059e-01
2.141666666669999886e-01 1.799999999999999933e-01 3.158333333330000103e-01 2.899999999999999800e-01
5.000000000000000278e-02 2.958333333329999926e-01 6.458333333329999704e-01 8.333333333330000814e-03
2.666666666669999936e-02 9.566666666669999541e-01 7.499999999999999722e-03 9.166666666670000851e-03
9.549999999999999600e-01 1.166666666669999991e-02 1.166666666669999991e-02 2.166666666669999838e-02
1.750000000000000167e-02 9.375000000000000000e-01 2.916666666670000158e-02 1.583333333330000023e-02
1.833333333329999898e-02 2.583333333329999870e-02 9.416666666670000518e-01 1.416666666670000040e-02
5.000000000000000104e-03 8.333333333330000814e-03 3.166666666669999686e-02 9.549999999999999600e-01
0.000000000000000000e+00 0.000000000000000000e+00 1.000000000000000000e+00 0.000000000000000000e+00
1.833333333329999898e-02 5.266666666670000163e-01 1.325000000000000067e-01 3.225000000000000089e-01
2.000000000000000111e-01 2.858333333329999837e-01 2.583333333330000148e-01 2.558333333330000126e-01
