1.670741646289999882e-01 2.762836185820000123e-01 5.224123879380000446e-01 3.422982885090000010e-02
1.344743276279999900e-01 4.343928280359999894e-01 1.858190709049999945e-01 2.453137734309999984e-01
1.629991850040000100e-03 4.074979625099999815e-03 9.861450692750000080e-01 8.149959250199999630e-03
7.546862265689999738e-01 6.275468622660000662e-02 5.867970660150000073e-02 1.238793806029999944e-01
7.660961695189999476e-02 6.177669111650000433e-01 9.209453952729999837e-02 2.135289323550000062e-01
4.987775061120000020e-01 3.023634881830000176e-01 7.660961695189999476e-02 1.222493887529999962e-01
7.204563977179999634e-01 1.222493887529999962e-01 8.312958435209999442e-02 7.416462917690000434e-02
9.127954360230000619e-02 7.823960880199999635e-02 4.726976365120000301e-02 7.832110839450000528e-01
8.475957620210000654e-02 2.876935615319999862e-01 4.539527302360000238e-01 1.735941320290000089e-01
7.644661776690000465e-01 1.206193969029999979e-01 6.112469437649999809e-02 5.378973105129999932e-02
9.910350448250000444e-01 8.149959250200000498e-04 1.629991850040000100e-03 6.519967400160000398e-03
1.874490627549999996e-02 6.723716381419999610e-01 2.925835370820000225e-01 1.629991850039999926e-02
