2.229350441060000132e-01 6.487570168399999782e-01 9.302325581400000543e-02 3.528468323979999655e-02
1.603849238170000071e-03 3.592622293500000175e-01 6.375300721729999509e-01 1.603849238170000071e-03
3.849238171609999926e-01 2.566158781069999839e-01 3.183640737769999896e-01 4.009623095429999673e-02
1.844426623900000117e-02 9.623095429030000675e-03 2.269446672010000110e-01 7.449879711310000152e-01
7.618283881319999618e-02 5.982357658379999776e-01 2.453889334400000122e-01 8.019246190859999346e-02
1.210906174819999931e-01 4.137931034480000214e-01 1.523656776259999998e-02 4.498797113069999964e-01
1.651964715320000110e-01 7.393744987970000127e-01 3.127506014430000286e-02 6.415396952690000099e-02
6.808340016039999831e-01 1.034482758620000054e-01 1.443464314350000055e-01 7.137129109860000653e-02
4.771451483560000262e-01 1.363271852449999925e-02 4.570970328789999981e-02 4.635124298319999725e-01
1.603849238169999941e-02 4.811547714509999824e-02 2.726543704889999864e-01 6.631916599839999815e-01
8.019246190860000387e-03 7.217321571769999902e-03 9.831595829989999702e-01 1.603849238170000071e-03
7.305533279870000118e-01 0.000000000000000000e+00 2.028869286290000129e-01 6.655974338410000635e-02
