3.214603739979999819e-01 1.763134461260000008e-01 2.537845057879999922e-01 2.484416740869999918e-01
3.998219056099999724e-01 1.700801424760000069e-01 2.163846838819999951e-01 2.137132680319999978e-01
8.904719501340000072e-04 0.000000000000000000e+00 9.991095280499999731e-01 0.000000000000000000e+00
2.671415850399999972e-02 9.323241317899999547e-01 1.157613535170000027e-02 2.938557435440000004e-02
8.432769367760000190e-01 3.561887800530000314e-02 9.349955476400000076e-02 2.760463045409999872e-02
7.925200356190000017e-02 8.913624220839999612e-01 1.513802315229999945e-02 1.424755120210000059e-02
8.637577916300000214e-02 2.137132680319999908e-02 8.219056099729999953e-01 7.034728406059999328e-02
4.897595725730000127e-02 1.015138023149999985e-01 5.966162065890000255e-02 7.898486197680000265e-01
4.897595725730000127e-02 2.048085485310000009e-02 8.601959038290000192e-01 7.034728406059999328e-02
0.000000000000000000e+00 9.875333926980000010e-01 4.452359750669999602e-03 8.014247551199999223e-03
2.813891362420000153e-01 1.246660730189999983e-01 3.285841495990000083e-01 2.653606411400000198e-01
2.439893143369999962e-01 2.938557435440000143e-01 1.335707925200000090e-01 3.285841495990000083e-01
