2.033898305079999969e-01 2.052730696800000032e-01 2.542372881359999948e-01 3.370998116760000052e-01
2.033898305079999969e-01 2.787193973629999988e-01 2.410546139360000006e-01 2.768361581920000258e-01
2.391713747649999999e-01 2.316384180790000136e-01 3.088512241049999885e-01 2.203389830509999980e-01
2.382297551789999968e-01 2.627118644070000064e-01 2.674199623349999833e-01 2.316384180790000136e-01
7.768361581920000258e-01 1.224105461389999976e-02 1.610169491529999941e-01 4.990583804140000246e-02
8.135593220340000542e-01 6.779661016950000452e-02 7.815442561209999528e-02 4.048964218460000125e-02
2.730696798489999980e-02 9.463276836159999483e-01 1.977401129939999891e-02 6.591337099809999739e-03
8.625235404900000180e-01 7.438794726929999490e-02 4.331450094159999820e-02 1.977401129939999891e-02
3.427495291900000129e-01 6.497175141239999729e-02 5.367231638420000284e-01 5.555555555560000303e-02
8.286252354049999935e-02 5.828625235400000104e-01 1.996233521659999954e-01 1.346516007530000059e-01
3.578154425610000078e-02 9.416195856870000769e-03 2.259887005649999919e-02 9.322033898310000399e-01
2.542372881359999948e-02 1.789077212809999859e-02 9.425612052730000245e-01 1.412429378529999995e-02
2.824858757059999989e-02 3.860640301320000106e-02 4.708097928439999857e-03 9.284369114880000051e-01
0.000000000000000000e+00 1.713747645950000065e-01 0.000000000000000000e+00 8.286252354049999935e-01
