4.191176470590000092e-01 2.900326797389999878e-01 1.111111111109999994e-01 1.797385620920000093e-01
1.388888888890000076e-02 2.320261437910000057e-01 7.540849673199999659e-01 0.000000000000000000e+00
0.000000000000000000e+00 9.950980392160000410e-01 4.901960784310000104e-03 0.000000000000000000e+00
7.900326797390000433e-01 2.450980392160000132e-02 8.169934640520000110e-03 1.772875816989999964e-01
2.124183006540000113e-02 9.076797385620000158e-01 6.535947712420000014e-03 6.454248366010000015e-02
2.450980392160000132e-02 5.637254901960000314e-02 9.084967320260000090e-01 1.062091503270000056e-02
8.986928104580000840e-03 7.598039215690000070e-02 1.168300653589999932e-01 7.982026143789999750e-01
4.901960784309999930e-02 7.434640522879999713e-02 8.676470588239999504e-01 8.986928104580000840e-03
2.614379084970000142e-02 7.222222222220000543e-01 1.960784313730000103e-02 2.320261437910000057e-01
3.570261437910000057e-01 3.423202614379999842e-01 1.584967320260000090e-01 1.421568627450000011e-01
3.186274509800000043e-01 3.750000000000000000e-01 1.192810457520000061e-01 1.870915032680000034e-01
1.094771241829999991e-01 9.477124183009999481e-02 4.681372549019999774e-01 3.276143790850000181e-01
