3.022690437600000224e-01 1.191247974069999938e-01 3.217179902760000099e-01 2.568881685580000074e-01
3.411669367910000195e-01 7.779578606159999465e-02 4.246353322529999863e-01 1.564019448950000057e-01
3.403565640189999686e-02 2.204213938410000129e-01 1.944894651539999866e-02 7.260940032410000411e-01
5.696920583469999855e-01 1.564019448950000057e-01 2.196110210699999954e-01 5.429497568879999847e-02
1.742301458670000025e-01 1.045380875200000031e-01 1.904376012969999921e-01 5.307941653159999884e-01
1.831442463530000009e-01 7.617504051859999570e-02 8.670988654779999971e-02 6.539708265800000531e-01
2.836304700160000025e-02 1.620745542950000062e-02 9.262560777960000546e-01 2.917341977309999973e-02
1.969205834680000100e-01 6.701782820099999594e-01 8.022690437599999669e-02 5.267423014590000285e-02
7.974068071309999839e-01 7.293354943270000112e-02 6.482982171800000248e-02 6.482982171800000248e-02
6.564019448949999502e-02 7.325769854129999814e-01 8.184764991899999564e-02 1.199351701779999974e-01
1.620745542950000105e-03 3.808752025929999785e-02 9.424635332249999831e-01 1.782820097239999971e-02
8.103727714750000310e-03 1.620745542950000105e-03 1.944894651539999866e-02 9.708265802269999689e-01
