1.644736842109999903e-02 2.631578947369999852e-02 1.562500000000000000e-02 9.416118421050000409e-01
2.467105263160000121e-03 9.950657894740000398e-01 0.000000000000000000e+00 2.467105263160000121e-03
7.763157894740000398e-01 3.618421052629999801e-02 1.768092105259999880e-01 1.069078947370000025e-02
9.292763157889999404e-02 3.437500000000000000e-01 1.472039473679999932e-01 4.161184210530000094e-01
1.093750000000000000e-01 1.208881578950000008e-01 1.282894736840000105e-01 6.414473684210000304e-01
1.973684210530000094e-01 4.769736842109999903e-02 7.286184210530000094e-01 2.631578947369999852e-02
6.529605263159999895e-01 4.358552631579999670e-02 8.799342105259999602e-02 2.154605263159999895e-01
2.195723684210000026e-01 6.751644736840000105e-01 5.592105263160000034e-02 4.934210526320000068e-02
3.708881578950000146e-01 4.893092105260000158e-01 6.167763157890000097e-02 7.812500000000000000e-02
8.634868421050000131e-02 1.011513157889999959e-01 6.496710526320000068e-02 7.475328947370000199e-01
7.401315789470000114e-03 9.021381578949999591e-01 1.315789473679999932e-02 7.730263157889999404e-02
1.282894736840000105e-01 1.768092105259999880e-01 3.330592105260000158e-01 3.618421052629999801e-01
