1.935779816509999862e-01 3.495412844040000078e-01 2.100917431190000018e-01 2.467889908260000043e-01
2.605504587160000218e-01 1.348623853210000056e-01 5.587155963300000083e-01 4.587155963299999889e-02
7.256880733939999883e-01 3.027522935779999869e-02 2.376146788990000092e-01 6.422018348619999879e-03
1.467889908260000022e-02 1.192660550460000052e-02 9.275229357800000018e-01 4.587155963299999889e-02
4.770642201829999873e-02 2.201834862390000119e-02 7.284403669719999863e-01 2.018348623850000079e-01
6.513761467890000212e-02 1.238532110089999999e-01 1.192660550460000052e-01 6.917431192659999617e-01
3.027522935779999869e-02 7.339449541279999822e-01 4.954128440370000191e-02 1.862385321099999935e-01
6.357798165139999513e-01 8.256880733940000217e-02 2.550458715600000259e-01 2.660550458719999900e-02
1.954128440369999886e-01 1.385321100920000048e-01 9.816513761469999877e-02 5.678899082570000312e-01
2.477064220179999929e-02 9.908256880730000049e-02 4.128440366970000108e-02 8.348623853209999890e-01
1.403669724770000016e-01 9.724770642199999371e-02 7.201834862389999703e-01 4.220183486239999920e-02
7.559633027519999660e-01 1.266055045870000118e-01 7.706422018349999570e-02 4.036697247709999936e-02
1.935779816509999862e-01 7.422018348619999761e-01 1.284403669720000050e-02 5.137614678900000176e-02
1.045871559630000003e-01 8.669724770640000466e-01 3.669724770639999807e-03 2.477064220179999929e-02
4.587155963300000409e-03 4.614678899079999730e-01 5.504587155960000144e-03 5.284403669720000307e-01
3.853211009170000312e-02 5.174311926610000167e-01 1.045871559630000003e-01 3.394495412840000115e-01
