8.980789184570312500e-01
9.297167062759399414e-01
8.819707036018371582e-01
9.228449463844299316e-01
7.863156199455261230e-01
8.434566855430603027e-01
9.209209680557250977e-01
9.290676116943359375e-01
9.242455959320068359e-01
9.269934892654418945e-01
9.122028350830078125e-01
9.236310720443725586e-01
8.787487745285034180e-01
9.407833218574523926e-01
9.163095355033874512e-01
8.356756567955017090e-01
9.431599378585815430e-01
9.396415948867797852e-01
9.377156496047973633e-01
8.910352587699890137e-01
9.207049012184143066e-01
9.400432109832763672e-01
9.187976717948913574e-01
9.200010895729064941e-01
9.178875088691711426e-01
8.968557119369506836e-01
8.311700224876403809e-01
7.807230949401855469e-01
9.027814269065856934e-01
8.090587258338928223e-01
9.049769639968872070e-01
8.607332706451416016e-01
8.748010993003845215e-01
9.023178219795227051e-01
9.501076340675354004e-01
9.299457669258117676e-01
8.875561356544494629e-01
8.619883060455322266e-01
9.373279809951782227e-01
8.979839682579040527e-01
9.363058209419250488e-01
9.351765513420104980e-01
9.337521791458129883e-01
9.321373105049133301e-01
9.377581477165222168e-01
9.320130944252014160e-01
9.123435616493225098e-01
9.314826726913452148e-01
9.561802148818969727e-01
9.302945733070373535e-01
9.368597865104675293e-01
9.175334572792053223e-01
9.185163974761962891e-01
9.178208708763122559e-01
9.233350753784179688e-01
9.193525910377502441e-01
9.363645911216735840e-01
9.301890730857849121e-01
9.323953986167907715e-01
8.888844847679138184e-01
9.385496377944946289e-01
9.359371662139892578e-01
9.330732822418212891e-01
9.371123313903808594e-01
9.357804059982299805e-01
9.298853874206542969e-01
9.457962512969970703e-01
9.506546258926391602e-01
9.357299208641052246e-01
9.249504804611206055e-01
9.312446713447570801e-01
9.318543076515197754e-01
9.019755125045776367e-01
9.435139298439025879e-01
9.360575675964355469e-01
9.397398233413696289e-01
9.315195083618164062e-01
9.323621988296508789e-01
9.383857846260070801e-01
9.389868378639221191e-01
9.338686466217041016e-01
9.292340278625488281e-01
9.384084939956665039e-01
9.290333390235900879e-01
9.391036629676818848e-01
9.302553534507751465e-01
9.371078014373779297e-01
9.273623824119567871e-01
9.334712028503417969e-01
9.293580055236816406e-01
9.196026921272277832e-01
9.210115671157836914e-01
9.199261665344238281e-01
9.388450384140014648e-01
9.400867223739624023e-01
9.373676776885986328e-01
9.303811192512512207e-01
9.270429015159606934e-01
9.370007514953613281e-01
9.336555004119873047e-01
9.175627231597900391e-01
9.466994404792785645e-01
9.209861755371093750e-01
9.513001441955566406e-01
9.310339093208312988e-01
9.048863053321838379e-01
9.444320201873779297e-01
9.133162498474121094e-01
9.312365651130676270e-01
9.337584972381591797e-01
9.078878760337829590e-01
9.074109196662902832e-01
8.916432261466979980e-01
9.220165014266967773e-01
9.063155055046081543e-01
9.202672839164733887e-01
8.702948689460754395e-01
9.058491587638854980e-01
9.038789868354797363e-01
9.146628975868225098e-01
8.849231004714965820e-01
8.713030815124511719e-01
8.968691825866699219e-01
9.196215271949768066e-01
8.386706709861755371e-01
9.328351020812988281e-01
9.220799803733825684e-01
9.392675161361694336e-01
9.302560091018676758e-01
9.340391755104064941e-01
9.356437325477600098e-01
9.146922230720520020e-01
9.142503738403320312e-01
9.311025738716125488e-01
9.230566024780273438e-01
9.323866963386535645e-01
9.381840825080871582e-01
9.423761367797851562e-01
9.361136555671691895e-01
9.197744727134704590e-01
9.337823390960693359e-01
9.271160364151000977e-01
9.298471212387084961e-01
9.150360226631164551e-01
9.442072510719299316e-01
9.414142370223999023e-01
9.206177592277526855e-01
9.271477460861206055e-01
9.309419989585876465e-01
9.097394943237304688e-01
9.138453602790832520e-01
9.101742506027221680e-01
8.824799656867980957e-01
9.136090278625488281e-01
9.097443819046020508e-01
9.043345451354980469e-01
9.162937402725219727e-01
9.147617220878601074e-01
9.176098704338073730e-01
9.005592465400695801e-01
8.989124298095703125e-01
8.925229907035827637e-01
9.032595753669738770e-01
9.149155020713806152e-01
