8.970922827720642090e-01
9.276817440986633301e-01
8.817273378372192383e-01
9.220135211944580078e-01
7.849911451339721680e-01
8.400409221649169922e-01
9.193117618560791016e-01
9.289656877517700195e-01
9.234138131141662598e-01
9.271475672721862793e-01
9.107457399368286133e-01
9.229250550270080566e-01
8.790069222450256348e-01
9.410960674285888672e-01
9.149826169013977051e-01
8.348090052604675293e-01
9.408968091011047363e-01
9.367512464523315430e-01
9.369524717330932617e-01
8.909521698951721191e-01
9.212468266487121582e-01
9.409453272819519043e-01
9.217495322227478027e-01
9.206718206405639648e-01
9.189335107803344727e-01
8.966748118400573730e-01
8.311601877212524414e-01
7.761085629463195801e-01
8.978638648986816406e-01
8.063278198242187500e-01
9.006567597389221191e-01
8.575296401977539062e-01
8.722012639045715332e-01
9.007498621940612793e-01
9.477849602699279785e-01
9.244213104248046875e-01
8.859781622886657715e-01
8.603526353836059570e-01
9.348638653755187988e-01
8.966462016105651855e-01
9.350025057792663574e-01
9.319378137588500977e-01
9.325106739997863770e-01
9.302816390991210938e-01
9.351252913475036621e-01
9.289728403091430664e-01
9.104804992675781250e-01
9.304472804069519043e-01
9.555106163024902344e-01
9.298759102821350098e-01
9.355517029762268066e-01
9.169367551803588867e-01
9.127455353736877441e-01
9.165345430374145508e-01
9.209502339363098145e-01
9.204333424568176270e-01
9.335478544235229492e-01
9.289147853851318359e-01
9.295453429222106934e-01
8.836690783500671387e-01
9.353896975517272949e-01
9.333598017692565918e-01
9.315456748008728027e-01
9.362944364547729492e-01
9.344300627708435059e-01
9.292913675308227539e-01
9.453715682029724121e-01
9.495368599891662598e-01
9.328660964965820312e-01
9.231512546539306641e-01
9.309408664703369141e-01
9.300981760025024414e-01
9.011080861091613770e-01
9.404038786888122559e-01
9.320341944694519043e-01
9.375158548355102539e-01
9.283403754234313965e-01
9.297241568565368652e-01
9.345840215682983398e-01
9.343785047531127930e-01
9.310555458068847656e-01
9.259476065635681152e-01
9.364039301872253418e-01
9.262222051620483398e-01
9.373861551284790039e-01
9.267432093620300293e-01
9.348451495170593262e-01
9.253830909729003906e-01
9.309590458869934082e-01
9.259703755378723145e-01
9.203163981437683105e-01
9.179722070693969727e-01
9.174184799194335938e-01
9.377447962760925293e-01
9.396486878395080566e-01
9.346073865890502930e-01
9.280450344085693359e-01
9.263898730278015137e-01
9.340510964393615723e-01
9.325721263885498047e-01
9.144020676612854004e-01
9.452935457229614258e-01
9.183851480484008789e-01
9.501801133155822754e-01
9.295960664749145508e-01
9.041091799736022949e-01
9.441812038421630859e-01
9.115061163902282715e-01
9.312492609024047852e-01
9.307677745819091797e-01
9.068130254745483398e-01
9.050239920616149902e-01
8.891362547874450684e-01
9.217093586921691895e-01
9.045494198799133301e-01
9.188792705535888672e-01
8.675984740257263184e-01
9.042183756828308105e-01
9.020909667015075684e-01
9.109150767326354980e-01
8.854094147682189941e-01
8.704223036766052246e-01
8.960004448890686035e-01
9.168474078178405762e-01
8.363415598869323730e-01
9.298397898674011230e-01
9.206342697143554688e-01
9.393971562385559082e-01
9.319351315498352051e-01
9.342683553695678711e-01
9.351710081100463867e-01
9.138675928115844727e-01
9.156759381294250488e-01
9.305785894393920898e-01
9.198553562164306641e-01
9.295964241027832031e-01
9.374211430549621582e-01
9.395613670349121094e-01
9.353810548782348633e-01
9.204960465431213379e-01
9.308497905731201172e-01
9.249806404113769531e-01
9.281513094902038574e-01
9.103893041610717773e-01
9.416474103927612305e-01
9.396555423736572266e-01
9.192848205566406250e-01
9.258791208267211914e-01
9.306330680847167969e-01
9.082167744636535645e-01
9.132980704307556152e-01
9.091044068336486816e-01
8.835719227790832520e-01
9.124101996421813965e-01
9.083830118179321289e-01
9.037121534347534180e-01
9.159784913063049316e-01
9.153771400451660156e-01
9.171561598777770996e-01
9.001093506813049316e-01
8.979241847991943359e-01
8.900941014289855957e-01
9.035822153091430664e-01
9.146181344985961914e-01
