4.000000000000000000e+00 5.143261697852602454e-01
5.000000000000000000e+00 5.739388768616378034e-01
6.000000000000000000e+00 7.893177630609924389e-01
7.000000000000000000e+00 7.757419455244267681e-01
8.000000000000000000e+00 8.131678482398680963e-01
9.000000000000000000e+00 8.160803265977638610e-01
1.000000000000000000e+01 8.124730776392251608e-01
1.100000000000000000e+01 8.076096834347235021e-01
1.200000000000000000e+01 8.074651711497897733e-01
1.600000000000000000e+01 8.113142002773523487e-01
2.400000000000000000e+01 8.010524385058541696e-01
3.200000000000000000e+01 5.048203184272617161e-01
4.000000000000000000e+00 5.179625991090260895e-01
5.000000000000000000e+00 6.376062651633684908e-01
6.000000000000000000e+00 7.894984034171597109e-01
7.000000000000000000e+00 8.013233990401048557e-01
8.000000000000000000e+00 7.924859169999249886e-01
9.000000000000000000e+00 8.043470406941035655e-01
1.000000000000000000e+01 8.155578591060803628e-01
1.100000000000000000e+01 8.049028571746180694e-01
1.200000000000000000e+01 8.088408169390630675e-01
1.600000000000000000e+01 8.055003598911711915e-01
2.400000000000000000e+01 8.055086971383788041e-01
3.200000000000000000e+01 8.021737982552921142e-01
4.000000000000000000e+00 4.956521255811755511e-01
5.000000000000000000e+00 6.220670259093853405e-01
6.000000000000000000e+00 8.031770470026207143e-01
7.000000000000000000e+00 8.031770470026207143e-01
8.000000000000000000e+00 8.138820724173293497e-01
9.000000000000000000e+00 8.139904566310295353e-01
1.000000000000000000e+01 8.105082663806063570e-01
1.100000000000000000e+01 8.106750113247608303e-01
1.200000000000000000e+01 8.126509389129895622e-01
1.600000000000000000e+01 8.106166505943067646e-01
2.400000000000000000e+01 7.986582590160380413e-01
3.200000000000000000e+01 7.969852514096895657e-01
4.000000000000000000e+00 4.967067873529517619e-01
5.000000000000000000e+00 6.271221767996643104e-01
6.000000000000000000e+00 7.016516086718488365e-01
7.000000000000000000e+00 6.495882789420589498e-01
8.000000000000000000e+00 7.867721235802362933e-01
9.000000000000000000e+00 8.056865584121435386e-01
1.000000000000000000e+01 8.138431652636930469e-01
1.100000000000000000e+01 8.146574364076468733e-01
1.200000000000000000e+01 8.072456236399865315e-01
1.600000000000000000e+01 8.112558395468983941e-01
2.400000000000000000e+01 8.049501015754618738e-01
3.200000000000000000e+01 7.894733916755365399e-01
4.000000000000000000e+00 4.765362072750819467e-01
5.000000000000000000e+00 6.314019636996257567e-01
6.000000000000000000e+00 7.339195344481159733e-01
7.000000000000000000e+00 8.060645136188933080e-01
8.000000000000000000e+00 8.148047277749832507e-01
9.000000000000000000e+00 8.117282835553356612e-01
1.000000000000000000e+01 8.130539058613627246e-01
1.100000000000000000e+01 8.108500935161228051e-01
1.200000000000000000e+01 8.073373333592713808e-01
1.600000000000000000e+01 8.072011583215453756e-01
2.400000000000000000e+01 8.039162829217049167e-01
3.200000000000000000e+01 5.040088263657105383e-01
