7.307000000000000127e-03 2.192200000000000051e-02 3.092000000000000130e-03 9.676780000000000381e-01
2.607630000000000225e-01 5.559690000000000465e-01 1.537119999999999875e-01 2.955599999999999894e-02
6.934399999999999453e-01 9.995000000000000412e-03 2.571320000000000272e-01 3.943300000000000277e-02
0.000000000000000000e+00 9.996199999999999530e-01 0.000000000000000000e+00 3.800000000000000209e-04
9.668080000000000007e-01 0.000000000000000000e+00 3.319199999999999928e-02 0.000000000000000000e+00
3.737399999999999750e-02 8.750210000000000488e-01 1.902999999999999831e-02 6.857499999999999707e-02
2.482830000000000037e-01 4.817359999999999975e-01 1.817689999999999861e-01 8.821299999999999975e-02
7.857599999999999307e-02 7.632700000000000595e-02 2.673299999999999982e-02 8.183639999999999803e-01
8.017339999999999467e-01 2.331400000000000139e-02 9.460499999999999465e-02 8.034700000000000175e-02
9.026199999999999501e-02 1.696870000000000045e-01 4.927179999999999893e-01 2.473329999999999973e-01
7.851199999999999846e-02 1.593899999999999831e-02 8.623380000000000489e-01 4.321099999999999941e-02
0.000000000000000000e+00 2.722099999999999867e-02 1.861999999999999940e-03 9.709170000000000300e-01
1.570999999999999914e-03 0.000000000000000000e+00 9.984290000000000109e-01 0.000000000000000000e+00
5.662899999999999878e-02 2.642700000000000049e-01 7.753000000000000343e-03 6.713479999999999448e-01
3.612599999999999839e-02 1.198059999999999958e-01 6.835839999999999694e-01 1.604839999999999878e-01
9.675249999999999684e-01 2.784000000000000016e-03 2.574800000000000005e-02 3.943000000000000324e-03
