2.697478991600000264e-01 2.210084033609999998e-01 3.058823529410000241e-01 2.033613445380000051e-01
8.655462184869999742e-02 1.537815126050000036e-01 7.352941176470000340e-01 2.436974789919999981e-02
0.000000000000000000e+00 0.000000000000000000e+00 1.000000000000000000e+00 0.000000000000000000e+00
4.369747899160000143e-02 9.218487394959999914e-01 2.352941176470000131e-02 1.092436974790000036e-02
4.453781512609999993e-02 1.008403361340000012e-02 9.226890756300000218e-01 2.268907563029999921e-02
1.495798319330000070e-01 1.243697478990000022e-01 7.033613445380000329e-01 2.268907563029999921e-02
5.798319327729999778e-02 5.882352941180000322e-02 7.949579831930000395e-01 8.823529411760000496e-02
8.487394957980000099e-01 3.865546218489999963e-02 5.966386554619999838e-02 5.294117647060000292e-02
5.126050420169999677e-01 1.436974789919999995e-01 3.075630252100000073e-01 3.613445378150000054e-02
1.966386554619999893e-01 3.126050420170000121e-01 4.529411764710000177e-01 3.781512605040000113e-02
2.655462184869999964e-01 5.126050420170000232e-02 6.327731092439999872e-01 5.042016806719999689e-02
2.302521008400000013e-01 1.420168067229999886e-01 4.336134453780000064e-01 1.941176470590000036e-01
2.991596638660000140e-01 2.655462184869999964e-01 3.487394957980000099e-01 8.655462184869999742e-02
