3.972950126800000037e-01 1.783601014370000126e-01 2.020287404899999972e-01 2.223161453929999865e-01
3.076923076920000111e-01 3.305156382080000066e-01 1.166525781910000004e-01 2.451394759090000097e-01
4.065934065929999730e-01 1.158072696530000056e-01 1.234150464919999968e-01 3.541842772609999912e-01
1.098901098900000040e-02 8.453085376159999789e-03 9.754860524089999929e-01 5.071851225699999972e-03
2.113271344039999861e-02 9.264581572269999787e-01 1.690617075230000169e-02 3.550295857989999720e-02
9.061707523249999952e-01 3.634826711749999939e-02 3.127641589179999682e-02 2.620456466610000118e-02
4.395604395600000158e-02 8.757396449700000085e-01 4.733727810649999979e-02 3.296703296700000119e-02
1.225697379540000020e-01 3.381234150460000337e-02 5.883347421810000144e-01 2.552831783599999738e-01
8.030431107350000097e-02 4.142011834320000196e-02 4.057480980559999978e-02 8.377007607780000420e-01
4.818258664410000197e-02 1.690617075230000169e-02 9.264581572269999787e-01 8.453085376159999789e-03
1.690617075229999908e-03 6.551141166530000115e-01 3.381234150460000337e-02 3.093829247680000005e-01
1.377852916310000064e-01 3.085376162299999780e-01 4.725274725270000031e-01 8.114961961119999956e-02
