2.373862696440000031e-01 2.456575682380000014e-01 2.117452440029999883e-01 3.052109181139999738e-01
4.433416046320000081e-01 1.753515301899999934e-01 1.836228287839999918e-01 1.976840363940000067e-01
1.604631927209999864e-01 2.216708023160000041e-01 3.407775020680000044e-01 2.770885028949999773e-01
2.936311000829999740e-01 1.985111662529999987e-01 3.110008271299999905e-01 1.968569065340000090e-01
1.050454921419999993e-01 3.978494623659999951e-01 4.913151364760000028e-01 5.789909015720000156e-03
5.789909015720000156e-03 9.644334160459999694e-01 1.075268817199999914e-02 1.902398676589999935e-02
9.048800661700000525e-01 1.819685690650000090e-02 3.722084367249999665e-02 3.970223325060000252e-02
8.023159636059999655e-02 8.941273779980000169e-01 1.157981803139999932e-02 1.406120760959999987e-02
9.925558312659999577e-03 1.819685690650000090e-02 9.627791563280000409e-01 9.098428453270000077e-03
4.135649296940000288e-03 8.271298593880000577e-03 8.684863523569999466e-02 9.007444168729999978e-01
6.203473945409999912e-02 1.985111662530000126e-02 9.131513647640000508e-01 4.962779156329999788e-03
8.271298593880000143e-04 4.069478908190000133e-01 9.263854425140000126e-02 4.995864350700000012e-01
2.489660876760000086e-01 4.218362282879999925e-01 6.947890818860000262e-02 2.597187758480000164e-01
