9.524799999999998823e-01
9.982049999999998979e-01
8.814459999999999518e-01
8.967100000000000071e-01
4.997149999999999648e-01
9.490669999999999940e-01
9.743579999999999464e-01
9.972840000000000593e-01
8.567319999999999380e-01
9.868219999999999770e-01
6.404210000000000180e-01
8.776049999999999685e-01
8.685930000000000595e-01
9.957209999999999672e-01
9.903879999999999351e-01
8.879379999999998940e-01
9.541040000000000632e-01
8.213709999999999622e-01
7.740869999999999695e-01
7.685800000000000409e-01
7.185529999999999973e-01
9.960329999999999462e-01
9.932330000000000325e-01
7.914260000000000739e-01
6.062450000000000339e-01
6.836729999999999752e-01
8.726700000000000568e-01
7.356300000000000061e-01
9.001249999999999529e-01
8.623659999999999659e-01
9.976410000000000000e-01
9.954840000000000355e-01
9.044219999999999482e-01
7.161669999999999980e-01
9.415930000000000133e-01
9.731950000000000323e-01
9.277030000000000554e-01
9.762389999999999679e-01
6.534860000000000113e-01
9.734350000000000502e-01
6.091069999999999540e-01
9.936899999999999622e-01
9.209690000000000376e-01
7.821219999999999839e-01
9.864410000000000123e-01
8.348750000000000338e-01
8.818749999999999645e-01
7.940850000000000408e-01
9.952149999999999608e-01
9.961750000000000327e-01
7.158809999999999896e-01
6.737130000000000063e-01
9.898700000000000276e-01
9.132510000000000350e-01
7.418020000000000724e-01
7.017800000000000704e-01
8.007210000000000161e-01
9.901849999999999818e-01
9.585160000000000347e-01
7.965459999999999763e-01
9.928569999999999895e-01
9.249290000000001122e-01
6.640699999999999381e-01
9.158870000000001177e-01
6.387450000000000072e-01
8.122420000000000195e-01
9.020969999999999267e-01
9.942790000000001349e-01
6.802219999999999933e-01
6.820049999999999724e-01
9.634840000000000071e-01
9.664729999999999155e-01
6.773319999999999341e-01
9.967600000000000904e-01
8.676989999999999981e-01
9.970430000000000126e-01
8.029270000000000573e-01
9.867969999999999242e-01
6.252539999999999765e-01
9.572530000000000205e-01
9.806669999999999554e-01
6.956240000000000201e-01
7.570109999999999895e-01
9.306600000000000428e-01
9.897790000000000754e-01
6.611460000000000115e-01
8.987280000000000824e-01
6.857140000000000457e-01
8.246499999999999941e-01
9.988920000000000021e-01
9.678770000000000984e-01
8.010729999999999240e-01
7.231090000000000018e-01
9.948249999999999593e-01
8.471999999999999531e-01
9.160700000000000509e-01
7.379879999999999773e-01
8.398200000000001220e-01
8.098940000000000028e-01
6.993540000000000312e-01
7.188859999999999140e-01
9.966889999999999361e-01
9.992090000000000138e-01
9.864049999999999763e-01
9.659399999999999098e-01
9.958819999999999339e-01
9.938209999999999544e-01
7.344950000000000090e-01
9.852299999999999391e-01
7.120279999999999943e-01
9.867329999999999712e-01
9.748489999999999656e-01
6.738250000000000073e-01
9.901540000000000896e-01
7.887979999999999992e-01
9.909879999999998690e-01
8.903690000000000770e-01
9.151209999999999622e-01
5.189620000000000344e-01
9.981100000000000527e-01
9.902830000000000243e-01
9.873280000000000944e-01
6.004550000000000720e-01
6.907539999999999791e-01
9.388980000000000103e-01
8.331809999999999494e-01
9.676540000000001251e-01
9.949969999999999093e-01
7.664300000000000557e-01
7.829689999999999150e-01
9.857229999999999048e-01
9.909360000000000390e-01
9.938329999999999664e-01
9.966870000000001006e-01
7.475950000000000095e-01
9.000600000000000822e-01
6.706149999999999611e-01
8.584420000000000384e-01
6.104619999999999491e-01
9.110099999999999865e-01
8.547660000000000258e-01
7.197609999999999841e-01
9.978860000000000507e-01
9.398260000000000502e-01
8.300770000000000648e-01
8.831269999999999953e-01
9.700590000000000046e-01
8.152110000000000190e-01
9.866090000000000693e-01
9.971690000000000831e-01
9.123229999999999951e-01
7.444990000000000219e-01
7.469090000000000451e-01
9.918479999999999519e-01
9.723700000000000676e-01
9.095590000000000064e-01
6.984060000000000823e-01
7.061739999999999684e-01
6.376850000000000573e-01
9.839879999999999738e-01
9.871590000000000087e-01
7.521140000000000603e-01
7.936680000000000401e-01
9.901969999999998828e-01
9.958350000000000257e-01
7.256430000000000380e-01
9.976719999999998922e-01
8.810670000000000446e-01
7.919549999999999645e-01
9.295339999999999714e-01
6.336209999999999898e-01
9.638899999999999135e-01
9.974490000000000300e-01
9.962850000000000872e-01
9.921969999999998846e-01
8.556169999999999609e-01
6.882060000000000954e-01
9.858160000000000256e-01
9.809180000000000677e-01
9.810139999999999416e-01
9.927959999999999008e-01
9.954309999999999548e-01
9.466709999999999292e-01
6.629010000000000735e-01
9.952989999999999338e-01
8.305160000000000320e-01
6.719810000000000505e-01
6.880770000000000497e-01
9.377299999999999525e-01
9.935870000000001090e-01
9.745570000000000066e-01
9.385120000000001239e-01
6.671030000000000015e-01
9.023129999999999207e-01
9.819339999999999735e-01
6.772610000000000019e-01
9.958629999999999427e-01
9.747000000000000108e-01
9.544129999999999558e-01
9.831989999999999341e-01
9.868450000000000832e-01
9.944979999999999931e-01
6.798159999999999759e-01
9.996819999999999595e-01
9.630330000000000279e-01
7.086270000000000069e-01
9.903870000000001284e-01
9.475610000000000976e-01
7.149640000000000439e-01
6.705879999999999619e-01
9.995629999999998683e-01
9.868520000000000625e-01
9.515030000000000987e-01
9.934669999999999890e-01
6.563290000000000513e-01
9.584450000000001024e-01
9.929170000000000496e-01
6.043880000000000363e-01
9.700469999999998816e-01
6.518149999999999222e-01
9.844530000000000225e-01
8.147830000000000350e-01
7.693579999999999863e-01
9.365700000000001246e-01
9.891739999999999977e-01
9.248219999999999219e-01
6.673189999999999955e-01
9.249149999999999316e-01
8.882549999999999057e-01
9.028850000000000486e-01
9.943739999999999801e-01
6.338229999999999142e-01
8.631959999999999633e-01
9.001329999999999609e-01
9.941399999999999126e-01
9.190450000000001118e-01
8.200739999999999696e-01
7.250619999999999843e-01
9.943739999999999801e-01
9.948010000000000463e-01
6.284870000000000179e-01
7.126060000000000727e-01
7.672010000000000218e-01
6.663170000000000481e-01
9.931090000000000195e-01
8.064799999999999747e-01
9.932389999999999830e-01
8.692659999999999831e-01
8.775540000000000562e-01
9.970740000000000158e-01
8.790430000000000188e-01
6.690380000000000216e-01
8.738280000000000491e-01
9.980120000000001212e-01
9.816989999999999883e-01
9.863030000000000408e-01
8.865600000000000147e-01
9.980860000000000287e-01
9.921090000000000186e-01
7.401479999999999171e-01
6.504720000000000502e-01
7.079550000000000010e-01
9.937600000000000877e-01
7.973109999999999919e-01
7.382810000000000761e-01
9.253879999999998773e-01
9.916440000000000810e-01
9.419709999999998917e-01
9.934700000000000752e-01
7.533469999999999889e-01
9.708450000000000690e-01
9.891959999999999642e-01
8.351559999999998984e-01
9.807270000000000154e-01
7.359029999999999738e-01
9.949649999999999883e-01
6.654200000000000115e-01
7.310780000000000056e-01
9.714809999999999279e-01
8.844950000000000312e-01
9.864069999999999228e-01
6.782759999999999900e-01
9.130459999999999132e-01
6.206649999999999112e-01
9.403879999999998907e-01
8.347540000000001070e-01
9.975649999999999240e-01
8.792250000000000343e-01
7.229149999999999743e-01
9.967200000000000504e-01
9.778190000000001048e-01
8.231799999999999118e-01
9.898770000000000069e-01
9.463840000000000030e-01
9.968270000000000186e-01
7.253109999999999280e-01
9.638399999999999190e-01
6.643540000000000001e-01
6.409329999999999750e-01
9.584270000000000289e-01
7.216249999999999609e-01
9.167910000000000226e-01
8.867729999999999224e-01
9.884069999999999245e-01
9.185170000000000279e-01
8.422209999999998864e-01
7.794309999999999850e-01
7.388759999999999772e-01
9.895340000000000247e-01
9.548129999999999118e-01
9.230649999999999133e-01
9.964040000000000674e-01
9.993600000000000261e-01
8.538459999999998828e-01
9.904560000000000031e-01
9.770729999999999693e-01
9.959219999999999740e-01
7.006600000000000605e-01
8.144979999999999443e-01
9.891280000000001182e-01
5.970290000000000319e-01
8.918340000000000156e-01
6.587250000000000050e-01
8.508479999999999377e-01
9.902360000000000051e-01
9.975860000000000838e-01
9.929370000000000696e-01
7.074270000000000280e-01
9.926020000000000953e-01
9.570940000000000003e-01
9.933209999999998985e-01
9.982799999999999452e-01
9.939850000000000074e-01
7.542560000000000375e-01
8.061350000000000460e-01
9.638620000000001076e-01
6.234109999999999374e-01
9.888540000000001218e-01
9.840719999999999468e-01
7.673510000000000053e-01
9.358290000000001330e-01
9.941250000000000364e-01
8.150089999999999835e-01
6.912739999999999441e-01
9.662620000000000653e-01
9.796100000000000918e-01
8.699879999999998725e-01
9.896080000000000432e-01
9.884219999999999118e-01
9.950979999999999270e-01
6.446840000000000348e-01
9.968249999999999611e-01
9.860809999999999853e-01
7.851409999999999778e-01
9.516080000000000094e-01
6.281409999999999494e-01
8.973719999999999475e-01
9.907799999999998830e-01
7.184390000000000498e-01
9.815360000000000751e-01
9.968610000000001081e-01
9.953600000000000225e-01
9.588370000000000504e-01
9.607180000000000719e-01
6.976080000000000059e-01
9.964079999999999604e-01
8.979409999999999892e-01
9.884770000000000501e-01
9.000370000000000870e-01
9.528620000000000978e-01
6.711050000000000626e-01
9.824100000000000055e-01
7.556629999999999736e-01
7.354689999999999284e-01
9.649879999999999569e-01
9.166950000000000376e-01
7.382779999999999898e-01
8.094700000000000228e-01
9.339760000000000284e-01
9.905719999999998970e-01
8.493360000000000909e-01
6.909390000000000809e-01
9.931110000000000770e-01
8.849850000000000216e-01
9.864749999999999908e-01
9.829290000000000527e-01
7.387819999999999387e-01
7.553279999999999994e-01
9.798020000000000618e-01
9.922299999999999454e-01
9.907620000000000315e-01
8.852110000000000811e-01
8.584019999999999984e-01
9.604150000000000187e-01
5.735010000000000385e-01
9.933750000000000080e-01
7.079439999999999067e-01
8.879989999999999828e-01
8.981080000000000174e-01
8.102060000000000928e-01
6.580449999999999910e-01
8.791379999999999750e-01
8.288729999999999709e-01
9.937420000000000142e-01
9.030379999999998963e-01
8.550919999999999632e-01
6.402229999999999865e-01
7.754649999999999599e-01
9.929979999999999363e-01
9.765799999999998926e-01
6.803919999999999968e-01
9.530389999999999695e-01
6.952369999999999939e-01
9.933939999999999992e-01
9.939660000000000162e-01
9.883069999999999355e-01
9.934840000000000337e-01
9.478870000000000351e-01
9.916239999999999499e-01
7.032760000000000122e-01
6.985930000000000195e-01
9.945729999999999293e-01
9.931540000000000923e-01
5.895310000000000272e-01
8.610899999999999110e-01
8.862120000000001108e-01
9.766719999999999846e-01
9.571169999999999956e-01
9.875340000000000229e-01
8.929489999999999927e-01
6.141600000000000392e-01
6.240550000000000264e-01
8.632860000000001088e-01
6.939400000000000013e-01
8.597759999999999847e-01
8.930459999999998955e-01
9.932229999999999670e-01
9.960729999999999862e-01
9.007899999999999796e-01
9.073059999999999459e-01
9.982840000000000602e-01
7.913449999999999651e-01
9.083849999999999980e-01
7.808699999999999530e-01
7.987790000000000168e-01
6.628229999999999400e-01
6.104049999999999754e-01
9.124899999999999123e-01
5.843089999999999673e-01
9.718680000000000652e-01
9.001670000000000504e-01
9.923299999999999343e-01
9.767500000000000071e-01
9.844620000000000593e-01
7.559270000000000156e-01
9.875749999999999806e-01
9.699020000000000419e-01
9.586540000000001172e-01
9.052370000000000694e-01
9.937450000000001005e-01
7.668599999999999861e-01
9.968309999999999116e-01
6.998210000000000264e-01
8.040359999999999729e-01
9.975120000000000653e-01
9.912879999999999470e-01
7.764590000000000103e-01
6.473579999999999890e-01
9.747930000000000206e-01
9.274000000000000021e-01
9.957120000000000415e-01
9.584080000000000377e-01
9.977070000000000105e-01
9.937020000000000852e-01
9.953950000000000298e-01
8.204989999999999783e-01
6.734609999999999763e-01
9.968209999999999571e-01
9.703180000000000138e-01
8.677440000000000708e-01
9.986950000000001104e-01
9.938719999999999777e-01
9.283740000000000325e-01
7.003209999999999713e-01
9.507079999999999975e-01
6.685600000000000431e-01
9.915370000000001127e-01
6.577460000000000528e-01
6.865520000000000511e-01
9.913410000000000277e-01
9.818909999999999583e-01
8.785360000000000946e-01
8.137850000000000916e-01
9.153499999999999970e-01
9.949959999999998805e-01
9.173559999999999492e-01
8.573600000000000110e-01
9.858240000000000336e-01
9.955920000000000325e-01
9.921670000000000211e-01
9.270239999999999592e-01
9.493899999999999562e-01
9.092639999999999612e-01
7.571479999999999322e-01
