9.748889999999998945e-01
9.985680000000000112e-01
9.127499999999999503e-01
9.314620000000001232e-01
7.972270000000000190e-01
9.616280000000000383e-01
9.838110000000001021e-01
9.989200000000000301e-01
9.187400000000000011e-01
9.899690000000000989e-01
8.138870000000000271e-01
9.240249999999999853e-01
9.333759999999999835e-01
9.965490000000000181e-01
9.942409999999999304e-01
9.341389999999999416e-01
9.562589999999999701e-01
9.279340000000000366e-01
8.783069999999999489e-01
8.498829999999999441e-01
8.443459999999999299e-01
9.954430000000000778e-01
9.981559999999999322e-01
8.985670000000000046e-01
6.713779999999999193e-01
7.711180000000000812e-01
8.958599999999999897e-01
7.167020000000000612e-01
9.273479999999999501e-01
9.259819999999999718e-01
9.986760000000000081e-01
9.991049999999999098e-01
9.430860000000000909e-01
8.398160000000000069e-01
9.570309999999999651e-01
9.828600000000000669e-01
9.347929999999999851e-01
9.925389999999999491e-01
7.193199999999999594e-01
9.867389999999999217e-01
7.524399999999999977e-01
9.969360000000000444e-01
9.461559999999999970e-01
8.375360000000000582e-01
9.894659999999999567e-01
8.993590000000000195e-01
8.953860000000000152e-01
8.484559999999999880e-01
9.983410000000000339e-01
9.977229999999999155e-01
7.980869999999999909e-01
7.441479999999999206e-01
9.940160000000000107e-01
9.552299999999999125e-01
8.954469999999998819e-01
8.075660000000000061e-01
8.741379999999999706e-01
9.805799999999998962e-01
9.861040000000000916e-01
8.937239999999999629e-01
9.975110000000000365e-01
9.526940000000000408e-01
7.518299999999999983e-01
9.400260000000000282e-01
7.563419999999999588e-01
8.347849999999999993e-01
9.272350000000000314e-01
9.982739999999999947e-01
8.027170000000000138e-01
8.084819999999999229e-01
9.769559999999999356e-01
9.774749999999999828e-01
7.870390000000000441e-01
9.959339999999999860e-01
9.239450000000001273e-01
9.943280000000001007e-01
9.003610000000000779e-01
9.934739999999999682e-01
6.969959999999999489e-01
9.725469999999999393e-01
9.864040000000000585e-01
7.627040000000000486e-01
7.604989999999999251e-01
9.443329999999999780e-01
9.982309999999999794e-01
6.578030000000000266e-01
9.097669999999999924e-01
7.669030000000000014e-01
9.309870000000001200e-01
9.990909999999999513e-01
9.728120000000001211e-01
8.815790000000001125e-01
8.557749999999999524e-01
9.959950000000000747e-01
8.823360000000000092e-01
9.778719999999999635e-01
8.154270000000000129e-01
9.034959999999999658e-01
8.875350000000000739e-01
8.182970000000000521e-01
7.834189999999999765e-01
9.995879999999999210e-01
9.993379999999999486e-01
9.918040000000001299e-01
9.748250000000000526e-01
9.976169999999999760e-01
9.978479999999999572e-01
8.011629999999999585e-01
9.945639999999998926e-01
8.445549999999999446e-01
9.954059999999999020e-01
9.889200000000000212e-01
7.633520000000000305e-01
9.955659999999999510e-01
7.670379999999999976e-01
9.958679999999999755e-01
9.033680000000000598e-01
8.366370000000000751e-01
7.703210000000000335e-01
9.972270000000000856e-01
9.929950000000000720e-01
9.867730000000000112e-01
6.257159999999999389e-01
7.634400000000000075e-01
9.598790000000000378e-01
8.796799999999999065e-01
9.857479999999999576e-01
9.972569999999999490e-01
8.674950000000001271e-01
7.966180000000000483e-01
9.911030000000000673e-01
9.975829999999999975e-01
9.985180000000000167e-01
9.987549999999999484e-01
8.690700000000001202e-01
9.303540000000001253e-01
8.149119999999999697e-01
9.123740000000000183e-01
7.821600000000000774e-01
8.935219999999999274e-01
9.135489999999999444e-01
8.003329999999999611e-01
9.994819999999999816e-01
9.607110000000000927e-01
8.352569999999999162e-01
8.325110000000001120e-01
9.797010000000000440e-01
9.085579999999999767e-01
9.993319999999999981e-01
9.998979999999999535e-01
9.531100000000000128e-01
7.672459999999999836e-01
8.614399999999999835e-01
9.971999999999999753e-01
9.719160000000000021e-01
9.162080000000000224e-01
8.011209999999999720e-01
8.693330000000000224e-01
7.028240000000000043e-01
9.915410000000000057e-01
9.881790000000001406e-01
8.036569999999999547e-01
9.118889999999999496e-01
9.955299999999999150e-01
9.980080000000000062e-01
7.800439999999999596e-01
9.992969999999998798e-01
9.231650000000000134e-01
8.579419999999999824e-01
9.367940000000000156e-01
7.805290000000000283e-01
9.801010000000000000e-01
9.976629999999999665e-01
9.954450000000000243e-01
9.945629999999999749e-01
9.622469999999999635e-01
7.997029999999999417e-01
9.929690000000001016e-01
9.893860000000000987e-01
9.883610000000000451e-01
9.915290000000001047e-01
9.988270000000000204e-01
9.811530000000000529e-01
7.756290000000000129e-01
9.974129999999998830e-01
8.981209999999999471e-01
8.158720000000000416e-01
7.410809999999999897e-01
9.712290000000001200e-01
9.979360000000000452e-01
9.876179999999999959e-01
9.671639999999999127e-01
7.916760000000000463e-01
9.196170000000000178e-01
9.716420000000000057e-01
7.586600000000000010e-01
9.987099999999999866e-01
9.086530000000000440e-01
9.596409999999999663e-01
9.948040000000001326e-01
9.848799999999999777e-01
9.938580000000000192e-01
7.951110000000000122e-01
9.986639999999999961e-01
9.762700000000000822e-01
8.732889999999999819e-01
9.798319999999999252e-01
9.545389999999999153e-01
7.234779999999999545e-01
7.305689999999999129e-01
9.998709999999999543e-01
9.861900000000000110e-01
9.845729999999999205e-01
9.965530000000000221e-01
8.490129999999999066e-01
9.688100000000000600e-01
9.962969999999999882e-01
7.465249999999999941e-01
9.832790000000001251e-01
7.054819999999999425e-01
9.964190000000000547e-01
7.897350000000000758e-01
8.315730000000000066e-01
9.741980000000000084e-01
9.950299999999999701e-01
9.670549999999998869e-01
7.300069999999999615e-01
9.750170000000000226e-01
9.539400000000000102e-01
9.418280000000001095e-01
9.974420000000000508e-01
6.882610000000000117e-01
8.909120000000000372e-01
9.316030000000000699e-01
9.970610000000000861e-01
9.434399999999999453e-01
9.217009999999999925e-01
8.002779999999999339e-01
9.977889999999999260e-01
9.976589999999999625e-01
7.953160000000000229e-01
7.966349999999999820e-01
8.851580000000000004e-01
7.763640000000000541e-01
9.966570000000000151e-01
8.980370000000000852e-01
9.958590000000000497e-01
8.404299999999998994e-01
9.326090000000000213e-01
9.956799999999998985e-01
8.940290000000000736e-01
7.852670000000000483e-01
9.323649999999999993e-01
9.981520000000000392e-01
9.895639999999998881e-01
9.899590000000000334e-01
9.126940000000000053e-01
9.956430000000000557e-01
9.932919999999999527e-01
8.379040000000000932e-01
7.190900000000000070e-01
8.198719999999999342e-01
9.968030000000001056e-01
8.916690000000000449e-01
7.404560000000000031e-01
9.750079999999999858e-01
9.979479999999999462e-01
9.663840000000000208e-01
9.916299999999999004e-01
7.896989999999999288e-01
9.711100000000000287e-01
9.957770000000000232e-01
8.665719999999998979e-01
9.888819999999999277e-01
7.367989999999999817e-01
9.968259999999999899e-01
8.087459999999999649e-01
8.533659999999999579e-01
9.875430000000000597e-01
9.309549999999999770e-01
9.930250000000000465e-01
7.889260000000000161e-01
9.359389999999999654e-01
7.597159999999999469e-01
9.414969999999999173e-01
8.527809999999999002e-01
9.998160000000000380e-01
9.355310000000000015e-01
8.181640000000000024e-01
9.991830000000000434e-01
9.761929999999999774e-01
8.744770000000000598e-01
9.971469999999998945e-01
9.734340000000000215e-01
9.967000000000000304e-01
7.807410000000000183e-01
9.832180000000000364e-01
7.693220000000000613e-01
6.966550000000000242e-01
9.766679999999999806e-01
7.791130000000000555e-01
9.085739999999999927e-01
8.710370000000000612e-01
9.960430000000000117e-01
9.473969999999999336e-01
8.796010000000000773e-01
8.771639999999999437e-01
8.492589999999999861e-01
9.945190000000000419e-01
9.723629999999998663e-01
9.535909999999999664e-01
9.981160000000000032e-01
9.995729999999999338e-01
9.115600000000000369e-01
9.952459999999999640e-01
9.708660000000000068e-01
9.986079999999999401e-01
8.139850000000000696e-01
8.396909999999999652e-01
9.931079999999999908e-01
7.040380000000000527e-01
9.326680000000000526e-01
7.513520000000000199e-01
8.840750000000000552e-01
9.932260000000000533e-01
9.986219999999998986e-01
9.969080000000000163e-01
7.934729999999999839e-01
9.955440000000000955e-01
9.779329999999999412e-01
9.975749999999999895e-01
9.962809999999999722e-01
9.972059999999999258e-01
8.767010000000000636e-01
8.559149999999999814e-01
9.909379999999998745e-01
7.711970000000000214e-01
9.986370000000001079e-01
9.817309999999999093e-01
8.606799999999998896e-01
8.782040000000000957e-01
9.969989999999999686e-01
8.725760000000000183e-01
8.155029999999999779e-01
9.844659999999999522e-01
9.880760000000000653e-01
8.729069999999999885e-01
9.836989999999999901e-01
9.878930000000000211e-01
9.987149999999999084e-01
8.003819999999999268e-01
9.984299999999999287e-01
9.930290000000000505e-01
8.959169999999999634e-01
9.455049999999999288e-01
7.235610000000000097e-01
9.357459999999999667e-01
9.914979999999999905e-01
8.030100000000000016e-01
9.911459999999998605e-01
9.982270000000000865e-01
9.969020000000000659e-01
9.769740000000000091e-01
9.693190000000000417e-01
8.086320000000000174e-01
9.982760000000000522e-01
9.491940000000000932e-01
9.929069999999999840e-01
9.556549999999999212e-01
9.340389999999999526e-01
8.571639999999999260e-01
9.788930000000000131e-01
7.487560000000000882e-01
9.290260000000000185e-01
9.876370000000000982e-01
9.599889999999999812e-01
8.295799999999998731e-01
7.337749999999999551e-01
9.854249999999999954e-01
9.931639999999999358e-01
8.898249999999999771e-01
7.696569999999999245e-01
9.953370000000000273e-01
9.396670000000000300e-01
9.970559999999999423e-01
9.823659999999999615e-01
8.386329999999999618e-01
8.992110000000000936e-01
9.774340000000000250e-01
9.972110000000000696e-01
9.922549999999998871e-01
9.366860000000000186e-01
9.390379999999999283e-01
9.788950000000000706e-01
6.353760000000000518e-01
9.960049999999999182e-01
7.967090000000000005e-01
9.374850000000000128e-01
9.000299999999998857e-01
9.321200000000000596e-01
7.492560000000000331e-01
9.122689999999999966e-01
8.751830000000000442e-01
9.958139999999999770e-01
9.134379999999999722e-01
9.300700000000000633e-01
7.588329999999999798e-01
8.491170000000000107e-01
9.982059999999999267e-01
9.729600000000000470e-01
7.695950000000000291e-01
9.890069999999999695e-01
8.091869999999999896e-01
9.977749999999999675e-01
9.963739999999999819e-01
9.970080000000000053e-01
9.947909999999999808e-01
9.528489999999999460e-01
9.976099999999999968e-01
7.783579999999999943e-01
7.842120000000000202e-01
9.929819999999999203e-01
9.975479999999999903e-01
6.880479999999999929e-01
9.313979999999999482e-01
9.057159999999999656e-01
9.817580000000000195e-01
9.837940000000000573e-01
9.903999999999999471e-01
9.519700000000000939e-01
7.252870000000000150e-01
7.705569999999999364e-01
8.773729999999999585e-01
7.852299999999999836e-01
8.784799999999999276e-01
9.278489999999999238e-01
9.943079999999999696e-01
9.975139999999999008e-01
9.770120000000001026e-01
9.043459999999998722e-01
9.970799999999999663e-01
9.180350000000000454e-01
9.263100000000000778e-01
8.939500000000000224e-01
8.526530000000001053e-01
7.469640000000000724e-01
6.592319999999999292e-01
9.541059999999998986e-01
6.492959999999999843e-01
9.815049999999999608e-01
9.138500000000000512e-01
9.935690000000000355e-01
9.794519999999999893e-01
9.937889999999999224e-01
9.140120000000000466e-01
9.908629999999999383e-01
9.827569999999999917e-01
9.591950000000000198e-01
8.762200000000001099e-01
9.961040000000001005e-01
7.602689999999999726e-01
9.966059999999999919e-01
8.943170000000000286e-01
8.709360000000000435e-01
9.966430000000000566e-01
9.962600000000000344e-01
9.163430000000000186e-01
7.887790000000000079e-01
9.828620000000001244e-01
9.454049999999999399e-01
9.988610000000001099e-01
9.827100000000000835e-01
9.995990000000000153e-01
9.959879999999998734e-01
9.968229999999999036e-01
8.647129999999999539e-01
8.097409999999999330e-01
9.977819999999999467e-01
9.802110000000000545e-01
8.844830000000000192e-01
9.985729999999999329e-01
9.954430000000000778e-01
9.353239999999999332e-01
8.119970000000000798e-01
9.687559999999999505e-01
7.398970000000000269e-01
9.946679999999999966e-01
7.429850000000000065e-01
8.080760000000000165e-01
9.946059999999999901e-01
9.879979999999999318e-01
9.138990000000000169e-01
8.761559999999999349e-01
9.092520000000000602e-01
9.977209999999998580e-01
9.454299999999998816e-01
9.357229999999999714e-01
9.895410000000000039e-01
9.981469999999998954e-01
9.947940000000000671e-01
9.520120000000000804e-01
9.368819999999999926e-01
9.278309999999999613e-01
8.310250000000000137e-01
