9.858919999999999906e-01
9.994599999999999040e-01
9.261040000000000383e-01
9.622239999999998572e-01
8.464759999999998952e-01
9.791600000000000303e-01
9.896559999999999802e-01
9.994999999999999440e-01
9.456279999999999131e-01
9.916559999999999819e-01
8.594080000000000608e-01
9.593960000000000266e-01
9.516599999999999504e-01
9.990159999999999041e-01
9.957560000000000855e-01
9.491160000000000707e-01
9.689440000000000275e-01
9.441720000000000113e-01
9.381439999999999779e-01
9.206560000000000299e-01
8.948960000000000248e-01
9.962199999999999944e-01
9.989959999999999951e-01
9.184679999999999511e-01
8.168360000000000065e-01
8.338119999999998866e-01
9.053960000000000896e-01
7.426161895967990922e-01
9.491320000000000867e-01
9.683039999999999425e-01
9.990480000000000471e-01
9.995600000000000041e-01
9.583360000000000767e-01
8.951760000000000828e-01
9.730280000000000040e-01
9.899639999999999551e-01
9.411790166204986319e-01
9.962680000000000424e-01
8.035359999999999170e-01
9.877720000000000944e-01
8.057880000000001708e-01
9.977399999999999602e-01
9.658559999999999368e-01
9.017280000000000850e-01
9.971839999999999593e-01
9.219640000000000057e-01
9.380160000000001830e-01
9.065199999999999925e-01
9.987559999999999771e-01
9.979919999999999902e-01
8.502199999999999758e-01
8.478319999999999190e-01
9.956279999999999575e-01
9.664160000000001638e-01
9.267879999999999452e-01
8.702640000000000375e-01
9.415640000000000676e-01
9.872600000000000264e-01
9.915040000000000520e-01
9.365480000000000471e-01
9.971479999999999233e-01
9.721880000000000521e-01
8.303320000000000700e-01
9.667000000000001148e-01
8.444519999999999804e-01
8.893960000000000754e-01
9.508480000000001375e-01
9.992919999999999581e-01
8.605479999999998686e-01
8.727160000000000473e-01
9.889679999999999582e-01
9.841400000000000148e-01
8.269040000000000834e-01
9.980000000000001092e-01
9.476760000000000739e-01
9.996479999999999810e-01
9.267559999999999132e-01
9.964600000000000124e-01
7.376119999999999344e-01
9.794239999999999613e-01
9.928479999999999528e-01
8.347320000000000295e-01
8.137919999999999598e-01
9.637679999999999580e-01
9.994919999999999360e-01
8.237159999999998927e-01
9.343040000000000234e-01
8.282519999999999882e-01
9.480039999999999578e-01
9.994559999999999000e-01
9.797960000000001113e-01
9.179479999999999862e-01
8.560999999999999721e-01
9.988079999999999181e-01
9.027760000000000229e-01
9.840079999999999938e-01
8.777559999999999807e-01
9.309359999999999857e-01
9.110639999999999850e-01
8.663480000000000070e-01
8.536600000000000854e-01
9.996639999999999970e-01
9.994039999999999591e-01
9.929959999999999898e-01
9.715702479338843567e-01
9.993279999999999941e-01
9.984679999999999112e-01
8.452880000000000393e-01
9.971600000000000463e-01
9.154560000000000475e-01
9.955359999999999765e-01
9.947400000000000686e-01
8.442679999999999074e-01
9.971640000000000503e-01
7.882200000000000317e-01
9.970679999999999543e-01
9.331199999999999495e-01
9.430399999999999894e-01
8.417200000000000237e-01
9.987359999999999571e-01
9.973560000000000203e-01
9.895719999999998961e-01
6.969439999999998969e-01
8.969999999999999085e-01
9.697719999999999674e-01
9.335120000000000084e-01
9.921279999999998989e-01
9.982400000000000162e-01
8.950560000000000738e-01
9.093240000000000212e-01
9.940360000000000307e-01
9.991639999999999411e-01
9.993119999999999781e-01
9.981520000000000392e-01
8.953200000000000047e-01
9.598359999999999115e-01
8.509800000000000697e-01
9.198040000000000660e-01
8.187599999999999323e-01
9.364040000000001251e-01
9.516519999999999424e-01
8.574760000000000160e-01
9.995879999999999210e-01
9.748679999999999568e-01
8.358639999999999404e-01
9.249959999999999294e-01
9.845160000000000577e-01
9.154199999999999005e-01
9.994639999999999080e-01
1.000000000000000000e+00
9.699479999999999214e-01
8.284879999999998912e-01
9.090879999999998962e-01
9.968040000000000234e-01
9.888919999999999932e-01
9.587440000000000406e-01
8.643319999999999892e-01
8.919359999999999511e-01
8.009399999999999853e-01
9.922920000000000629e-01
9.925720000000000098e-01
8.583319999999999839e-01
9.513200000000000545e-01
9.959880000000000955e-01
9.986960000000000282e-01
8.248480000000000256e-01
9.998759999999999870e-01
9.392960000000001308e-01
9.068760000000000154e-01
9.479639999999999178e-01
8.413920000000001398e-01
9.908079999999999110e-01
9.975519999999999943e-01
9.970799999999999663e-01
9.957840000000000025e-01
9.785800000000000054e-01
8.550919999999999632e-01
9.965120000000000644e-01
9.926040000000000418e-01
9.921079999999999899e-01
9.956560000000000965e-01
9.994480000000001141e-01
9.879360000000000364e-01
8.684119999999999617e-01
9.983800000000000452e-01
9.417039999999999855e-01
8.659879999999999800e-01
7.969200000000000728e-01
9.757919999999998817e-01
9.981999999999999762e-01
9.930760000000000698e-01
9.796320000000000583e-01
8.688479999999998427e-01
9.585079999999999156e-01
9.846679999999999877e-01
8.095319999999999183e-01
9.995519999999999960e-01
9.535919999999999952e-01
9.708320000000000283e-01
9.975600000000000023e-01
9.876400000000000734e-01
9.980280000000000262e-01
8.370839999999999392e-01
9.988920000000000021e-01
9.859759999999999636e-01
9.168079999999999563e-01
9.918040000000001299e-01
9.598599999999999355e-01
8.025160000000000071e-01
8.211039999999999450e-01
1.000000000000000000e+00
9.880560000000000453e-01
9.927719999999999878e-01
9.990799999999999681e-01
9.204480000000000439e-01
9.806480000000000752e-01
9.971560000000000423e-01
8.012960000000001193e-01
9.892480000000001272e-01
7.717800000000000216e-01
9.973199999999999843e-01
8.443959999999999244e-01
8.702600000000000335e-01
9.877839999999999954e-01
9.949680000000000746e-01
9.723319999999999741e-01
8.221080000000000609e-01
9.818959999999999910e-01
9.698199999999999044e-01
9.634280000000000621e-01
9.991559999999998221e-01
7.363920000000000465e-01
9.417039999999999855e-01
9.523760000000000003e-01
9.939319999999999267e-01
9.589320000000000066e-01
9.540439999999998921e-01
8.544720000000000093e-01
9.987280000000000602e-01
9.976560000000000983e-01
8.417360000000000397e-01
8.481920000000000570e-01
9.203999999999999959e-01
8.671480000000000299e-01
9.989240000000000341e-01
9.307959999999999567e-01
9.985439999999998761e-01
9.400000000000000577e-01
9.478639999999999288e-01
9.982880000000000642e-01
9.358760000000000412e-01
8.470199999999999951e-01
9.528840000000000643e-01
9.994439999999999991e-01
9.956400000000000805e-01
9.913359999999998839e-01
9.420959999999999335e-01
9.953840000000000465e-01
9.963679999999999204e-01
8.624159999999999604e-01
7.870160000000000489e-01
8.769279999999998187e-01
9.952119999999999855e-01
9.284240000000000270e-01
8.961839999999999806e-01
9.755759999999998877e-01
9.973999999999999533e-01
9.734120000000000550e-01
9.965640000000000054e-01
8.378199999999998981e-01
9.829879999999999729e-01
9.975720000000001253e-01
8.969840000000001146e-01
9.934560000000000057e-01
8.040800000000000169e-01
9.986559999999999881e-01
8.634640000000000093e-01
8.979999999999999094e-01
9.935999999999999277e-01
9.537280000000000202e-01
9.960080000000000044e-01
8.468160000000000132e-01
9.497519999999999296e-01
8.283479999999998622e-01
9.547200000000000131e-01
9.257720000000000393e-01
9.998759999999999870e-01
9.699160000000000004e-01
8.607759999999999856e-01
9.996960000000000290e-01
9.800879999999999592e-01
9.369279999999999831e-01
9.990360000000000351e-01
9.780480000000000285e-01
9.986880000000000202e-01
8.520919999999999606e-01
9.853480000000000016e-01
8.203439999999999621e-01
7.644360000000001154e-01
9.749999999999999778e-01
8.584719999999997908e-01
9.399240000000000927e-01
9.174679999999999502e-01
9.977000000000000313e-01
9.668760000000000687e-01
9.262559999999998572e-01
9.185399999999999121e-01
8.971799999999998665e-01
9.969479999999999453e-01
9.898799999999999821e-01
9.709719999999999462e-01
9.982400000000000162e-01
9.998479999999999590e-01
9.475959999999999939e-01
9.983280000000001042e-01
9.762999999999999456e-01
9.988920000000000021e-01
8.583880000000001509e-01
8.744479999999998920e-01
9.962480000000000224e-01
7.918279999999999763e-01
9.492839999999997946e-01
8.262040000000000495e-01
9.438799999999999413e-01
9.966639999999999944e-01
9.990599999999999481e-01
9.977399999999999602e-01
8.487480000000000580e-01
9.986920000000000242e-01
9.889440000000000452e-01
9.986920000000000242e-01
9.974240000000000883e-01
9.982479999999999132e-01
9.119319999999999649e-01
9.052200000000000246e-01
9.887279999999999403e-01
8.559879999999999711e-01
9.991239999999999011e-01
9.862319999999999975e-01
8.998399999999999732e-01
9.457279999999999021e-01
9.985399999999999832e-01
9.208000000000000629e-01
8.725880000000000303e-01
9.934680000000000177e-01
9.941999999999999726e-01
9.231519999999999726e-01
9.875720000000000054e-01
9.928479999999998418e-01
9.994680000000000231e-01
8.308759999999998369e-01
9.980640000000000622e-01
9.943319999999999936e-01
9.400720000000000187e-01
9.464799999999999880e-01
7.925720000000000542e-01
9.460960000000000480e-01
9.946559999999999846e-01
8.397319999999999229e-01
9.947479999999999656e-01
9.982879999999999532e-01
9.991560000000000441e-01
9.818999999999998840e-01
9.743159999999999599e-01
8.636399999999999633e-01
9.990520000000000511e-01
9.694560000000000954e-01
9.961240000000001205e-01
9.644199999999999440e-01
9.696080000000000254e-01
9.076439999999998953e-01
9.872959999999999514e-01
8.193719999999999892e-01
9.470680000000000209e-01
9.909839999999999760e-01
9.715880000000000072e-01
8.829160000000000341e-01
8.137240000000000029e-01
9.891160000000001062e-01
9.934160000000000768e-01
9.237840000000000495e-01
8.275839999999999863e-01
9.981879999999999642e-01
9.459199999999999831e-01
9.966840000000000144e-01
9.927680000000000948e-01
8.901719999999999633e-01
9.494759999999999867e-01
9.833879999999999288e-01
9.981600000000000472e-01
9.959599999999999564e-01
9.486000000000001098e-01
9.603639999999998844e-01
9.818439999999999390e-01
7.291579999999999728e-01
9.986559999999999881e-01
8.183960000000000123e-01
9.596519999999999495e-01
9.502519999999999856e-01
9.573679999999999968e-01
8.206800000000000761e-01
9.532240000000000713e-01
9.145440000000000236e-01
9.986759999999998971e-01
9.263999999999998902e-01
9.451559999999998851e-01
8.438200000000000145e-01
9.019360000000000710e-01
9.991879999999999651e-01
9.857920000000000016e-01
8.461959999999999482e-01
9.936240000000000627e-01
8.559399999999999231e-01
9.992039999999999811e-01
9.991839999999999611e-01
9.979200000000000292e-01
9.959119999999999084e-01
9.652320000000000899e-01
9.975959999999999273e-01
8.409639999999999338e-01
8.505359999999999587e-01
9.984080000000000732e-01
9.992600000000000371e-01
7.579039999999999111e-01
9.404720000000000857e-01
9.423279999999999434e-01
9.921520000000000339e-01
9.904839999999999200e-01
9.933899999999999952e-01
9.582999999999999297e-01
8.090799999999999104e-01
8.477599999999999580e-01
9.113160000000000149e-01
8.237280000000000157e-01
9.245439999999999214e-01
9.612479999999998803e-01
9.977279999999999482e-01
9.988719999999999821e-01
9.904279999999999751e-01
9.480800000000000338e-01
9.980480000000000462e-01
9.422120000000000495e-01
9.427159999999999984e-01
9.119119999999999449e-01
9.111240000000000450e-01
7.981840000000000046e-01
7.541759999999999575e-01
9.569599999999999218e-01
7.455000000000000515e-01
9.836319999999999508e-01
9.409239999999999826e-01
9.991719999999998381e-01
9.917559999999999709e-01
9.973039999999999683e-01
9.377159999999998830e-01
9.951799999999999535e-01
9.941680000000000517e-01
9.654960000000001319e-01
9.592919999999999225e-01
9.979239999999999222e-01
8.238920000000000687e-01
9.983199999999998742e-01
9.098519999999999941e-01
8.995079999999999742e-01
9.973559999999999093e-01
9.976400000000000823e-01
9.466280000000000250e-01
8.477559999999999540e-01
9.868280000000000385e-01
9.533919999999999062e-01
9.986279999999999601e-01
9.867080000000000295e-01
9.989160000000000261e-01
9.989639999999999631e-01
9.977960000000000163e-01
8.907119999999999482e-01
8.632039999999999713e-01
9.995319999999999760e-01
9.842440000000000078e-01
9.463880000000000070e-01
9.991560000000000441e-01
9.978960000000000052e-01
9.585759999999999836e-01
8.429240000000000066e-01
9.818160000000000220e-01
8.177239999999998954e-01
9.953959999999999475e-01
8.324439999999999618e-01
8.577359999999999429e-01
9.964280000000000914e-01
9.954080000000000705e-01
9.396919999999999717e-01
9.379680000000000240e-01
9.253519999999999524e-01
9.979879999999999862e-01
9.635240000000001581e-01
9.639240000000000030e-01
9.920759999999999579e-01
9.979999999999999982e-01
9.979360000000000452e-01
9.519440000000000124e-01
9.780959999999999654e-01
9.551600000000001200e-01
9.246240000000000014e-01
