6.518850209446771515e-01
6.286236513739040799e-01
7.901976688629874790e-01
7.159523994711052275e-01
6.662518472427472194e-01
6.377737530417004752e-01
8.142534917054633503e-01
6.555683952043911411e-01
7.201413349037211198e-01
7.611751241680462243e-01
6.729074767497416065e-01
7.303081145346059788e-01
7.428804764497383140e-01
7.348748319425771891e-01
7.633807042300470025e-01
6.753297258858432794e-01
7.474860831787020210e-01
8.228646984966498934e-01
7.482194246602740240e-01
8.162424026933632337e-01
8.002311136790408730e-01
6.914743497149967721e-01
7.974199713330147876e-01
7.480194224380271040e-01
7.951643907154524182e-01
6.845909398993321737e-01
7.008411204568940622e-01
7.573750819453550776e-01
8.090923232480360383e-01
7.355526172513027205e-01
7.829253658373981350e-01
8.007422304692274340e-01
7.441527128079201692e-01
8.006644518272425515e-01
8.213646818297980490e-01
8.156868409648997398e-01
8.237202635584839339e-01
7.902087800975565735e-01
7.183190924343603179e-01
7.844198268869653212e-01
7.652862809586773452e-01
8.190091001011122751e-01
8.248647207191192043e-01
7.506472294136601331e-01
7.738308203424482112e-01
8.122868031867022109e-01
7.694863276258624429e-01
7.514305714507940603e-01
7.580750897232191310e-01
7.447860531783686566e-01
7.487416526850296794e-01
7.532750363892932732e-01
6.046733852598362713e-01
7.402082245358281298e-01
8.227980310892342164e-01
7.810642340470449474e-01
8.049533883709818483e-01
7.720641340459339919e-01
8.079867554083933756e-01
8.041367126301403045e-01
7.319081323125811167e-01
7.218857987310969282e-01
7.298858876209736168e-01
7.414749052767253268e-01
7.559972888587650486e-01
8.178757541750463211e-01
7.740141557128412675e-01
7.548417204635606836e-01
7.743030478116424975e-01
7.802975588617651059e-01
7.937310414560161398e-01
7.878365315170168248e-01
7.918310203446704554e-01
7.552861698463317897e-01
8.138423760264004159e-01
7.253969488549872890e-01
7.335025944732720404e-01
7.823753597262191883e-01
7.751308347870531357e-01
7.392526583628706849e-01
7.999199991111012320e-01
7.827309192324359843e-01
7.552861698463316786e-01
7.181968688540985024e-01
8.036867076300846513e-01
8.005200057778419920e-01
7.171746352737253805e-01
7.762864031822576116e-01
8.112979033100367054e-01
7.893309925665841220e-01
7.907865642951588114e-01
7.965199613329037032e-01
7.245691618795764288e-01
8.084089823220257376e-01
7.990977677529751411e-01
7.964199602217802987e-01
7.719530217002410488e-01
6.685407615640173162e-01
7.943643818264647383e-01
7.414860165112945323e-01
7.698974433049257104e-01
7.956199513327926187e-01
7.764641829353660096e-01
7.469416326848076215e-01
6.452905032278136721e-01
7.734363715152390295e-01
7.857865087389859227e-01
7.752919476883075589e-01
7.647418304647828347e-01
7.307414526828076573e-01
7.549639440438226101e-01
7.414860165112944212e-01
7.161190679896443090e-01
6.927632529250324911e-01
7.386859853998378744e-01
7.848531650351671107e-01
7.102967810753453293e-01
7.911199013322370854e-01
7.638195979955332282e-01
7.412304581162013628e-01
7.574417493527705325e-01
8.060200668896321252e-01
7.352415026833631906e-01
7.468249647218303533e-01
7.640751563906266197e-01
7.211080123112478812e-01
7.385970955232835644e-01
6.940188224313603715e-01
8.090756563961821746e-01
6.905632284803163712e-01
7.502138912654584546e-01
7.637473749708328929e-01
8.208535650396115990e-01
7.405193391037677708e-01
8.093701041122679518e-01
7.891087678751985690e-01
7.836198179979777523e-01
7.911421238013754964e-01
7.285636507072299484e-01
7.976533072589696571e-01
7.861198457760640856e-01
7.678418649096101500e-01
6.534517050189445619e-01
6.898632207024522067e-01
8.055978399759996522e-01
7.475805286725407672e-01
7.433749263880710112e-01
7.894198824431382100e-01
7.737974866387404838e-01
7.925754730608117749e-01
7.868642984922055161e-01
8.152757252858364723e-01
5.174224158046200062e-01
7.892198802208914010e-01
7.903532261469572440e-01
7.336525961399571472e-01
8.226202513361260404e-01
7.832087023189147068e-01
7.905421171346347364e-01
6.677685307614529275e-01
7.993866598517761490e-01
8.179979777553083586e-01
8.114645718285757869e-01
8.158979544217157542e-01
7.827642529361438228e-01
8.213424593606596380e-01
8.011200124445827520e-01
8.194757719530216811e-01
7.152301692241025410e-01
8.168979655329503542e-01
8.137757086189845168e-01
8.367092967699640838e-01
8.236535961510683679e-01
7.881976466405181680e-01
8.176646407182301957e-01
8.006200068889653965e-01
7.983866487405415491e-01
5.437949310547895987e-01
8.074311936799297706e-01
8.123979155323948209e-01
8.030755897287746858e-01
7.945588284314268890e-01
8.049867220746896868e-01
7.954199491105455877e-01
8.147646084956500223e-01
7.808197868865210944e-01
8.013422371359681939e-01
7.705196724408048814e-01
7.706641184902054409e-01
8.029422549139435539e-01
8.068200757786196942e-01
7.844309381215347488e-01
7.979533105923399816e-01
7.996977744197157900e-01
8.036755963955155568e-01
8.091534350381670571e-01
8.085423171368570916e-01
8.055089500994454532e-01
6.688685429838109320e-01
7.821531350348337464e-01
7.970977455305059411e-01
7.810309003433372199e-01
7.908198979988665389e-01
8.059533994822164482e-01
8.002088912099023510e-01
7.932977033078145723e-01
7.907087856531738179e-01
7.587306525628063625e-01
7.958643984933165827e-01
7.953866154068378602e-01
7.966421849131657407e-01
7.979533105923397596e-01
7.984088712096801821e-01
8.152423915821287448e-01
7.848864987388748382e-01
7.934643718263536538e-01
7.790531005900065420e-01
7.899198879987554545e-01
8.018422426915854384e-01
7.909532328136980039e-01
7.475638618206869035e-01
8.059978444204934922e-01
7.891976577517527680e-01
6.627906976744185608e-01
8.053533928154757993e-01
7.864865165168501981e-01
7.444804942277136739e-01
7.913532372581917329e-01
7.903087812086799779e-01
7.427304747830532072e-01
4.983166479627551548e-01
5.957566195179946344e-01
7.756641740463784407e-01
7.707307858976208959e-01
7.336192624362491976e-01
4.957499527772530334e-01
7.638640429338103832e-01
5.000000000000000000e-01
7.729974777497528038e-01
7.692752141690463175e-01
7.561195124390270861e-01
6.226958077311970374e-01
7.912976810853452614e-01
7.820086889854331869e-01
7.653862820698007496e-01
7.706307847864974914e-01
5.000000000000000000e-01
7.519639107101190323e-01
4.913387926532517547e-01
7.925310281225346198e-01
7.453527261414015781e-01
7.920532450360560084e-01
7.515972399693330308e-01
7.081523128034756809e-01
7.630862565139612252e-01
7.672751919465772286e-01
7.169412993477706220e-01
5.653118367981866399e-01
7.521639129323658413e-01
7.744308270091890822e-01
6.644629384770942560e-01
7.997199968888544230e-01
8.161646240513783512e-01
7.788419871331903055e-01
8.124256936188181122e-01
6.368959655107280238e-01
7.744197157746197657e-01
6.127345859398437566e-01
7.907421193568817674e-01
7.854920610229003675e-01
7.416082400915564588e-01
7.937254858387317036e-01
8.080423115812398471e-01
6.674685274280824920e-01
8.124645829398104979e-01
8.077089745441615731e-01
7.929088100978898268e-01
8.253758375093056543e-01
8.197202191135457561e-01
5.000000000000000000e-01
8.234202602251137204e-01
7.212469027433638935e-01
7.500083334259269874e-01
5.802231135901509962e-01
7.459305103390038161e-01
5.000000000000000000e-01
8.111534572606362570e-01
7.719974666385183149e-01
8.227869198546651219e-01
8.169757441749352367e-01
8.173201924465827162e-01
8.216535739285990569e-01
5.000000000000000000e-01
8.216313514594606460e-01
5.000000000000000000e-01
7.793031033678152752e-01
8.293869931888131486e-01
8.150646118290203468e-01
7.872531917021300396e-01
8.298203313370149381e-01
8.190979899776664741e-01
8.278203091145457382e-01
8.133757041744908989e-01
7.842420471338571453e-01
8.007088967655194844e-01
7.498972210802341554e-01
8.266091845464949017e-01
5.068389648773875544e-01
8.153868376315291933e-01
8.173757486194290767e-01
7.788197646640517835e-01
8.030922565806286606e-01
8.020200224446938364e-01
8.203091145457171995e-01
8.096201068900765740e-01
8.181646462738475512e-01
6.914965721841352941e-01
7.862476249736110034e-01
8.027533639262657283e-01
8.147312747919420728e-01
6.377848642762696807e-01
8.106756741741574235e-01
7.939088212091246488e-01
8.062422915810176782e-01
6.502738919321325861e-01
7.772030800342227819e-01
8.014533494816609149e-01
8.002200024444716675e-01
8.183535372615251546e-01
8.046089400993344798e-01
8.142201580017555118e-01
7.932643696041066228e-01
8.133645929399216934e-01
8.160757341748242633e-01
7.992977699752218390e-01
8.222869142990477664e-01
4.430549228324758837e-01
7.974421938021534206e-01
7.877143079367547873e-01
7.752086134290380182e-01
6.314292381026456180e-01
5.000000000000000000e-01
8.078534205935621326e-01
5.248891654351715008e-01
7.801197791086568190e-01
8.169646329403661422e-01
8.062534028155869947e-01
7.735530394782164088e-01
7.852087245413837957e-01
7.960032889254324839e-01
7.221969132990365692e-01
7.699418882432027544e-01
8.050867231858130912e-01
7.820920232447028386e-01
7.786808742319358823e-01
7.703863376259736384e-01
7.599139990444339077e-01
7.546528294758830802e-01
7.641973799708885462e-01
8.000644451605016805e-01
7.782308692318804511e-01
7.709752330581450819e-01
7.575861954021710920e-01
7.888643207146747161e-01
5.736897076634185355e-01
7.447082745363837741e-01
5.000000000000000000e-01
5.000000000000000000e-01
7.542306025622507182e-01
7.901087789864331690e-01
7.640529339214880977e-01
4.882332025911398921e-01
7.816642407137857074e-01
7.494416604628940659e-01
7.308970099667773113e-01
7.887198746652741566e-01
7.606306736741519359e-01
7.391304347826088694e-01
7.587917643529371592e-01
5.000000000000000000e-01
7.522750252780587843e-01
7.459305103390038161e-01
6.029178101978911464e-01
7.644862720696896652e-01
7.211302347803865143e-01
6.998966655185057117e-01
7.353415037944865951e-01
7.286303181146456254e-01
7.297636640407115793e-01
6.937299303325592525e-01
6.641296014400159820e-01
7.299858887320970213e-01
7.116856853965044527e-01
6.731741463794043145e-01
7.573195257725086060e-01
6.935521505794508546e-01
7.756419515772396966e-01
7.108190091001012068e-01
7.234747052745030826e-01
7.281525350281670139e-01
7.008077867531861127e-01
7.338859320659119057e-01
7.177079745330503524e-01
7.347970533005923066e-01
7.331192568806320642e-01
6.853520594673273569e-01
7.436527072523029247e-01
7.216302403360037587e-01
6.527072523028032425e-01
7.275525283614262539e-01
7.200857787308747593e-01
7.719419104656719544e-01
7.388082089800998009e-01
7.587306525628062515e-01
7.296747741641573803e-01
7.144968277425305381e-01
7.287414304603384574e-01
7.364415160168447105e-01
7.204080045333838278e-01
7.142301581128679411e-01
7.445749397215525311e-01
7.216746852742808027e-01
7.027522528028089521e-01
7.462082912032356186e-01
7.131301458905099366e-01
7.714974610829010704e-01
7.357859531772574790e-01
7.209968999655551603e-01
7.693529928110311999e-01
6.853853931710351954e-01
7.443971599684440221e-01
7.283192035467060954e-01
6.894632162579583667e-01
6.944299381104235280e-01
7.402971144123823288e-01
7.038855987288747951e-01
7.038855987288747951e-01
7.654529494772164266e-01
7.776641962688474186e-01
7.466638518205757080e-01
7.271080789786553700e-01
7.089856553961710883e-01
7.240969344103823646e-01
7.483416482405359504e-01
7.351303903376702475e-01
7.785864287380970250e-01
7.380970899676663199e-01
7.341748241647130246e-01
7.441860465116280077e-01
7.414749052767252158e-01
7.823086923188035113e-01
7.449416104623385326e-01
7.568639651551682945e-01
6.470183002033356168e-01
7.040078223091368326e-01
7.261747352748364470e-01
7.463416260180668615e-01
7.496638851542793969e-01
7.289636551517240104e-01
7.530972566361847642e-01
7.566639629329213745e-01
7.216746852742808027e-01
7.166524072489693920e-01
7.565861842909364920e-01
7.387637640418227569e-01
7.385970955232836754e-01
7.182190913232369134e-01
7.253747263858486560e-01
7.379748663874041714e-01
7.285969844109378979e-01
7.470527450305002315e-01
6.977188635429283359e-01
7.625751397237747753e-01
6.028178090867676309e-01
7.141968244091601026e-01
6.636740408226757815e-01
6.032289247658307874e-01
6.535294836609297775e-01
7.630751452793920198e-01
7.516972410804565463e-01
6.818520205780064236e-01
6.458849542772697738e-01
6.764186268736319674e-01
7.387637640418226459e-01
6.779519772441915393e-01
5.999622218024645015e-01
7.109523439149323387e-01
7.294303270036333053e-01
7.050633895932176820e-01
6.563850709452327958e-01
7.223858042867142837e-01
6.562739585995399638e-01
7.276191957688418199e-01
7.201968910765675913e-01
6.234624829164767679e-01
7.469082989810997830e-01
6.356848409426771873e-01
7.152857253969489015e-01
6.838853765041832400e-01
7.113967932977032227e-01
7.197524416937965963e-01
6.260847342748252498e-01
6.025066945188279899e-01
6.829853665040721555e-01
6.628518094645496905e-01
6.401404460049555656e-01
6.777186413182367808e-01
7.518416871298569948e-01
6.585295392171024442e-01
7.066411849020545199e-01
7.325970288558762977e-01
6.644296047733864174e-01
7.529528105867844268e-01
7.559083989822109606e-01
7.297192191024344243e-01
7.535750397226637087e-01
7.230524783608706096e-01
7.588306536739296559e-01
6.806520072445250147e-01
6.945632729252547710e-01
7.347970533005921956e-01
7.128634762608472286e-01
7.673751930577006330e-01
7.163190702118912290e-01
7.480416449071656260e-01
7.460416226846964260e-01
7.173079700885566234e-01
7.474083045367171385e-01
7.268858542872698170e-01
7.260191779908666820e-01
7.562528472538585511e-01
7.640751563906265087e-01
7.408637873754152503e-01
7.382193135479282464e-01
7.286080956455071034e-01
7.656307292303248246e-01
7.549861665129612431e-01
7.361081789797663255e-01
7.607640084889832899e-01
7.713085700952233559e-01
7.210191224346937933e-01
7.195635507061188818e-01
7.385193168812986819e-01
7.751197235524839302e-01
7.484972055245058264e-01
7.318414649051656617e-01
7.870198557761753921e-01
7.841309347881644243e-01
7.732974810831230172e-01
7.596417737974867634e-01
7.887087634307048400e-01
7.342748252758364291e-01
7.518861320681340388e-01
7.853420593562151497e-01
7.773530817009078886e-01
7.399526661407348493e-01
7.441416015733508527e-01
7.794197713307925435e-01
7.452638362648473791e-01
7.569861887354304431e-01
7.776197513305702635e-01
7.839753775041944373e-01
7.785086500961121425e-01
7.722863587373193228e-01
7.302192246580516688e-01
7.226191402126690422e-01
7.286080956455071034e-01
7.506638962655141079e-01
7.605084500938900094e-01
7.631307014522383803e-01
7.696307736752631135e-01
8.100645562728473470e-01
7.892087689863220845e-01
7.672196357737307570e-01
7.551195013277924861e-01
7.838975988622094437e-01
7.760641784908721696e-01
7.591084345381615694e-01
7.710419004655607589e-01
7.582417582417583235e-01
7.984755386170956371e-01
7.513416815742398613e-01
7.814420160224002654e-01
7.657862865142945896e-01
7.745974955277280527e-01
7.291858798431093414e-01
7.562861809575662786e-01
7.868087423193591556e-01
7.197079967555195523e-01
7.615417949088323368e-01
7.663751819464661441e-01
7.834309270103001488e-01
7.535305947843864427e-01
7.652307247858309847e-01
7.387748752763920734e-01
7.088245424949166651e-01
7.615195724396937038e-01
6.854631718130201889e-01
7.040300447782753546e-01
7.713530150335002888e-01
7.466416293514371860e-01
7.198746652740585228e-01
7.080300892232136434e-01
7.596417737974867634e-01
6.929521439127102056e-01
7.340081556461739432e-01
7.192079911999021968e-01
6.859187324303602784e-01
6.989744330492559943e-01
7.642973810820121727e-01
7.401193346592740419e-01
7.659196213291258326e-01
7.440416004622273372e-01
7.640640451560571922e-01
6.655851731685907824e-01
7.616306847853865358e-01
7.262858476205291680e-01
7.078967544083824004e-01
7.224858053978377992e-01
7.400860009555660923e-01
7.323636929299215392e-01
7.388748763875154779e-01
7.359192879920887220e-01
7.080745341614906874e-01
7.123190257669528291e-01
7.058300647784975235e-01
6.844076045289391175e-01
7.216080178668652367e-01
6.464738497094411063e-01
7.542306025622507182e-01
7.434082600917788497e-01
6.227402526694740814e-01
7.033300370004111901e-01
7.046967188524316805e-01
6.924521383570927391e-01
7.064856276180846439e-01
7.172857476194179904e-01
7.340526005844509871e-01
7.098189979888664958e-01
7.211635684840942417e-01
7.799086656518405825e-01
7.832198135534839123e-01
7.891532128134757240e-01
7.773086367626307336e-01
7.525639173768596812e-01
7.534194824386939437e-01
7.675863065145167585e-01
7.217302414471271632e-01
7.431971466349626132e-01
7.518083534261492673e-01
7.587862087356527230e-01
7.201857798419982748e-01
7.493527705863397559e-01
5.000000000000000000e-01
7.812642362692916453e-01
7.253080589784330900e-01
5.452893921043568959e-01
7.714530161446238044e-01
7.793419926888076610e-01
7.985310947899421086e-01
7.300970010777896313e-01
7.408526761408459338e-01
7.215524616940187652e-01
7.534639273769709877e-01
7.825642507138967918e-01
7.545972733030366086e-01
5.762564028489205459e-01
7.744197157746197657e-01
7.816975744174935459e-01
7.344526050289448271e-01
7.926865854065046069e-01
7.335859287325414702e-01
7.598973321925800439e-01
7.712752363915155174e-01
7.565084056489517206e-01
7.774308603428927711e-01
7.549639440438227211e-01
7.456082845364948586e-01
7.508527872531917113e-01
7.620195779953110593e-01
7.865309614551272421e-01
7.658307314525717446e-01
7.931088123201369688e-01
7.841642684918721518e-01
7.243636040400449616e-01
7.846753852820587127e-01
7.927532528139201728e-01
7.796753297258859350e-01
8.004422271358569985e-01
7.739752663918487707e-01
7.740086000955566092e-01
7.759308436760408156e-01
7.802142246024955652e-01
7.764419604662273766e-01
7.799753330592562595e-01
7.802308914543494289e-01
7.483527594751052670e-01
7.835642618251313918e-01
7.863198479983111167e-01
7.877420860231780786e-01
7.809531217013521154e-01
7.771086345403838136e-01
7.513305703396703228e-01
7.723308036755962558e-01
7.641307125634728692e-01
7.769530772564139376e-01
7.865865176279736026e-01
8.007755641729352725e-01
7.619195768841875438e-01
7.714307936754851713e-01
7.684085378726430715e-01
7.709752330581450819e-01
7.828531428126979108e-01
7.555861731797017811e-01
7.402637807086744903e-01
7.917865754063933004e-01
7.872865254058378781e-01
7.878976433071479546e-01
8.005088945432727865e-01
7.952755030611451392e-01
7.697863309592328784e-01
7.600640007111189034e-01
7.766752963921821351e-01
7.800531117012411420e-01
7.842976033067033947e-01
7.716085734285936804e-01
7.746086067622973692e-01
7.648862765141835052e-01
7.717530194779942398e-01
7.591306570073000914e-01
7.833309258991767443e-01
7.487083189813220629e-01
7.567195191057678461e-01
7.282747586084289404e-01
7.706752297247747574e-01
7.440971566350738087e-01
7.615306836742630203e-01
7.589084323159147605e-01
7.439749330548117712e-01
7.218302425582507897e-01
7.422082467582973297e-01
7.369526328070312715e-01
7.834309270103001488e-01
7.586417626862520525e-01
7.837753752819476283e-01
7.471638573761930635e-01
7.716307958977323134e-01
7.796753297258857129e-01
7.653862820698008607e-01
7.702307803420038734e-01
6.743519372437472015e-01
7.592084356492850850e-01
7.115745730508117317e-01
6.548739430438115239e-01
6.744852720585784445e-01
6.780075334170380108e-01
6.864742941588239944e-01
7.342081578684207521e-01
7.143301592239914566e-01
6.891854353937265643e-01
7.692752141690464285e-01
6.941966021844687695e-01
7.524083600928899163e-01
7.231302570028556032e-01
6.644851609462326669e-01
6.289847664974055341e-01
7.568306314514605670e-01
6.116845742730474544e-01
6.885854287269859153e-01
6.882409804553384358e-01
6.704852276136401557e-01
6.418182424249159190e-01
6.904076711963466062e-01
7.063411815686840844e-01
6.376848631651462762e-01
7.054411715685730000e-01
5.898398871098567975e-01
6.689852109467883112e-01
5.186390959899553899e-01
6.911965688507649697e-01
7.030744786053177986e-01
6.652073911932355754e-01
6.518961321792464680e-01
6.462405137834865698e-01
7.173524150268337785e-01
7.071745241613793809e-01
6.753019477994199882e-01
5.716619073545261553e-01
6.933521483572039346e-01
7.072856365070723239e-01
6.911187902087800872e-01
6.088178757541750086e-01
6.615073500816675001e-01
6.625962510694564100e-01
6.508183424260269856e-01
6.353626151401681188e-01
6.057956199513327977e-01
6.546406071178569874e-01
7.138745986066512561e-01
7.144634940388225885e-01
6.585295392171024442e-01
6.004733385926510625e-01
6.350181668685206393e-01
6.558961766241846458e-01
6.085623173590817281e-01
6.805742286025400212e-01
6.926410293447704536e-01
6.717741308236757636e-01
6.770630784786497713e-01
6.991744352715030253e-01
6.861854020600228754e-01
6.968077423082479349e-01
5.870731897021077561e-01
7.304081156457293833e-01
7.086189846553849758e-01
6.819409104545606226e-01
6.850409448993877159e-01
6.672296358848431863e-01
6.575073056367293223e-01
5.934954832831476068e-01
6.349292769919665513e-01
6.007511194568828650e-01
5.872843031589241036e-01
5.924510272336358518e-01
6.642518250202780195e-01
6.879298658873986838e-01
6.504405604506716676e-01
6.617629084767608916e-01
6.643073811931243799e-01
7.134968166312958271e-01
6.832742586028732745e-01
7.213302370026333232e-01
6.878965321836909563e-01
6.077734197046633646e-01
6.555628395871064829e-01
6.194513272369692736e-01
5.032722585806508331e-01
7.223302481138678122e-01
6.623962488472094901e-01
6.904298936654851282e-01
5.179168657429527034e-01
6.900743341592685542e-01
6.681629795886621093e-01
5.106056733963710847e-01
6.714630162557362336e-01
5.386726519183546724e-01
6.345626062511805499e-01
5.934288158757319298e-01
6.152623918043533813e-01
6.968855209502328174e-01
6.115067945199390564e-01
6.592962144023821747e-01
5.877176413071256711e-01
6.368292981033123468e-01
6.324403604484494235e-01
5.039722663585151086e-01
6.356737297081078708e-01
6.367292969921888313e-01
6.020066889632107454e-01
5.849064989610994747e-01
6.066289625440284272e-01
6.644740497116634614e-01
6.263180702007800082e-01
5.615951288347649228e-01
5.069056322848031204e-01
6.165068500761119452e-01
6.172068578539762207e-01
6.099289992111023295e-01
6.101956688407648155e-01
6.131512572361914604e-01
5.821286903187813389e-01
6.353070589673218693e-01
5.917621306903410039e-01
6.048289425438060363e-01
5.637284858720652547e-01
5.910399004433383174e-01
6.068067422971366032e-01
5.036944854942833061e-01
5.676174179713108225e-01
6.142179357548417373e-01
4.950721674685273910e-01
5.366615184613161560e-01
5.301892243247147141e-01
5.392393248813875939e-01
5.255502838920432795e-01
5.714507938977099188e-01
5.117390193224369277e-01
5.360615117945755070e-01
5.351392793253257896e-01
5.420393559928443628e-01
4.835387059856220970e-01
5.958621762464026972e-01
5.919954666162957624e-01
5.538172646362736762e-01
5.443060478449760486e-01
5.377393082145357495e-01
6.767630751452793358e-01
6.823075811953467351e-01
6.899409993444372002e-01
6.887965421838020408e-01
6.978299758886210569e-01
7.052078356426182415e-01
7.074634162601807219e-01
6.655962844031599879e-01
6.991188790986566648e-01
6.591295458838430932e-01
7.187746530517006294e-01
6.957077300858898194e-01
6.742297136634851640e-01
7.170857453971710704e-01
7.163190702118911179e-01
6.855409504550050714e-01
7.133301481127569676e-01
6.709852331692574001e-01
7.005300058889543102e-01
7.101634462605138642e-01
6.919743552706141276e-01
7.147523861376237075e-01
7.188746541628241449e-01
6.758741763797375679e-01
7.112634584828720907e-01
7.022855809508994351e-01
7.339970444116046266e-01
6.918965766286291341e-01
7.078967544083822894e-01
6.849298325536951060e-01
6.936077067522972150e-01
6.991299903332258703e-01
7.275414171268570485e-01
6.388293203257814357e-01
5.975621951355015726e-01
7.011633462594029087e-01
7.130079223102478991e-01
6.931965910732341696e-01
6.764630718119091224e-01
7.111967910754565247e-01
6.462294025489172533e-01
7.045078278647540770e-01
7.033855931732574396e-01
6.845742730474781990e-01
7.115301281125345767e-01
7.047300525561395190e-01
6.800520005777841437e-01
7.088745430504783673e-01
6.793631040344892957e-01
5.878731985910954361e-01
6.622406915632397251e-01
6.821853576150846976e-01
6.401848909432327206e-01
6.504961166235181391e-01
6.949521661351792945e-01
6.610962344026045656e-01
6.450016111290126641e-01
6.320848009422326275e-01
6.904965610729008052e-01
6.743630484783162959e-01
6.651185013166813764e-01
6.795075500838898552e-01
6.658407315636840629e-01
6.621406904521160985e-01
6.513294592162135466e-01
6.931965910732340586e-01
6.522183579817553145e-01
6.111401237791531660e-01
6.858520650229447124e-01
6.691741019344660257e-01
6.538294869942998799e-01
6.300514450160557001e-01
6.810297892198802217e-01
6.313736819297991465e-01
6.778075311947910908e-01
7.057411749019433245e-01
6.539405993399927119e-01
6.474183046478294568e-01
6.325292503250035114e-01
6.640851565017389380e-01
5.071167457416193569e-01
6.817075745286058641e-01
5.757952866142956871e-01
5.851953910599007047e-01
6.437071523016921759e-01
5.415504616717964348e-01
6.438404871165235299e-01
6.402182246469405591e-01
6.554739497105523949e-01
5.813842376026400194e-01
6.247291636573739648e-01
6.688629873665262737e-01
6.472071911910132203e-01
5.921288014311270054e-01
5.356615073500816671e-01
6.298514427938088911e-01
6.443738263758486129e-01
6.198068867431860696e-01
6.063067367415193587e-01
5.731063678485316393e-01
6.078178646429406307e-01
6.104512272358582070e-01
6.396293292147690046e-01
6.276069734108156162e-01
6.540183779819775944e-01
6.596739963777376037e-01
5.199057767308525868e-01
5.449504994499938526e-01
6.682518694652161972e-01
5.806508961210681274e-01
6.387848753875042807e-01
6.176401960021777882e-01
6.006622295803286660e-01
5.688952099467772250e-01
5.011055678396426627e-01
5.644618273536372577e-01
5.950843898265536502e-01
6.249180546450515683e-01
5.403060034000377598e-01
6.196735519283547156e-01
6.376181957577307102e-01
5.796508850098334165e-01
6.229069211880131629e-01
5.851176124179157112e-01
5.769952999477772071e-01
5.953732819253547692e-01
6.269736330403670177e-01
6.100401115567950505e-01
6.964188490983234114e-01
7.166524072489695030e-01
6.989188768764097448e-01
6.922299136657074081e-01
7.050300558895099545e-01
6.921410237891532091e-01
6.986744297158857808e-01
7.226524739163768807e-01
7.032633695929955131e-01
7.160524005822287430e-01
6.846187179857552429e-01
7.222524694718830407e-01
6.647962755141723079e-01
6.815853509483438266e-01
6.876965299614441474e-01
7.243191591017679176e-01
7.076856409515661639e-01
6.976077511972356149e-01
6.883520928010311568e-01
7.058189535439283180e-01
7.088300981122013233e-01
6.996633295925511753e-01
6.743297147746085685e-01
7.023300258891764791e-01
7.014522383582040277e-01
7.216857965088501192e-01
6.981744241602685364e-01
7.081356459516217061e-01
6.969410771230791779e-01
6.914854609495660887e-01
7.158857320636896615e-01
7.139745997177746606e-01
7.310747897198857093e-01
7.065634062600696375e-01
7.059745108278980830e-01
6.474738608206758173e-01
7.252413915710174130e-01
7.304858942877143768e-01
7.079523105812286499e-01
7.009300103334482612e-01
7.157523972488584185e-01
7.337081523128035077e-01
7.048744986055399675e-01
7.352081689796553521e-01
7.034855942843808441e-01
7.194524383604262718e-01
7.271080789786552590e-01
7.054189490994344780e-01
7.202080023111367968e-01
7.097523305814510408e-01
6.676740852676140703e-01
7.010411226791408712e-01
6.466405182279802988e-01
7.275525283614262539e-01
7.464749608328982156e-01
6.716630184779831536e-01
7.220858009533439592e-01
7.026411404571162311e-01
7.270858565095168480e-01
6.867187413193480694e-01
6.924521383570928501e-01
7.063522928032534010e-01
7.093967710752342448e-01
7.113856820631340172e-01
6.796853298369981422e-01
6.825520283558705881e-01
6.821964688496537921e-01
7.031189235435948426e-01
6.822520250225002636e-01
7.116967966310736582e-01
6.712407915643507916e-01
6.797853309481216577e-01
6.509183435371503901e-01
6.736741519350215590e-01
6.663296258847319908e-01
6.834298158868431505e-01
6.351181679796442658e-01
6.863187368748542294e-01
6.784519827998088948e-01
6.703852265025167512e-01
6.738185979844221185e-01
5.932621473571928483e-01
7.013744597162190342e-01
6.650629451438349049e-01
6.404293381037566846e-01
6.639184879831998565e-01
6.293958821764686906e-01
6.929188102090022561e-01
6.741963799597774365e-01
6.484516494627718952e-01
6.319736885965399065e-01
6.433738152646140129e-01
6.050956121734686333e-01
6.924743608262314831e-01
6.407848976099734806e-01
6.158957321748019798e-01
6.718519094656607571e-01
6.022511361237345984e-01
6.915132390359892689e-01
6.181179790886566217e-01
6.250958343981599663e-01
4.605495616617962251e-01
6.113067922976922475e-01
6.591295458838430932e-01
6.205624506938965945e-01
6.597851087234303247e-01
6.350848342759363163e-01
6.892743252702807633e-01
6.020733563706264224e-01
6.024400271114123129e-01
6.318847987199858185e-01
6.134623718041312124e-01
6.135957066189624554e-01
5.897954421715796425e-01
5.762397359970665711e-01
5.806731185902065384e-01
6.059289547661640407e-01
4.687163190702118842e-01
4.835442616029067553e-01
6.618962432915921346e-01
5.821953577261969048e-01
6.023511372348582249e-01
5.334170379670885032e-01
5.860065111834575902e-01
5.888176535294836755e-01
5.859287325414727077e-01
5.075556395071056937e-01
6.208846764964055520e-01
7.265858509538994925e-01
7.845309392326582643e-01
7.552750586117623621e-01
7.325970288558761867e-01
6.753297258858432794e-01
6.257847309414549253e-01
7.317747974977499847e-01
7.383526483627594894e-01
7.450305003388926206e-01
7.485083167590750319e-01
7.938754875054168103e-01
7.494083267591862274e-01
7.434860387337636212e-01
7.708863431815909939e-01
7.274580828675873967e-01
7.674640829342547210e-01
7.549417215746841991e-01
7.298414426826964618e-01
7.423971377459749332e-01
7.261914021266903108e-01
6.938299314436826570e-01
8.007811197902199307e-01
7.284192046578294999e-01
7.528083645373838673e-01
6.349292769919665513e-01
7.834753719485773038e-01
6.744463827375859477e-01
7.382137579306435882e-01
7.604640051556129654e-01
7.693141034900388142e-01
7.587639862665140900e-01
7.078634207046745619e-01
8.044644940499339203e-01
8.221091345459394795e-01
7.776308625651396911e-01
7.481638684874276635e-01
7.841864909610105627e-01
7.699529994777719599e-01
7.285636507072301704e-01
8.076700852231690764e-01
7.645307170079667092e-01
8.088534317047967326e-01
7.821642462694030629e-01
7.120634673718596597e-01
7.729919221324681455e-01
7.721419126879187633e-01
8.003977821975800655e-01
7.431638129312547747e-01
7.925421393571039363e-01
7.222858031755907682e-01
7.682252025022500153e-01
5.964066267402970967e-01
7.689918776875299677e-01
7.773641929354770941e-01
7.585973177479751195e-01
8.062978477538639277e-01
8.055867287414304467e-01
8.158423982488696158e-01
7.149079434215935835e-01
8.043867154079490378e-01
7.710085667618530314e-01
7.782419804664497676e-01
7.281858687318747414e-01
7.822309136768186288e-01
7.433027033633707870e-01
7.541194902165579972e-01
8.112867920754675000e-01
7.942310470116336063e-01
7.682974255269502395e-01
8.144646051622794758e-01
7.929865887398749313e-01
6.959632884809830999e-01
7.280303114479050874e-01
7.504972277469749153e-01
7.705530061445127199e-01
7.647196079956444237e-01
7.822309136768186288e-01
7.975644173824154581e-01
7.833087034300381113e-01
7.485972066356293420e-01
7.200635562617363483e-01
7.832753697263302728e-01
7.244858276203069991e-01
7.584917610195668347e-01
7.809420104667830209e-01
7.851865020722452737e-01
8.128868098534427489e-01
7.825531394793275863e-01
7.667640751563906676e-01
7.894754386159845705e-01
7.944643829375883648e-01
8.182979810886787941e-01
6.873743041589350788e-01
7.241302681140900921e-01
7.986422071356349406e-01
7.483083145368282230e-01
7.638862654029490162e-01
8.072534139268214837e-01
7.023800264447381814e-01
7.410526783630930758e-01
7.495861065122946254e-01
7.264969610773452935e-01
7.479305325614729050e-01
7.401693352148357441e-01
7.751641684907610852e-01
7.305636729296992593e-01
7.689752108356759930e-01
5.000000000000000000e-01
6.777075300836675753e-01
7.520083556483960763e-01
7.512750141668240733e-01
7.297969977444194178e-01
7.570750786119846421e-01
6.325959177324192995e-01
4.875443060478449331e-01
7.808086756519516669e-01
7.624029155879509245e-01
6.613295703285592131e-01
7.747530528116979287e-01
7.865642951588351917e-01
7.594639940443782544e-01
7.985088723208034756e-01
7.496861076234180299e-01
6.780519783553150548e-01
6.911743463816264477e-01
7.184857609528995104e-01
7.626418071311903413e-01
7.689140990455449742e-01
7.376081956466182810e-01
7.689974333048144040e-01
7.548972766364071552e-01
7.491861020678007854e-01
5.192835475949733048e-01
7.007411193457704357e-01
7.417971310792341733e-01
5.000000000000000000e-01
7.159746219402438605e-01
6.702018911321236949e-01
7.663862931810354606e-01
7.831198124423605078e-01
7.410193446593851263e-01
7.425860287336526477e-01
5.518561317347969730e-01
7.799086656518405825e-01
7.131857020633562971e-01
7.617195746619407348e-01
8.113312370137445440e-01
7.531750352781696467e-01
7.752419471327458567e-01
5.000000000000000000e-01
7.463082923143589120e-01
6.544406048956099564e-01
7.921643573817487294e-01
4.961110679007544322e-01
6.561628462538472428e-01
7.432638140423781792e-01
7.865531839242658751e-01
7.899532217024634040e-01
8.213980155335058875e-01
7.861087345414948802e-01
7.015522394693274322e-01
7.809753441704908594e-01
5.943399371104123308e-01
7.208080089778775568e-01
7.705196724408048814e-01
7.549306103401147716e-01
7.723419149101656833e-01
7.759586217624639959e-01
8.233424815831287269e-01
7.744308270091890822e-01
8.176090845453838352e-01
8.264647384970943422e-01
8.190202113356814806e-01
7.708641207124523609e-01
7.881754241713796461e-01
8.039589328770320176e-01
5.727174746386071158e-01
6.618962432915922456e-01
7.676751963910710685e-01
7.651196124401382637e-01
6.702074467494082421e-01
7.828086978744208668e-01
8.058756208402314547e-01
7.995755508394537525e-01
6.169068545206057852e-01
8.067534083712041282e-01
8.119201324459160984e-01
8.105312281247569750e-01
7.979977555306170256e-01
5.702452249469438517e-01
8.078867542972699711e-01
8.082534250380560836e-01
8.162646251625018667e-01
7.938865987399860158e-01
5.787786530961455123e-01
8.069978555317282032e-01
5.000000000000000000e-01
7.907810086778741532e-01
7.787864309603440560e-01
7.699974444160491149e-01
8.036422626918078294e-01
7.482083134257047075e-01
6.004177824198047020e-01
7.758752875031945662e-01
7.613862376248623498e-01
6.629073656373960510e-01
7.388193202146690064e-01
8.077200857787308896e-01
7.791308792319915355e-01
8.017200191113236230e-01
7.284525383615373384e-01
7.689863220702450874e-01
7.624862498472204653e-01
7.911865687396524294e-01
8.123312481249791439e-01
7.958421760241779497e-01
7.957643973821931782e-01
7.860087334303713646e-01
7.704752275025278374e-01
7.822753586150956728e-01
7.754419493549928877e-01
4.926999188879876979e-01
7.924199157768421209e-01
7.755086167624085647e-01
8.089089878776430931e-01
7.862531805908954397e-01
7.968755208391204992e-01
7.766752963921821351e-01
7.338970433004811111e-01
5.155057278414204580e-01
8.032867031855909223e-01
6.113790153223924717e-01
6.960077334192601439e-01
5.000000000000000000e-01
7.739641551572794542e-01
7.927421415793509674e-01
7.497527750308335959e-01
7.725974733052589638e-01
6.178901987799864104e-01
7.773864154046156161e-01
7.504083378704207163e-01
7.278414204602273729e-01
7.718419093545484388e-01
7.709974555272837149e-01
5.614395715507950468e-01
7.576528628095866580e-01
5.000000000000000000e-01
7.146523850265003031e-01
5.465616284625385290e-01
6.710074556383960331e-01
7.138968210757896671e-01
7.691196568850765525e-01
6.079845331614796011e-01
7.536861520683563187e-01
5.252558361759573913e-01
7.475416393515482705e-01
6.425738063756264440e-01
5.516505738952655058e-01
7.264414049044989330e-01
6.529016989077656152e-01
7.130134779275325574e-01
7.730308114534605313e-01
7.923032478138646306e-01
7.452749474994166956e-01
4.823886932077022793e-01
7.504638940432670768e-01
6.662740697118856303e-01
7.299747774975277048e-01
7.744530494783276042e-01
5.816175735285948889e-01
7.598195535505950504e-01
7.158079534217046680e-01
7.605751175013055754e-01
6.590184335381503722e-01
5.000000000000000000e-01
7.589973221924688485e-01
7.452638362648473791e-01
7.202080023111367968e-01
6.273403037811531302e-01
8.103201146679407385e-01
8.147868309647884333e-01
8.245869398548872908e-01
8.244091601017788928e-01
7.750752786142068862e-01
7.571917465749620213e-01
7.498861098456648389e-01
7.908976766408514214e-01
8.256202846698297293e-01
5.165724063600707350e-01
8.120423560261782470e-01
6.915965732952588096e-01
7.257969532994811290e-01
7.581473127479193552e-01
7.803031144790497642e-01
8.210424560272892025e-01
8.186535405948955901e-01
7.587195413282370460e-01
8.255758397315526853e-01
7.580417560195112925e-01
7.963199591106568942e-01
8.032755919510216058e-01
6.940410449004988935e-01
5.598062200691118484e-01
7.698418871320792389e-01
8.116756852853920234e-01
5.000000000000000000e-01
8.141312681252013128e-01
7.943754930610340548e-01
8.184646496072178756e-01
8.198757763975156321e-01
7.967310747897198286e-01
6.335514839053766334e-01
8.083200924454717606e-01
7.844364937388192960e-01
5.287503194479938884e-01
8.045533839264881193e-01
8.141979355326171008e-01
5.683340926010289618e-01
8.224758052867253699e-01
8.193479927554749853e-01
7.856531739241546797e-01
8.219091323236924485e-01
8.212035689285437368e-01
7.382859809553439234e-01
8.069922999144434339e-01
6.766797408860097951e-01
7.843642707141190717e-01
7.417526861409571293e-01
8.019089100990011154e-01
8.128423649151657049e-01
5.502950032778142209e-01
7.937754863942932948e-01
7.925754730608118859e-01
6.748408315647951294e-01
5.732452582806476515e-01
8.092201024455827341e-01
7.707530083667596399e-01
8.066089623218035687e-01
5.000000000000000000e-01
7.621306903410037803e-01
7.576306403404482470e-01
8.011200124445827520e-01
8.093756597295524990e-01
6.906910076778631780e-01
5.000000000000000000e-01
6.210846787186524720e-01
8.013977933088145544e-01
8.090423226924743361e-01
7.684640940454895430e-01
5.118167979644218102e-01
7.940532672585250973e-01
7.733197035522616503e-01
7.542194913276814017e-01
7.812531250347225509e-01
8.045367170746341445e-01
7.745308281203124867e-01
8.148534983722041103e-01
7.933421482460916163e-01
5.026222513583484819e-01
4.913554595051055629e-01
4.914276825298058426e-01
7.838087089856553558e-01
7.986366515183500603e-01
6.142734919276880978e-01
7.824420271336347543e-01
7.810086778741984759e-01
5.378837542639363090e-01
7.727196968855208903e-01
7.537861531794797232e-01
7.789753219480215485e-01
7.930421449127211808e-01
5.000000000000000000e-01
7.520528005866731203e-01
6.129956999522216954e-01
5.582728696985522765e-01
7.512750141668240733e-01
6.825186946521628606e-01
6.836631518127979090e-01
7.620640229335882143e-01
5.047222746919410863e-01
4.704830053667262701e-01
5.262002911143457418e-01
7.842864920721341893e-01
7.960977344192712302e-01
8.055200613340148807e-01
7.401748908321204024e-01
8.135090389893220308e-01
7.682529805886730845e-01
7.047633862598472465e-01
7.274969721885800045e-01
7.666085178724207916e-01
7.708641207124522499e-01
7.425526950299448092e-01
8.023200257780640499e-01
7.931754797275525348e-01
7.653307258969543891e-01
7.619640218224645878e-01
7.292081023122479744e-01
6.736074845276058820e-01
8.190868787430971576e-01
8.004200046667184765e-01
7.807197857753975789e-01
7.890421004677828920e-01
7.796864409604551405e-01
7.675974177490860750e-01
8.045978288647652743e-01
7.922421360237335008e-01
7.347526083623151516e-01
7.434860387337637322e-01
7.849976110845677812e-01
7.606306736741519359e-01
7.952421693574374117e-01
7.702641140457117119e-01
7.214524605828954718e-01
7.178413093478817064e-01
7.254747274969721715e-01
8.209313436815963705e-01
7.646751630573671576e-01
8.150201668907431918e-01
7.434527050300558937e-01
7.470971899687774975e-01
7.477083078700874630e-01
7.476305292281026915e-01
7.572861920688007675e-01
7.618862431804798163e-01
7.744308270091889712e-01
8.166312959032878682e-01
8.109201213346814985e-01
7.964755163946265482e-01
8.210313447927199970e-01
7.821642462694029518e-01
7.733308147868310778e-01
8.044311603462261928e-01
8.050645007166745692e-01
8.176868631873688287e-01
8.112534583717596615e-01
7.581639795997732190e-01
8.021200235558173519e-01
7.568639651551684056e-01
8.297869976333070996e-01
7.361192902143358641e-01
7.717419082434249233e-01
7.542639362659584457e-01
7.695085500950009649e-01
7.854420604673385542e-01
7.839642662696251207e-01
7.971977466416293456e-01
8.150535005944510303e-01
7.451860576228623856e-01
7.554639495994399656e-01
7.997533305925619285e-01
7.328748097201079892e-01
8.006755630618117570e-01
7.798531094789942220e-01
6.947077189746553305e-01
7.682418693541041010e-01
8.104645607173414090e-01
7.954755052833919482e-01
7.994088823209146710e-01
7.966310736785964242e-01
7.720752452805030863e-01
7.450416115734619371e-01
8.112312359026211395e-01
7.956532850365003462e-01
7.756530628118090132e-01
7.968755208391203881e-01
7.970533005922287861e-01
7.846976077511973457e-01
7.792419915776842565e-01
7.770975233058146081e-01
8.102090023222480175e-01
7.250747230524783316e-01
7.333081478683096677e-01
7.645862731808132917e-01
7.996533294814386350e-01
8.039755997288857703e-01
8.072756363959598946e-01
7.224302492249914387e-01
7.874865276280846871e-01
7.994088823209146710e-01
7.325303614484606207e-01
7.627529194768829512e-01
7.284747608306758604e-01
7.209524550272781163e-01
7.919976888632096479e-01
7.337748197202190736e-01
6.533628151423904740e-01
7.796197735530394635e-01
7.321525794731051917e-01
7.523194702163356062e-01
7.717307970088556068e-01
7.740752675029721752e-01
7.612529028100312178e-01
7.443193813264591396e-01
7.781530905898954575e-01
7.864865165168501981e-01
7.534528161424014492e-01
7.711307903421148469e-01
7.640862676251959362e-01
7.563306258958433226e-01
6.747519416882410415e-01
6.124679163101812707e-01
7.794308825653618600e-01
7.588195424393604505e-01
7.774864165157391316e-01
7.853753930599228772e-01
7.551306125623618026e-01
6.652073911932354644e-01
7.290192113245702599e-01
7.371304125601394475e-01
7.772975255280615281e-01
7.577417526861409680e-01
8.013311259013988774e-01
7.456860631784797411e-01
8.076200846676074852e-01
7.739752663918486597e-01
8.194535494838831591e-01
7.784530939232658930e-01
5.533172590806565427e-01
7.391748797208859134e-01
7.210746786075401538e-01
7.814642384915387874e-01
7.472527472527472625e-01
8.253980599784441763e-01
7.186413182368692754e-01
7.141523794708829476e-01
8.203757819531327655e-01
7.947532750363892617e-01
8.015866842964921579e-01
8.128979210880121764e-01
7.382082023133589299e-01
8.214424604717830425e-01
7.922199135545949789e-01
7.449304992277692161e-01
5.739008211202346610e-01
7.997533305925621505e-01
7.649196102178914547e-01
7.936421515794619408e-01
8.288203202257802271e-01
7.702307803420038734e-01
7.852309470105223177e-01
8.119312436804853039e-01
8.254980610895676918e-01
8.069311881243125262e-01
8.356203957821752848e-01
8.263869598551094597e-01
7.802642251580572674e-01
8.088423204702273051e-01
8.133423704707829494e-01
7.701530017000188799e-01
7.777753086145401396e-01
8.163535150390559547e-01
8.105201168901877695e-01
7.819642440471560318e-01
8.026866965188502734e-01
8.219091323236926705e-01
8.058422871365237272e-01
7.717196857742865124e-01
7.993977710863453545e-01
7.907087856531739289e-01
8.104867831864797090e-01
8.069534105934510482e-01
7.999422215802398650e-01
8.102867809642329000e-01
8.140868231869243798e-01
8.206202291136568405e-01
8.084978721985800476e-01
5.236724852498362281e-01
8.103312259025100550e-01
8.242424915832398113e-01
8.079311992355470151e-01
7.625973621929132973e-01
7.850865009611218692e-01
8.010755675063055969e-01
8.132201468905211339e-01
7.804975610840120259e-01
8.206424515827952515e-01
8.246091623240259239e-01
7.744974944166047592e-01
7.784197602195579435e-01
7.692974366381848395e-01
7.993977710863453545e-01
8.097978866431847500e-01
8.146201624462493518e-01
8.081423126923632516e-01
8.030533672596362749e-01
8.052978366426294388e-01
7.761086234291492136e-01
8.020089112101247419e-01
8.125534728163646969e-01
8.038089312103467998e-01
8.067200746674962897e-01
7.946421626906965407e-01
7.529194768830763662e-01
7.963421815797953052e-01
7.964977388637650701e-01
7.938754875054168103e-01
8.013755708396759214e-01
7.839753775041944373e-01
7.581084234269268585e-01
8.077200857787310007e-01
7.603862265136279719e-01
7.882087578750874846e-01
7.946088289869887022e-01
7.923865820731340603e-01
8.057978421982466832e-01
7.889754330603673260e-01
7.563528483649818446e-01
7.770864120712452916e-01
7.976866409626773846e-01
7.655973955266168751e-01
8.046200513339036853e-01
7.959532883698707817e-01
7.936754852831697793e-01
8.016977966421849899e-01
7.813642373804152719e-01
7.559972888587650486e-01
7.710641229346992809e-01
7.458971766352959776e-01
7.107301192235468967e-01
7.857753975044166062e-01
8.015644618273536359e-01
7.665418504650052256e-01
8.044089378770875598e-01
4.967888532094800746e-01
4.904110045667173789e-01
7.898976655296170435e-01
6.722574695274391443e-01
7.516194624384715528e-01
8.010422338025977584e-01
5.000000000000000000e-01
8.011866798519984290e-01
7.775419726885853811e-01
6.191624351381680436e-01
7.840309336770410198e-01
7.714863498483317539e-01
7.824309158990655488e-01
7.887976533072590390e-01
7.679418660207335545e-01
6.896409960110668758e-01
8.222980255336169719e-01
7.932310359003988953e-01
7.453860598451094166e-01
5.352337248191646468e-01
7.307636751519461793e-01
7.496638851542796189e-01
7.829753663929600593e-01
8.013644596051066049e-01
7.846753852820587127e-01
5.016722408026755842e-01
7.695752175024166419e-01
7.630973677485305418e-01
8.063867376304181267e-01
7.530194779941998817e-01
8.006977855309503900e-01
7.515194613273480373e-01
7.715863509594551584e-01
8.113867931865910155e-01
8.054533939265993148e-01
8.268202980033111382e-01
7.664418493538815991e-01
8.240702674474160716e-01
5.365004055600618438e-01
8.170646340514895467e-01
8.156423960266225848e-01
7.669196324403604326e-01
8.011200124445827520e-01
5.016722408026755842e-01
7.910087889865442534e-01
7.577306414515716515e-01
7.780975344170490970e-01
7.755641729352549252e-01
8.104423382482027760e-01
8.043200480005333608e-01
8.236758186202070009e-01
8.268314092378803437e-01
8.048311647907198108e-01
8.213202368915211160e-01
8.234202602251136094e-01
4.926554739497105428e-01
7.818975766397404659e-01
8.216091289903222350e-01
8.110534561495127415e-01
8.125868065200724244e-01
8.086978744208268566e-01
8.226091401015568350e-01
8.238535983733152879e-01
7.727752530583673618e-01
8.247869420771342108e-01
8.124534717052411814e-01
8.105645618284649245e-01
8.260314003488928858e-01
8.110756786186513745e-01
8.111645684952053514e-01
8.126201402237802629e-01
8.089423215813507095e-01
7.818309092323247889e-01
7.676418626873632300e-01
8.104645607173412980e-01
8.273647484972055377e-01
8.097089967666307730e-01
7.891087678751986800e-01
8.145757175079721968e-01
6.259125101390015100e-01
8.026644740497116404e-01
7.723085812064578448e-01
8.001755575061946235e-01
8.111090123223592130e-01
7.975533061478460306e-01
7.967532972588583506e-01
7.804753386148735039e-01
8.134201491127679429e-01
8.078645318281313381e-01
8.233869265214058819e-01
8.074089712107912487e-01
8.073423038033754606e-01
8.253091701018900883e-01
7.609528994766607823e-01
8.014755719507994369e-01
8.037755975066391834e-01
7.847531639240434842e-01
8.117645751619462224e-01
8.025755841731575524e-01
8.189868776319737531e-01
7.586639851553906855e-01
7.991088789875443466e-01
8.206535628173646790e-01
8.053756152846143213e-01
8.148868320759119488e-01
8.072867476305291001e-01
8.105756730630340190e-01
8.206868965210724065e-01
7.645418282425360257e-01
7.901087789864331690e-01
7.977866420738007891e-01
8.072645251613906892e-01
8.054978388648762477e-01
6.020011333459260872e-01
8.106312292358803795e-01
8.153646151623907823e-01
7.777975310836786615e-01
5.077056411737908004e-01
7.946199402215581298e-01
7.453749486105401001e-01
8.137979310881231498e-01
6.597962199579996412e-01
8.165090723230258307e-01
7.970644118267979916e-01
7.624084712052355828e-01
7.934421493572150208e-01
6.317181302014467370e-01
8.002200024444715565e-01
7.764975166390737371e-01
7.806975633062590569e-01
7.833420371337460608e-01
7.828086978744207558e-01
6.548961655129501569e-01
7.805308947877197534e-01
7.800753341703797750e-01
7.969199657773975431e-01
6.629295881065344620e-01
7.942754919499106503e-01
7.884976499738887146e-01
8.049089434327048043e-01
7.548639429326993167e-01
7.917199079989778454e-01
5.388837653751707979e-01
7.230635895954399261e-01
8.084312047911644816e-01
8.283092034355936661e-01
7.670751897243303086e-01
7.587528750319447735e-01
8.093534372604140881e-01
7.651085012055689472e-01
7.876643073811930851e-01
7.476083067589640585e-01
7.636307070078556247e-01
7.906865631840354069e-01
7.326525850287225472e-01
7.939310436782630598e-01
7.615973510816786973e-01
7.821531350348336353e-01
7.466971855242835465e-01
8.207202302247803560e-01
7.553195035500394061e-01
8.011977910865675234e-01
7.974755275058611481e-01
7.642862698474426342e-01
7.884309825664730376e-01
8.022533583706485949e-01
8.053533928154756882e-01
8.165979621995800297e-01
7.939643773819708983e-01
7.602306692296582069e-01
7.519972444138267598e-01
8.119201324459159874e-01
7.113412371248568622e-01
7.660307336748185536e-01
8.291981022011355451e-01
6.857520639118213079e-01
7.807308970099668954e-01
7.943532705918953107e-01
8.078311981244236106e-01
7.293969932999255779e-01
7.967199635551506232e-01
7.644084934277046717e-01
7.904087823198034934e-01
7.454860609562328211e-01
6.653851709463438624e-01
7.922754697274414504e-01
8.008311203457816330e-01
7.582195357726198015e-01
8.005311170124113085e-01
7.338525983622039561e-01
7.039078211980133171e-01
7.729308103423371268e-01
7.961421793575484962e-01
7.705418949099434034e-01
7.842420471338570342e-01
7.869309658996210821e-01
7.906643407148966629e-01
7.612529028100313289e-01
7.113190146557183402e-01
7.906643407148967739e-01
7.858642873809709162e-01
7.623751375015277443e-01
7.603528928099201334e-01
7.450638340426004591e-01
7.266525183613150585e-01
7.806753408371203129e-01
7.404637829309215213e-01
8.048422760252892383e-01
6.339403771153013789e-01
7.193191035455950288e-01
8.139423771375235983e-01
7.597528861431792624e-01
7.585862065134056920e-01
7.888198757763975610e-01
7.733752597251080108e-01
7.602084467605194629e-01
7.621751352792809353e-01
8.067311859020656062e-01
8.029200324448050319e-01
7.345637173746375481e-01
7.617417971310791458e-01
6.681074234158157488e-01
7.908643429371438049e-01
7.466638518205757080e-01
7.688418760208447500e-01
7.424860276225292433e-01
7.059967332970367160e-01
7.713863487372081273e-01
6.623073589706552911e-01
7.490083223146922764e-01
6.482960921788019082e-01
7.583084256491738895e-01
7.753419482438692611e-01
7.556195068834097306e-01
6.083845376059734411e-01
6.984299825553617058e-01
7.228524761386236896e-01
6.933410371226347291e-01
7.251302792253246920e-01
6.597628862542916917e-01
6.960188446538294604e-01
7.194857720641338883e-01
7.334748163868487492e-01
6.768852987255413733e-01
7.051856131734797195e-01
6.416515739063767265e-01
6.574406382293136453e-01
7.816197957755086634e-01
7.460305114501272206e-01
7.584084267602972940e-01
6.620740230447005326e-01
6.930632562584029266e-01
6.214402382248691570e-01
6.847187190968788695e-01
7.492638807097856679e-01
6.841187124301382205e-01
7.454527272525250936e-01
7.552083912043467961e-01
6.525516950188334775e-01
5.889509883443149185e-01
7.411304570050778473e-01
7.535083723152479207e-01
6.716741297125523591e-01
6.605628951432793716e-01
6.543850487227635959e-01
6.941521572461916145e-01
6.383626484738720297e-01
6.581850909454549647e-01
7.024078045311614726e-01
6.158957321748019798e-01
7.430304781164234207e-01
6.379181990911010347e-01
7.827531417015742843e-01
8.139868220758007533e-01
7.514194602162245218e-01
8.121645796064400624e-01
8.088867654085045711e-01
7.961866242958255402e-01
7.997199968888544230e-01
8.038533761486239548e-01
8.218202424471383605e-01
8.172646362737363557e-01
7.963644040489339382e-01
8.254647273858598533e-01
8.230980344226048739e-01
7.965310725674731307e-01
8.110423449149434250e-01
8.038200424449161163e-01
7.606195624395826194e-01
7.986755408393426681e-01
7.667974088600985061e-01
8.028755875065277658e-01
8.039867109634550868e-01
7.787419860220667900e-01
8.300647784975389021e-01
7.930865898509982248e-01
7.842420471338569232e-01
8.155535061500682747e-01
7.946199402215579077e-01
7.884087600973344045e-01
8.089089878776430931e-01
8.183535372615251546e-01
7.635973733041476752e-01
7.716752408360093574e-01
8.221869131879242509e-01
8.167424082489805892e-01
7.863754041711574772e-01
7.786864298492206515e-01
7.783308703430037445e-01
7.744641607128968097e-01
8.031533683707596794e-01
7.765641840464894141e-01
8.092867698529984111e-01
7.512639029322549789e-01
8.001866687407639400e-01
7.544528272536360491e-01
7.850531672574139197e-01
8.200757786197624410e-01
8.144201602240024318e-01
8.154868387426527088e-01
7.742530472560806842e-01
7.943754930610340548e-01
7.945754952832810858e-01
8.144423826931410648e-01
8.017422415804619229e-01
7.976644184935387516e-01
7.952755030611451392e-01
8.177646418293536001e-01
7.759086212069022936e-01
7.809642329359214319e-01
8.011422349137212739e-01
7.285858731763685814e-01
8.050645007166745692e-01
8.103201146679407385e-01
7.650529450327224756e-01
7.624862498472206873e-01
8.019089100990011154e-01
7.821642462694029518e-01
8.092756586184289835e-01
7.948310536783741442e-01
7.767086300958898626e-01
7.843198257758420278e-01
7.543861598462204832e-01
7.974644162712920537e-01
7.891532128134757240e-01
7.908198979988667610e-01
7.966310736785964242e-01
7.988310981233124330e-01
7.903532261469572440e-01
7.828309203435593888e-01
7.833087034300381113e-01
7.682307581195346735e-01
7.465971844131601420e-01
7.631029233658152000e-01
7.851753908376759572e-01
7.365081834242603875e-01
7.122745808286758962e-01
7.608306758963987448e-01
7.137968199646662626e-01
7.573973044144934885e-01
6.966966299625551029e-01
7.861531794797719241e-01
7.518416871298568838e-01
7.727530305892287288e-01
7.718419093545483278e-01
7.412971255236168178e-01
7.963755152835031437e-01
7.717419082434250344e-01
7.422749141657130068e-01
6.469849664996277783e-01
7.341970466338514356e-01
7.261414015711283865e-01
7.636084845387171027e-01
7.137857087300969461e-01
7.584084267602972940e-01
7.361415126834741640e-01
7.587084300936678405e-01
7.549528328092534046e-01
7.447916087956534259e-01
7.157079523105813745e-01
6.624073600817788066e-01
7.769308547872755266e-01
7.363415149057213061e-01
6.857076189735442640e-01
7.264969610773452935e-01
6.621629129212547316e-01
6.942632695918844465e-01
6.661296236624851819e-01
7.146634962610695085e-01
7.606417849087213634e-01
7.458305092278803006e-01
6.455405060056222943e-01
6.789630995899954558e-01
6.548961655129501569e-01
7.098634429271436508e-01
6.921632462582918421e-01
7.392748808320092069e-01
6.504405604506716676e-01
7.331303681152012697e-01
6.529850331670352670e-01
8.162201802242248228e-01
7.501750019444660689e-01
8.286869854109490952e-01
8.127645862731808224e-01
8.109423438038200205e-01
8.118090201002233774e-01
8.236313736819298459e-01
7.984755386170958591e-01
8.201313347926086905e-01
8.121756908410092679e-01
8.155757286192067967e-01
8.279647551639461867e-01
8.195091056567295196e-01
8.058645096056622492e-01
7.989310992344360596e-01
7.934643718263535428e-01
8.185646507183413911e-01
8.064645162724031202e-01
7.928199202213357388e-01
8.010311225680284419e-01
8.101423349148323405e-01
8.250869454105045353e-01
8.056756186179847568e-01
8.110979010877898965e-01
8.203757819531328765e-01
8.232091467682973729e-01
8.063311814575717662e-01
7.935865954066156913e-01
8.182646473849709556e-01
8.054645051611684092e-01
8.117423526928077004e-01
8.144312714585717483e-01
8.143201591128791383e-01
7.964310714563493931e-01
7.878198646651629611e-01
8.026089178768651689e-01
8.211869020766897620e-01
8.105867842976032245e-01
8.076756408404537346e-01
8.026311403460038019e-01
8.114979055322837365e-01
8.004977833087034700e-01
8.148757208413427433e-01
8.181424238047089181e-01
8.186424293603262736e-01
8.074423049144991982e-01
8.123756930632561879e-01
8.054089489883220487e-01
8.135757063967377078e-01
7.947310525672507397e-01
8.052978366426293277e-01
8.083534261491793771e-01
7.926754741719352904e-01
8.036755963955155568e-01
7.849309436771519932e-01
8.179313103478927927e-01
7.970310781230901531e-01
8.002866698518872335e-01
7.947088300981122178e-01
7.956199513327926187e-01
8.099645551617239425e-01
8.037089300992232843e-01
7.697529972555249289e-01
7.865198502205580366e-01
7.838198202202246723e-01
7.918643540483782939e-01
7.963310703452260997e-01
8.141979355326172119e-01
8.039755997288858813e-01
7.405748952766142423e-01
7.775086389848777646e-01
7.953643929376992272e-01
8.085978733097034521e-01
8.143979377548640208e-01
7.985199835553729031e-01
7.777975310836786615e-01
8.076089734330380576e-01
7.838587095412170580e-01
7.984644273825265426e-01
8.075423060256224916e-01
7.781975355281725015e-01
7.941866020733563403e-01
7.904976721963576924e-01
7.536972633029255242e-01
7.514750163890708823e-01
7.856642851587239962e-01
7.730085889843221203e-01
7.866309625662509797e-01
7.681529794775497910e-01
7.940754897276637303e-01
8.028200313336815164e-01
7.845531617017966752e-01
7.807420082445359899e-01
7.640529339214880977e-01
7.895198835542618365e-01
7.609306770075221493e-01
7.446082734252603696e-01
7.350526116956854761e-01
6.997077745308282193e-01
7.508194535494838728e-01
7.543639373770819612e-01
7.581417571306348080e-01
7.806975633062589459e-01
7.529972555250613597e-01
7.472083023144701075e-01
7.431749241658240912e-01
7.495416615740174704e-01
7.744974944166046482e-01
7.602751141679352509e-01
7.724974721941353373e-01
7.610529005877842978e-01
7.651085012055689472e-01
6.543072700807787134e-01
7.587862087356526120e-01
6.346848298314425874e-01
7.647751641684907842e-01
7.717085745397170848e-01
7.688974321936909995e-01
7.323081367570751787e-01
7.494527716974631604e-01
7.261080678674207700e-01
6.430738119312436885e-01
7.267414082378693685e-01
7.520194668829653928e-01
7.378526428071423560e-01
7.500750008333425534e-01
6.750741674907499990e-01
7.598417760197335724e-01
6.998522205802286678e-01
6.700741119345769992e-01
5.040944899387771461e-01
6.639518216869075840e-01
7.203968932988145113e-01
6.603517816864631351e-01
7.134857053967266216e-01
6.491961021789131037e-01
6.856076178624206374e-01
7.091301014455716478e-01
7.244080489783220056e-01
6.424849164990722450e-01
6.773186368737430518e-01
7.395304392271024874e-01
7.158468427426971648e-01
7.114745719396882162e-01
6.855965066278515430e-01
6.241847131634795653e-01
6.786964299603328588e-01
5.927565861842909456e-01
6.315514616829076555e-01
6.920076889743218551e-01
6.652518361315125084e-01
6.682407582306469918e-01
7.556306181179790471e-01
7.659529550328336711e-01
6.066400737785975217e-01
6.078845320503560856e-01
6.640407115634616719e-01
6.542739363770708749e-01
7.266525183613150585e-01
7.117856865076278572e-01
7.626418071311903413e-01
7.299525550283891828e-01
8.117312414582383839e-01
7.560084000933342541e-01
7.320970233002588312e-01
6.990633229258103043e-01
7.309525661396237828e-01
6.661407348970544984e-01
7.875865287392083136e-01
7.071300792231025589e-01
6.322403582262025035e-01
7.860642896032179472e-01
7.042522694696606855e-01
6.547850531672574359e-01
7.015744619384660652e-01
6.677629751441682693e-01
7.600028889209881067e-01
7.258525094723274895e-01
7.666307403415594246e-01
7.592751030567004289e-01
6.708407871198569516e-01
7.348970544117156001e-01
6.715741286014289546e-01
7.715863509594550473e-01
7.625751397237746643e-01
7.144412715696840666e-01
7.170024111379016407e-01
7.976977521972465901e-01
7.577084189824332405e-01
7.041744908276759141e-01
6.684407604528940228e-01
7.385082056467294764e-01
7.757419526883632122e-01
5.135112612362359163e-01
7.585973177479750085e-01
6.819964666274069831e-01
7.780753119479104640e-01
6.892354359492883775e-01
7.505861176235291143e-01
7.658973988599874216e-01
7.957199524439161342e-01
7.147301636684852966e-01
7.986533183702042571e-01
7.108856765075167727e-01
6.695629951443905492e-01
6.411960132890364150e-01
7.439749330548117712e-01
7.416526850298337248e-01
6.678963099589995123e-01
7.596639962666251744e-01
7.596417737974867634e-01
7.059745108278980830e-01
6.525405837842642720e-01
7.337303747819420296e-01
7.350637229302549036e-01
7.395082167579639654e-01
7.442749363881822067e-01
6.217069078545316430e-01
7.566639629329213745e-01
6.653629484772053404e-01
7.750641673796374587e-01
8.043756041733796103e-01
7.013077923088034682e-01
7.466638518205758190e-01
7.167968532983699514e-01
6.830631451460571490e-01
6.173290814342382582e-01
6.161290681007567382e-01
7.633251480572007530e-01
6.015289058767319119e-01
6.338292647696084359e-01
7.831975910843452793e-01
7.463416260180668615e-01
6.260847342748252498e-01
6.361515127945867043e-01
7.266414071267457420e-01
6.616517961310681706e-01
7.468194091045456950e-01
7.345859398437760701e-01
7.559972888587651596e-01
7.438304870054112117e-01
6.575295281058677332e-01
7.221191346570517977e-01
6.293403260036223301e-01
7.032633695929955131e-01
6.239069322992478739e-01
6.748630540339337625e-01
7.943421593573262163e-01
6.627851420571340135e-01
6.855076167512972329e-01
6.915521283569817657e-01
6.954743941599350610e-01
7.004300047778309057e-01
7.015077945310503882e-01
6.590406560072890052e-01
7.579528661429573155e-01
7.331081456460627477e-01
6.975855287280968708e-01
7.304081156457293833e-01
7.607528972544139734e-01
7.331414793497705862e-01
6.698518872431916682e-01
7.060300670007444435e-01
6.828186979855330740e-01
7.310081223124700323e-01
7.045856065067390706e-01
5.518839098212202643e-01
6.515072389693219446e-01
5.551506127845864391e-01
6.195735508172313111e-01
6.651962799586662589e-01
6.978077534194825349e-01
7.696085512061245915e-01
6.476294181046455822e-01
6.814631273680819001e-01
6.724408048978323116e-01
7.806420071334124744e-01
6.677407526750296363e-01
6.888854320603562398e-01
7.675974177490860750e-01
7.356970633007032800e-01
7.138968210757896671e-01
7.860420671340793142e-01
7.796197735530394635e-01
7.213746819409104782e-01
7.133412593473260621e-01
6.384626495849954342e-01
7.201191124345824868e-01
6.988077645307169128e-01
7.062300692229914745e-01
6.814186824298047451e-01
7.687529861442904400e-01
6.615184613162368166e-01
7.550195002166691927e-01
4.983277591973244158e-01
6.555517283525372774e-01
6.940077111967910550e-01
7.502861142901589009e-01
7.261636240402672415e-01
7.205302281136456433e-01
7.616084623162480138e-01
7.434082600917788497e-01
7.384748719430216379e-01
5.344670496338848054e-01
6.991299903332259813e-01
8.100645562728474580e-01
7.749641662685141652e-01
7.733530372559693777e-01
6.687629862554028692e-01
8.028533650373892439e-01
6.391293236591517601e-01
5.312281247569416998e-01
7.083300925565839679e-01
6.046733852598362713e-01
6.375181946466071947e-01
7.626084734274825028e-01
7.118523539150435342e-01
6.589517661307346952e-01
6.222180246447182039e-01
7.831642573806375518e-01
7.780419782442027365e-01
7.948310536783742553e-01
7.337970421893575956e-01
7.640084889832109427e-01
6.918076867520750461e-01
7.519305770064111938e-01
7.477305303392259850e-01
6.439960444004934059e-01
7.781419793553262521e-01
7.701196679963111524e-01
7.856976188624318347e-01
7.065411837909310044e-01
7.769086323181368936e-01
7.207635640396005128e-01
7.658307314525718557e-01
7.388082089800998009e-01
6.916965744063823252e-01
5.016722408026755842e-01
7.429638107090078547e-01
7.468860765119612610e-01
7.472971921910244175e-01
7.759863998488872872e-01
4.892276580850898338e-01
7.540750452782807312e-01
7.633529261436237112e-01
7.459749552772809711e-01
7.132745919399103851e-01
6.668740763786263903e-01
7.823086923188036224e-01
6.582295358837320087e-01
7.913643484927610494e-01
7.444749386104290156e-01
6.416849076100845650e-01
7.543306036733741227e-01
7.457193968821875796e-01
7.233747041633795671e-01
5.463005144501605903e-01
6.031733685929843158e-01
7.708085645396058894e-01
7.310747897198858203e-01
7.894643273814154760e-01
7.462305136723741406e-01
6.435127056967300252e-01
6.511127901421127628e-01
7.949977221969132257e-01
7.419526883632041603e-01
7.378415315725730395e-01
5.750397226635851622e-01
5.000000000000000000e-01
5.821842464916276993e-01
7.216524628051421697e-01
5.667285192057689436e-01
6.152512805697840648e-01
6.127068078534205764e-01
7.075911954577273066e-01
7.369192991033233220e-01
6.697185524283603142e-01
4.779886443182701505e-01
6.159401771130790237e-01
7.456416182402026971e-01
7.379415326836964439e-01
6.979244213824598031e-01
5.000000000000000000e-01
6.083900932232579883e-01
5.000000000000000000e-01
6.377293081034233202e-01
6.930188113201258826e-01
7.412193468816319353e-01
7.830753675040832418e-01
5.121779130879231534e-01
6.620518005755620106e-01
6.940077111967910550e-01
7.417082412026800853e-01
6.806742297136634257e-01
4.835942621584683465e-01
6.549961666240736724e-01
7.914976833075924034e-01
6.998411093456594623e-01
6.259958443982710508e-01
6.370737452638361997e-01
7.096745519394659363e-01
7.393748819431327224e-01
7.169968555206167604e-01
4.983388704318936768e-01
7.295358837320413681e-01
7.499138879320880191e-01
7.127634751497238241e-01
7.439082656473960942e-01
7.226191402126690422e-01
6.253291703241146138e-01
7.467971866354070620e-01
7.407360081778686656e-01
7.061634018155757975e-01
6.228069200768897584e-01
7.322081356459517743e-01
6.722519139101544861e-01
6.655740619340213549e-01
4.886832075911954898e-01
6.430182557583972169e-01
7.494861054011711099e-01
5.947399415549061708e-01
8.084867609640107311e-01
7.616084623162480138e-01
7.215524616940188762e-01
7.560417337970422036e-01
7.101967799642219248e-01
6.977633084812053799e-01
6.528405871176345965e-01
7.737641529350326453e-01
6.683018700207778995e-01
7.190413226813631153e-01
7.594417715752397324e-01
6.585184279825331277e-01
7.939754886165402148e-01
7.551250569450772554e-01
6.524850276114178005e-01
7.611751241680463353e-01
8.007422304692274340e-01
7.324081378681985832e-01
8.052422804697829672e-01
7.536528183646485912e-01
7.075523061367348099e-01
7.711641240458226854e-01
6.200402226691408281e-01
7.479305325614729050e-01
6.411293458816209601e-01
7.342748252758364291e-01
7.032411471238568801e-01
6.728519205768952460e-01
8.045756063956265303e-01
5.093612151246125208e-01
8.024811386793185841e-01
6.275791953243924359e-01
5.404893387704307051e-01
6.460738452649474883e-01
7.950755008388981082e-01
7.462638473760818680e-01
7.862365137390415759e-01
6.533850376115289960e-01
6.206291181013121605e-01
7.111134568161868730e-01
6.186846520516894321e-01
5.621951355015055718e-01
7.694641051567239209e-01
6.820298003311147106e-01
6.354070600784453848e-01
7.921310236780410019e-01
7.504861165124057099e-01
6.039733774819719958e-01
7.916087956532850134e-01
7.579639773775264100e-01
6.413904598939987878e-01
6.453293925488061689e-01
7.895421060234002475e-01
7.892532139245991285e-01
7.732530361448460843e-01
5.333614817942421427e-01
7.024022489138769254e-01
7.496305514505716694e-01
6.171457460638452019e-01
5.737841531572572817e-01
7.326303625595840252e-01
6.233180368670763194e-01
5.000000000000000000e-01
7.884865387393192870e-01
7.483249813886820867e-01
4.827942532694807221e-01
6.930743674929722431e-01
4.992111023455815810e-01
6.464627384748720118e-01
7.670307447860531536e-01
7.401637795975510858e-01
5.000000000000000000e-01
5.383337592639918512e-01
6.494405493394371787e-01
5.178168646318291879e-01
6.701630018111311982e-01
7.656751741686018686e-01
6.179957555083945842e-01
4.994999944443827000e-01
5.099612217913532808e-01
5.000000000000000000e-01
6.015289058767319119e-01
5.994288825431394185e-01
5.373115256836187292e-01
6.899521105790062947e-01
5.227835864842942382e-01
6.072567472971921454e-01
5.964177379748664132e-01
7.384748719430216379e-01
5.000000000000000000e-01
6.254180602006689238e-01
7.415193502150023708e-01
7.045633840376004375e-01
6.125401393348814949e-01
7.644862720696896652e-01
7.119301325570284167e-01
7.327970310781231067e-01
7.504861165124057099e-01
7.000633340370447932e-01
7.338192646584962286e-01
8.084145379393105069e-01
6.733963710707897565e-01
7.564639607106746766e-01
7.818420204668941054e-01
7.269191879909777665e-01
7.803308925654729444e-01
7.035744841609351541e-01
7.405193391037677708e-01
7.377859753997266790e-01
7.417415749063879238e-01
6.906743408260092032e-01
7.278969766330737334e-01
5.173168590762118324e-01
7.536583739819331385e-01
6.922076911965689971e-01
7.645307170079667092e-01
7.917532417026855729e-01
7.227302525583618742e-01
7.536194846609407527e-01
6.837298192202135860e-01
6.147512750141668203e-01
6.641684907610083677e-01
7.170968566317403869e-01
7.980088667651862311e-01
7.452749474994165846e-01
7.498527761419571114e-01
7.506250069445217221e-01
7.648973877487528217e-01
7.582973144146045730e-01
7.899532217024634040e-01
7.932421471349682118e-01
7.540972677474193642e-01
6.993855487283192618e-01
8.013089034322603554e-01
8.051311681240903573e-01
7.492194357715085129e-01
6.752741697129968079e-01
7.616306847853864248e-01
6.646518294647718594e-01
7.341192679918664421e-01
7.533194813275702062e-01
7.802864476271957894e-01
7.598973321925799329e-01
7.693641040456005165e-01
8.125756952855032189e-01
7.630418115756841813e-01
7.590639895998845255e-01
7.272414137934865019e-01
7.944032711474572350e-01
7.692307692307692735e-01
7.763641818242423831e-01
7.257525083612041961e-01
7.914643496038844539e-01
7.770419671329681366e-01
7.664862942921588651e-01
7.688085423171369115e-01
7.425304725608061762e-01
7.639973777486415152e-01
7.422415804620051683e-01
7.495194391048789484e-01
7.270858565095167370e-01
7.404526716963523159e-01
7.843976044178269103e-01
7.479416437960422215e-01
8.069200768897433207e-01
6.956855076167512975e-01
8.000200002222246365e-01
7.930754786164289083e-01
7.924199157768420099e-01
7.300970010777897423e-01
6.576517516861298818e-01
6.650962788475427434e-01
7.930088112090134533e-01
7.225524728052534762e-01
7.543972710807897997e-01
8.132090356559515953e-01
7.321859131768131412e-01
8.067089634329269732e-01
8.005977844198269855e-01
7.230080334225936767e-01
7.583417593528818390e-01
7.327636973744152682e-01
7.288969877443083334e-01
7.915643507150079694e-01
7.816975744174934349e-01
7.824753608373427038e-01
7.412749030544782958e-01
6.411626795853286875e-01
6.985188724319160158e-01
8.054089489883220487e-01
7.645196057733975037e-01
7.626862520694676073e-01
7.446749408326757136e-01
7.625973621929134083e-01
6.930743674929721321e-01
6.538239313770153327e-01
7.875865287392083136e-01
7.505416726852520704e-01
7.222635807064522462e-01
6.435182613140145724e-01
7.613862376248625718e-01
7.726752519472438463e-01
8.049311659018434373e-01
6.845076056400627440e-01
6.788853209480104622e-01
7.857531750352781952e-01
7.389415437949311549e-01
7.045633840376004375e-01
6.996077734197047038e-01
5.996844409382325880e-01
7.651418349092768967e-01
6.691629906998967092e-01
7.482305358948433405e-01
7.161635129279213530e-01
7.270858565095167370e-01
7.762308470094112511e-01
7.645084945388282982e-01
7.127301414460160967e-01
7.426193624373603752e-01
6.796742186024289367e-01
7.176635295947733084e-01
7.116856853965043417e-01
6.946521628018088590e-01
7.010522339137101877e-01
6.229735885954288399e-01
6.729519216880187615e-01
7.760086223180258092e-01
7.760864009600106916e-01
7.788142090467672363e-01
7.575084167601863205e-01
7.781642018244647740e-01
7.012522361359572187e-01
7.168412982366472175e-01
8.152535028166978393e-01
7.007633418149090687e-01
7.716641296014399298e-01
7.462305136723741406e-01
7.510416782408693148e-01
7.669196324403603215e-01
7.977977533083699946e-01
6.707852309470103691e-01
6.819520216891299391e-01
7.695307725641395979e-01
6.957855087278748130e-01
7.515527950310558758e-01
7.382193135479282464e-01
7.624084712052355828e-01
7.415526839187100983e-01
7.838864876276403493e-01
7.693196591073233614e-01
6.370904121156901745e-01
7.694085489838775604e-01
8.112645696063289780e-01
7.472416360181779460e-01
7.828753652818365438e-01
8.200202224469160805e-01
8.192313247924977171e-01
7.479638662651806325e-01
7.989310992344359486e-01
7.046189402104467980e-01
7.344970499672218711e-01
7.780753119479104640e-01
7.416193513261259973e-01
7.513305703396704338e-01
6.467294081045344978e-01
7.534417049078323547e-01
7.388304314492384339e-01
8.096089956555072575e-01
7.934865942954920648e-01
5.597895532172579847e-01
7.635195946621629037e-01
8.215535728174757635e-01
7.568528539205992001e-01
7.733863709596772162e-01
7.350081667574084321e-01
7.680640896009955920e-01
7.684418715763509100e-01
7.743974933054812437e-01
8.026200291114345964e-01
7.645640507116746587e-01
7.969088545428284487e-01
7.890421004677830030e-01
7.911532350359449239e-01
8.081200902232246186e-01
7.989755441727131036e-01
7.832198135534839123e-01
8.041644907165635958e-01
6.140846009400104943e-01
7.379970888565428044e-01
7.631418126868076968e-01
7.840420449116101143e-01
7.598862209580106164e-01
7.267080745341614190e-01
7.884198713319037211e-01
7.656307292303248246e-01
7.645751619462437532e-01
7.858087312081245557e-01
6.858298425538060794e-01
7.775975288614317416e-01
7.868309647884978997e-01
7.983977599751108656e-01
7.363692929921443753e-01
8.036422626918077183e-01
7.365637395971065260e-01
7.448638318203535391e-01
7.661196235513727526e-01
7.421971355237280132e-01
7.623195813286813838e-01
7.763752930588116996e-01
7.696418849098323189e-01
7.656751741686018686e-01
7.514194602162246328e-01
8.036533739263769238e-01
8.107978977544196830e-01
7.849864998499984647e-01
6.993744374937498343e-01
7.829420326892521098e-01
7.705530061445127199e-01
7.280636451516128149e-01
7.846309403437816687e-01
7.783530928121424886e-01
7.428860320670228612e-01
7.617251302792252821e-01
7.001133345926066065e-01
7.849753886154290372e-01
7.689585439838220182e-01
7.892865476283069670e-01
7.814420160224002654e-01
5.093112145690508186e-01
7.804308936765964599e-01
6.792964366270736187e-01
7.889865442949365315e-01
7.357415082389803240e-01
7.652307247858308736e-01
7.564417382415360436e-01
4.929054767275191096e-01
4.973499705552283934e-01
5.175335281503128382e-01
7.601084456493960584e-01
7.010522339137101877e-01
7.118190202113356957e-01
5.415115723508038270e-01
7.768752986144291661e-01
7.897198857765086455e-01
6.738741541572683680e-01
7.158746208291202340e-01
8.043089367659640443e-01
6.715296836631516886e-01
7.653862820698007496e-01
7.442304914499049406e-01
6.760408448982765384e-01
7.165746286069845095e-01
7.461194013266814196e-01
7.555083945377170096e-01
6.674185268725207898e-01
7.507861198457761454e-01
7.348526094734385561e-01
7.389748774986388824e-01
7.265747397193302870e-01
4.846998299981110647e-01
7.524194713274592328e-01
7.158190646562738735e-01
7.055967288525427650e-01
7.448860542894921721e-01
7.741863798486650072e-01
7.356081734241491921e-01
5.693785486505406057e-01
7.631751463905154242e-01
5.215280169779663577e-01
7.333525928065867117e-01
6.542183802042245144e-01
6.566739630440338038e-01
7.739197102190025213e-01
4.959443993822154062e-01
7.280080889787663434e-01
7.722641362681808008e-01
7.356415071278570306e-01
6.099178879765331240e-01
6.486072067467416602e-01
6.643851598351092624e-01
6.824186935410393451e-01
6.234069267436305184e-01
5.000000000000000000e-01
8.032978144201601278e-01
7.354526161401793161e-01
8.194868831875909976e-01
7.951755019500215127e-01
4.944221602462249843e-01
7.922532472583029284e-01
7.086523183590929253e-01
8.110645673840820580e-01
7.794531050345003820e-01
8.074867498527761311e-01
7.797197746641628679e-01
6.933743708263426786e-01
8.009311214569050374e-01
7.590973233035922529e-01
6.436404848942764989e-01
7.934088156535072933e-01
7.761864020711342071e-01
6.488572095245501714e-01
6.010177890865454620e-01
8.151423904710051183e-01
6.153457260636229220e-01
8.127201413349038894e-01
7.462082912032356186e-01
8.068311870131890107e-01
8.070423004700052472e-01
7.909421215791286874e-01
8.209868998544428420e-01
7.673974155268391550e-01
7.689529883665374710e-01
8.143646040511560713e-01
7.813864598495539049e-01
8.021533572595250794e-01
8.141757130634784678e-01
8.137423749152767893e-01
8.065311836798186862e-01
7.753086145401616447e-01
5.985899843331592418e-01
8.038200424449160053e-01
7.691752130579229130e-01
7.731197013300147303e-01
7.135968177424194536e-01
8.095645507172302136e-01
8.090089889887666086e-01
7.836753741708240018e-01
7.479971999688884710e-01
7.778419760219558166e-01
8.017644640496004449e-01
7.970088556539517421e-01
8.093756597295524990e-01
7.888087645418282445e-01
5.000000000000000000e-01
7.529861442904921542e-01
5.834398159979554688e-01
8.045200502227802808e-01
5.082389804331159944e-01
8.049867220746897978e-01
7.254080600895566056e-01
7.881976466405183901e-01
7.843531594795497552e-01
7.980310892343248641e-01
7.635640396004399477e-01
5.164112934588162007e-01
7.931532572584140128e-01
7.879087545417171601e-01
7.998311092345469220e-01
8.143979377548639098e-01
5.907287858753985654e-01
7.934088156535072933e-01
7.755975066389628747e-01
7.678974210824565105e-01
4.973333037033745296e-01
5.350337225969177268e-01
4.962055133945932339e-01
8.016200180001999964e-01
8.089423215813508206e-01
7.917532417026856839e-01
5.223835820398003982e-01
5.121168012977922457e-01
5.532283692041023437e-01
7.927976977521971058e-01
7.728974766386293993e-01
6.414737941532684395e-01
5.535283725374726682e-01
6.409071211902355181e-01
7.693196591073234725e-01
7.719641329348104763e-01
5.450505005611173681e-01
7.672863031811464340e-01
7.745086056511738537e-01
7.598639984888719834e-01
7.864309603440038376e-01
5.181446460516228036e-01
7.668529650329449776e-01
8.221091345459393684e-01
7.668196313292369171e-01
8.150979455327282963e-01
7.732752586139846063e-01
7.931977021966911678e-01
8.140534894832164303e-01
6.904410049000544447e-01
7.297192191024344243e-01
7.964755163946264371e-01
7.772419693552151676e-01
7.652418360204003012e-01
7.782642029355881785e-01
7.792308803431148290e-01
7.963866265180723492e-01
8.163646262736252712e-01
8.147423860265113893e-01
7.315636840409337482e-01
8.131423682485360294e-01
8.231535905954510124e-01
8.316092401026679015e-01
7.514861276236403098e-01
8.290981010900121406e-01
7.660085112056800316e-01
8.146868298536651398e-01
8.116867965199614510e-01
8.204868942988257086e-01
6.884409826775852448e-01
8.068311870131890107e-01
7.818197979977554724e-01
7.981422015800176961e-01
7.725752508361205528e-01
7.948088312092356222e-01
8.099867776308624645e-01
7.633529261436238222e-01
8.028311425682508329e-01
7.847087189857664402e-01
8.063867376304182377e-01
8.072978588650985277e-01
8.226202513361260404e-01
8.206980077556417230e-01
7.539194879943109662e-01
7.832198135534840233e-01
7.260525116945744095e-01
8.192424360270670336e-01
8.080645340503784801e-01
7.967199635551506232e-01
7.804197824420271434e-01
7.921199124434716854e-01
7.801197791086567079e-01
8.188868765208502376e-01
7.517527972533027958e-01
7.696085512061245915e-01
8.089089878776429821e-01
7.893198813320148055e-01
7.253413926821409285e-01
7.627529194768829512e-01
8.002866698518873445e-01
7.593084367604084894e-01
8.080867565195168911e-01
7.884198713319037211e-01
8.015644618273537469e-01
6.949743886043178165e-01
7.983422038022645051e-01
8.067978533094812832e-01
7.933532594806609328e-01
7.891309903443370910e-01
7.615195724396938148e-01
7.695307725641395979e-01
7.659196213291259436e-01
7.130412560139557376e-01
8.030200335559284364e-01
8.171424126934744292e-01
7.889754330603673260e-01
7.833420371337459498e-01
7.896421071345238740e-01
7.598639984888719834e-01
8.180313114590163082e-01
8.077311970133000951e-01
7.926310292336582464e-01
6.912076800853343972e-01
8.021089123212480354e-01
7.574639718219091655e-01
7.723085812064578448e-01
7.435638173757486147e-01
8.126312514583494684e-01
7.999033322592474793e-01
7.537083745374949517e-01
7.908421204680053940e-01
7.948977210857899323e-01
7.108967877420860892e-01
7.661862909587885406e-01
7.742530472560806842e-01
7.524861387348749098e-01
7.718196868854096948e-01
8.054422826920298872e-01
7.440860454005043811e-01
7.444416049067212882e-01
7.329414771275235552e-01
7.430415893509928482e-01
7.852642807142300452e-01
7.629862554028378208e-01
7.707530083667596399e-01
6.351515016833519933e-01
7.833642596028842497e-01
6.594573273036365979e-01
7.792642140468226675e-01
7.326081400904453922e-01
7.816531294792165019e-01
7.453971710796787331e-01
7.450416115734619371e-01
7.737752641696018507e-01
7.867420749119434786e-01
7.008633429260325842e-01
7.584084267602974050e-01
6.641851576128623424e-01
7.335303725596951097e-01
7.001077789753219482e-01
7.944310492338804153e-01
6.762519583550927749e-01
7.166746297181079139e-01
6.351403904487827878e-01
6.582184246491628032e-01
7.563750708341204776e-01
6.655462838475982856e-01
7.397748863876265624e-01
7.379193102145579219e-01
7.147190524339159801e-01
8.182424249158323226e-01
8.020644673829709914e-01
7.212080134223712857e-01
7.878865320725785271e-01
7.857976199735552392e-01
8.296758852876142676e-01
8.190979899776664741e-01
7.558306203402260781e-01
7.603195591062124059e-01
7.572417471305237235e-01
7.962866254069489447e-01
7.576195291058790415e-01
8.317981310903453940e-01
8.174535272614139592e-01
8.253980599784440653e-01
8.241091567684085684e-01
8.182757586195402721e-01
8.126423626929188959e-01
7.593084367604083784e-01
8.107867865198503665e-01
7.883865376281958826e-01
7.838309314547938778e-01
8.097756641740463390e-01
8.231313681263123794e-01
8.035533728152534083e-01
7.870087445416060756e-01
8.211869020766897620e-01
7.977088634318159066e-01
8.172979699774443052e-01
7.788419871331904165e-01
8.329536994855497589e-01
7.790142112690140452e-01
7.070634118156867709e-01
7.750086112067909871e-01
7.843531594795498663e-01
7.788197646640518945e-01
8.146312736808187793e-01
8.112534583717596615e-01
8.170979677551973852e-01
8.082089800997788176e-01
8.193424371381905491e-01
8.235424838053756469e-01
8.023533594817719994e-01
8.048311647907198108e-01
7.989977666418516256e-01
7.790197668862987035e-01
7.971644129379213961e-01
8.066311847909422017e-01
8.024755830620339259e-01
8.006644518272424405e-01
8.036089289880998798e-01
8.047533861487350393e-01
7.532305914510160072e-01
8.176313070145222461e-01
8.006088956543961910e-01
8.163979599773329987e-01
8.180868676318626687e-01
8.104756719519106145e-01
7.465416282403137815e-01
8.111979021989133010e-01
8.017977977533083944e-01
8.041089345437171243e-01
7.815197946643850369e-01
7.984866498516649536e-01
8.001088900987788355e-01
7.974921943577151229e-01
8.153979488660985098e-01
8.009311214569050374e-01
8.125090278780874309e-01
8.020644673829708804e-01
8.006311181235348240e-01
7.902310025666952065e-01
8.022422471360792784e-01
7.898421093567705720e-01
8.061756241736020012e-01
7.777975310836786615e-01
7.948199424438049387e-01
7.716307958977322023e-01
8.159312881254234817e-01
8.153423926932520382e-01
7.941977133079257678e-01
7.905198946654962144e-01
7.714307936754853934e-01
7.781864242936032960e-01
7.647529416993522622e-01
7.599306658962878824e-01
8.075423060256224916e-01
7.907532305914509729e-01
7.834309270103001488e-01
7.757197302192246902e-01
6.672740808231203413e-01
7.920754675051944194e-01
7.551083900932233917e-01
8.125756952855032189e-01
7.801197791086567079e-01
7.925088056533960978e-01
8.024755830620340369e-01
7.705530061445127199e-01
7.408971210791230888e-01
7.623862487360970608e-01
7.426082512027911697e-01
5.700396671074122734e-01
7.920310225669173754e-01
7.610084556495071428e-01
7.596973299703331239e-01
7.336192624362493087e-01
7.956421738019312517e-01
7.953532817031301327e-01
7.175301947799419544e-01
7.694418826875853989e-01
7.688307647862755445e-01
8.017644640496005559e-01
7.362859587328747235e-01
7.354526161401793161e-01
7.457860642896032566e-01
6.854853942821587109e-01
7.720419115767953588e-01
6.989077656418405393e-01
7.632973699707774617e-01
7.275080834231492100e-01
7.446304958943988916e-01
7.324192491027678997e-01
7.583306481183123005e-01
6.722185802064466476e-01
7.972310803453371841e-01
6.779408660096222228e-01
7.063634040378226064e-01
7.668640762675140721e-01
8.183979821998023096e-01
7.600973344148269639e-01
8.207646751630574000e-01
8.163979599773331097e-01
8.091867687418750066e-01
7.876309736774853576e-01
6.996855520616895863e-01
7.918532428138090884e-01
8.159868442982699532e-01
8.134312603473371484e-01
8.246536072623029678e-01
8.098756652851697435e-01
8.001977799753330345e-01
7.788308758986211000e-01
7.854087267636307157e-01
7.455749508327871311e-01
8.150090556561739863e-01
8.153312814586828328e-01
8.131645907176745514e-01
8.350981677574195183e-01
8.147757197302192278e-01
8.124534717052411814e-01
8.215424615829065580e-01
8.081423126923632516e-01
8.007088967655195955e-01
8.215091278791986085e-01
8.164424049156102647e-01
8.260091778797542528e-01
7.985199835553729031e-01
8.329314770164113479e-01
8.129423660262892204e-01
7.963532928143646217e-01
8.193757708418982766e-01
8.333537039300435989e-01
8.171979688663206787e-01
8.276980855342837007e-01
8.170979677551973852e-01
7.899421104678940875e-01
7.869309658996210821e-01
7.995088834320380755e-01
8.042867142968255223e-01
7.986866520739119846e-01
8.324759163990711475e-01
8.214980166446292920e-01
7.956088400982233022e-01
7.861198457760641967e-01
7.930421449127211808e-01
8.173313036811520327e-01
8.191979910887899896e-01
8.114979055322836254e-01
7.952199468882987787e-01
8.069756330625896812e-01
7.810753452816141529e-01
8.053756152846142102e-01
8.051867242969364957e-01
8.097867754086156555e-01
8.113867931865910155e-01
8.079645329392548536e-01
8.120868009644551799e-01
8.168757430638117212e-01
8.342870476338626329e-01
7.923199146657186054e-01
8.124090267669641374e-01
7.949199435549284543e-01
7.918865765175168159e-01
7.971755241724907126e-01
8.067756308403426502e-01
8.175868620762452021e-01
7.815420171335237809e-01
8.205868954099488910e-01
8.238091534350381329e-01
8.177535305947843947e-01
8.080312003466705306e-01
8.025755841731574414e-01
5.383393148812765094e-01
8.149090545450505818e-01
7.996866631851466956e-01
8.040311559017323528e-01
8.146312736808187793e-01
7.964977388637650701e-01
7.947866087400971002e-01
7.922088023200257734e-01
8.039978221980244033e-01
7.990199891109900365e-01
7.947532750363892617e-01
7.844642718252424762e-01
7.937754863942932948e-01
8.161757352859476677e-01
7.983422038022645051e-01
7.957532861476239727e-01
7.941088234313713468e-01
8.082200913343482451e-01
7.938310425671396553e-01
7.987866531850353891e-01
8.094201046678296541e-01
7.926199179990888188e-01
7.956421738019312517e-01
7.603417815753508169e-01
7.687307636751520290e-01
7.765308503427814646e-01
7.763530705896732886e-01
7.853531705907843552e-01
7.928532539250435773e-01
7.880087556528406756e-01
7.744530494783276042e-01
8.046533850376116348e-01
7.921421349126102074e-01
8.082645362726252891e-01
8.067645196057734447e-01
8.081867576306402956e-01
7.700641118234647919e-01
7.767530750341670176e-01
7.943088256536183778e-01
7.586084289825443250e-01
7.434527050300558937e-01
7.983088700985566666e-01
7.541194902165579972e-01
7.940088223202480533e-01
7.518305758952877893e-01
7.738308203424483223e-01
7.583528705874510445e-01
6.770853009477882933e-01
7.669085212057911161e-01
7.321470238558206445e-01
7.758641762686251386e-01
7.732974810831232393e-01
7.569417437971532880e-01
7.139301547794973946e-01
