8.011811242347136597e-01
7.365970733008144755e-01
8.084256491738798234e-01
7.181968688540983914e-01
7.074189713219034559e-01
7.848976099734441547e-01
7.976977521972468121e-01
7.734530383670930043e-01
7.265858509538994925e-01
8.286980966455183006e-01
7.575417504638939370e-01
7.743308258980655667e-01
7.381193124368048419e-01
7.821198013311260189e-01
7.563084034267046896e-01
7.934421493572151318e-01
8.105978955321725410e-01
7.878420871343015941e-01
7.758308425649174112e-01
7.994311047900530820e-01
7.732085912065689293e-01
7.443860487338749277e-01
7.599306658962876604e-01
7.352192802142246686e-01
7.933810375670840020e-01
8.046422738030422073e-01
7.542306025622507182e-01
7.942866031844799668e-01
6.436960410671229704e-01
7.464305158946210605e-01
7.444416049067212882e-01
7.945866065178500692e-01
8.127201413349038894e-01
7.861198457760640856e-01
7.649862776253069097e-01
7.580639784886498145e-01
7.271969688552095690e-01
7.954866165179612647e-01
7.925088056533962089e-01
8.192313247924977171e-01
7.398859987333192834e-01
7.793753263925154995e-01
7.911754575050833349e-01
8.058867320748007712e-01
8.058533983710930437e-01
7.473638595984399835e-01
7.797197746641628679e-01
7.369192991033233220e-01
7.946366070734119935e-01
8.064311825686953927e-01
7.791142123801375607e-01
7.294581050900564856e-01
8.009755663951821925e-01
7.798753319481326329e-01
8.066645184946499292e-01
7.905754508383426860e-01
7.095967732974811648e-01
7.875976399737775191e-01
8.262425138057090113e-01
8.105756730630340190e-01
7.510972344137156753e-01
8.042533805931176838e-01
8.041311570128556463e-01
7.716530183668706133e-01
7.948977210857899323e-01
7.755863954043934472e-01
8.180868676318626687e-01
8.148201646684963828e-01
8.038867098523316823e-01
7.896643296036622850e-01
8.001866687407638290e-01
7.990422115801287806e-01
7.737085967621862848e-01
7.834864831831465093e-01
8.136979299769997453e-01
7.169190768786319889e-01
7.324192491027677887e-01
8.048200535561504942e-01
7.739863776264181983e-01
7.971088567650752577e-01
8.030089223213590088e-01
8.061978466427406342e-01
7.665307392304359091e-01
7.009300103334481502e-01
6.343514927943644244e-01
6.028955877287525134e-01
6.108401204457827305e-01
7.595417726863631369e-01
7.573806375626396248e-01
7.534917054633940570e-01
5.000000000000000000e-01
7.624973610817897818e-01
7.837087078745320623e-01
8.041811575684174596e-01
7.913199035544840054e-01
7.973533039255991106e-01
7.291414349048322974e-01
7.971755241724907126e-01
6.973744152712808564e-01
7.814975721952466259e-01
6.955188390982122160e-01
7.721252458360650106e-01
7.473860820675786165e-01
7.914643496038844539e-01
7.550750563895154421e-01
7.445638284869832146e-01
7.849642773808597207e-01
7.360637340414892815e-01
7.977866420738009001e-01
7.596084400937788139e-01
7.902421138012645230e-01
7.936865965177392068e-01
7.587917643529373812e-01
6.242513805708952424e-01
7.315970177446415867e-01
7.309303436704852608e-01
7.492361026233624877e-01
7.577195302170023350e-01
8.049311659018433263e-01
7.027078078645316861e-01
7.829198102201135878e-01
7.632751475016389398e-01
7.127523639151546186e-01
7.681196457738419525e-01
7.453971710796787331e-01
7.660862898476651361e-01
6.680185335392615498e-01
7.810086778741985869e-01
6.575184168712986388e-01
7.814586828742541291e-01
7.118856876187513727e-01
8.113423482483139715e-01
6.744741608240092390e-01
8.052533917043523948e-01
7.892976588628761725e-01
7.696529961444016354e-01
8.115867954088378244e-01
7.899476660851786347e-01
6.872076356403959974e-01
7.990422115801286695e-01
7.624862498472204653e-01
7.588639873776373834e-01
8.114090156557294264e-01
7.592084356492848629e-01
8.057533972599696392e-01
8.192424360270669226e-01
7.733863709596773273e-01
7.851087234302602802e-01
7.985033167035189283e-01
7.673974155268390440e-01
7.580973121923576530e-01
7.727974755275058838e-01
8.060422893587706472e-01
7.142968255202835071e-01
8.313759041767130320e-01
8.019922443582707672e-01
7.351192791031011531e-01
8.158868431871465488e-01
7.666862965144056741e-01
7.653085034278157561e-01
8.159423993599929092e-01
8.148646096067734268e-01
8.281647573861932177e-01
7.660751786130957086e-01
8.069256325070277569e-01
8.342148246091622976e-01
7.849864998499984647e-01
7.715752397248858419e-01
8.039644884943166758e-01
8.071534128156979682e-01
7.542083800931121962e-01
7.641751575017499132e-01
6.291736574850831376e-01
8.273703041144900849e-01
8.030589228769207111e-01
8.162312914587941393e-01
8.041089345437171243e-01
7.809642329359214319e-01
8.073645262725140936e-01
8.141312681252014238e-01
8.119201324459160984e-01
7.869476327514751679e-01
8.066978521983578787e-01
7.966421849131657407e-01
7.827420304670051898e-01
8.041422682474250738e-01
8.074645273836376091e-01
7.980866454071712246e-01
7.802864476271960115e-01
7.656418404648941411e-01
8.227646973855264889e-01
7.888643207146746050e-01
8.042533805931177948e-01
8.170424115823510247e-01
8.131423682485361404e-01
7.996088845431615910e-01
8.030533672596362749e-01
7.664085156501739826e-01
7.284080934232601834e-01
5.852342803808932015e-01
8.085423171368570916e-01
7.957310636784852287e-01
7.976755297281081791e-01
7.855865065167391137e-01
7.947477194191047145e-01
8.117201302236691784e-01
8.127645862731809334e-01
7.505750063889597978e-01
7.958532872587473772e-01
8.001088900987789465e-01
7.310692341026011620e-01
7.931421460238446963e-01
7.656529516994633466e-01
8.170313003477815972e-01
7.978533094812165771e-01
7.584750941677131930e-01
8.088978766430738876e-01
8.073978599762219321e-01
7.515639062656251923e-01
5.788064311825686925e-01
7.705418949099435144e-01
7.818975766397404659e-01
7.883420926899188386e-01
8.064978499761108477e-01
7.421304681163124473e-01
5.268725208057867260e-01
6.190235447060523644e-01
7.410804564495161451e-01
5.308170090778786543e-01
4.739885998733318617e-01
7.515861287347638253e-01
4.759997333303703226e-01
7.722196913299036458e-01
5.171446349403882037e-01
7.988310981233124330e-01
7.703641151568350054e-01
7.912532361470683284e-01
5.051000566672962933e-01
6.415515727952532110e-01
7.341414904610052972e-01
5.000000000000000000e-01
7.147301636684851855e-01
7.859753997266636372e-01
7.131634795942176641e-01
6.520072445249391890e-01
7.873420815786842386e-01
7.576861965132944965e-01
7.411415682396471638e-01
5.374448604984499722e-01
7.276747519416881804e-01
7.644251602795586464e-01
6.815020166890743969e-01
7.705641173790819254e-01
7.542972699696662842e-01
7.111745686063178917e-01
7.688307647862753225e-01
8.195591062122912218e-01
7.891421015789065185e-01
7.614306825631396158e-01
8.104534494827719815e-01
7.648196091067678282e-01
7.996422182468694295e-01
8.121645796064400624e-01
5.000000000000000000e-01
8.161646240513783512e-01
8.096589962110689598e-01
8.108090089889887775e-01
5.000000000000000000e-01
8.076423071367460071e-01
7.886643184924276850e-01
4.983277591973244158e-01
8.064311825686951707e-01
8.002533361481796170e-01
8.230202557806198804e-01
5.000000000000000000e-01
7.612640140446006454e-01
5.000000000000000000e-01
8.226980299781107009e-01
8.190424338048201136e-01
7.918087978755319334e-01
8.154979499772220253e-01
8.147090523228035508e-01
7.986866520739118736e-01
8.217535750397226835e-01
8.144979388659874253e-01
7.762530694785497731e-01
8.076756408404538456e-01
5.000000000000000000e-01
8.170201891132125027e-01
7.942310470116334953e-01
8.322092467694085505e-01
8.069200768897430986e-01
8.056867298525539622e-01
8.032422582473139894e-01
5.000000000000000000e-01
7.942977144190490613e-01
8.217980199779997275e-01
8.289314325714729481e-01
8.052978366426293277e-01
8.200757786197624410e-01
8.008311203457816330e-01
7.676363070700785718e-01
8.047311636795965173e-01
5.031555906176734538e-01
7.794531050345003820e-01
7.618306870076334558e-01
8.189646551628352311e-01
5.581728685874287610e-01
8.236758186202070009e-01
8.130312559028434194e-01
5.000000000000000000e-01
7.715974621940243638e-01
8.145146057178412891e-01
8.115423504705606694e-01
6.231124790275447412e-01
8.157868420760229222e-01
8.141646018289091513e-01
8.063645151612794937e-01
5.434227046967188279e-01
5.864620718007977906e-01
4.873331925910288076e-01
7.877531972577472841e-01
8.091534350381671681e-01
5.000000000000000000e-01
8.081756463960709791e-01
8.077923088034311139e-01
8.142534917054634613e-01
7.886754297269968905e-01
8.130868120756897799e-01
8.147090523228035508e-01
7.662529583662041066e-01
8.145646062734031023e-01
7.865754063934042861e-01
5.986177624195824221e-01
8.051089456549517243e-01
7.889643218257980095e-01
5.294003266702962396e-01
8.001422238024866740e-01
7.875309725663619531e-01
7.821309125656952244e-01
5.327170301892243387e-01
5.367337414860164913e-01
7.982310914565716731e-01
8.056645073834155513e-01
7.925754730608116638e-01
5.367392971033011495e-01
7.687974310825675950e-01
8.001311125679173575e-01
7.804197824420270324e-01
5.245724952499472016e-01
5.134390382115356921e-01
5.000000000000000000e-01
4.741330459227324767e-01
4.940443782708696663e-01
7.443304925610284561e-01
5.050333892598807273e-01
7.929754775053056148e-01
7.912254580606452592e-01
7.648640540450448722e-01
7.894198824431382100e-01
5.050556117290192493e-01
7.746252736141512329e-01
7.702418915765729679e-01
7.776641962688474186e-01
5.251002788919876263e-01
5.837398193313259043e-01
7.663085145390504671e-01
7.793531039233769775e-01
7.396471071900798666e-01
8.056422849142768072e-01
5.560506227846976346e-01
5.000000000000000000e-01
7.219524661385126052e-01
5.213502372248579597e-01
7.128134757052856374e-01
5.979621995799953016e-01
7.339748219424661047e-01
7.608640096001066944e-01
7.728752541694907663e-01
4.992333248147201585e-01
7.276858631762574969e-01
5.000000000000000000e-01
5.119890221002455499e-01
5.228002533361482129e-01
6.719407993422149561e-01
7.236302625584728476e-01
7.373748597206636335e-01
7.258969544106046445e-01
7.339637107078966771e-01
7.398748874987500779e-01
6.993744374937499453e-01
7.078411982355359289e-01
7.220746897187746427e-01
7.066522961366238365e-01
7.393415482394248839e-01
7.131523683596484586e-01
7.320525783619817872e-01
7.331970355226170577e-01
6.956632851476126644e-01
7.563861820686896831e-01
7.215969066322959202e-01
7.040078223091368326e-01
6.951855020611339420e-01
7.147523861376237075e-01
7.387637640418227569e-01
7.561639573773042411e-01
6.612740141557128526e-01
7.673529705885620000e-01
7.286636518183534639e-01
7.012189024322492692e-01
7.605195613284591039e-01
7.517527972533027958e-01
7.183635373726373619e-01
7.557528416982410846e-01
7.008411204568938402e-01
7.393748819431327224e-01
7.711419015766842744e-01
7.079189768775209224e-01
7.599973333037033374e-01
7.955977288636540967e-01
7.622973588595427508e-01
7.187635418171312018e-01
7.421304681163124473e-01
7.615306836742630203e-01
7.225746952743918872e-01
7.352303914487937631e-01
7.355915065722952173e-01
7.831198124423605078e-01
7.658862876254179941e-01
7.145634951499459930e-01
7.546194957721752417e-01
7.091301014455715368e-01
7.476860854009488300e-01
7.515083500927788318e-01
7.030967010744563206e-01
7.344303825598063051e-01
7.549750552783920376e-01
7.623751375015278553e-01
7.571417460194002080e-01
7.759863998488872872e-01
7.102190024333604468e-01
7.768419649107213276e-01
7.480083112034577875e-01
7.368304092267691230e-01
7.270080778675318545e-01
7.599417771308571989e-01
7.120634673718597707e-01
7.667751863909599841e-01
7.594528828098090489e-01
7.464194046600518551e-01
7.558750652785032331e-01
7.660307336748185536e-01
7.342748252758364291e-01
7.692196579962000680e-01
7.126856965077389416e-01
7.069522994699941609e-01
7.356526183624262361e-01
7.454749497216636156e-01
7.515305725619173538e-01
7.545083834264825207e-01
7.437193746597183797e-01
6.376070845231613937e-01
7.591195457727308860e-01
7.521639129323660633e-01
7.071300792231025589e-01
6.318959099545550240e-01
7.470749674996388645e-01
6.577406415626839697e-01
7.320748008311204202e-01
7.269414104601161775e-01
6.714074600828897621e-01
7.374637495972177215e-01
7.405748952766141313e-01
7.376193068811874864e-01
7.324636940410449437e-01
7.105301170013000878e-01
6.721463571817464233e-01
7.722863587373193228e-01
7.532305914510161182e-01
7.393748819431327224e-01
7.286080956455072144e-01
7.399637773753042769e-01
7.068078534205934904e-01
7.357637307081189570e-01
6.713407926754741961e-01
6.580628673651929272e-01
7.358748430538117891e-01
6.960077334192602549e-01
6.598628873654152072e-01
7.408748986099844558e-01
6.625073611929019890e-01
6.555850620562451159e-01
7.679863109590105985e-01
6.771297458860653373e-01
7.311081234235936588e-01
7.234747052745030826e-01
6.193957710641229131e-01
5.926732519250212938e-01
6.325070278558651005e-01
7.046411626795854311e-01
6.020178001977800619e-01
6.962521805797842189e-01
6.687296525516950307e-01
7.330414782386470707e-01
6.366626295847731543e-01
6.098734430382559690e-01
6.513739041544905906e-01
6.448960544006044904e-01
5.963399593328814197e-01
6.677407526750296363e-01
6.008733430371447914e-01
6.217846864965166365e-01
7.242191579906442911e-01
7.350192779919777486e-01
7.154635051500571885e-01
7.524194713274592328e-01
7.481527572528583470e-01
7.760641784908721696e-01
7.955310614562384197e-01
7.420638007088966592e-01
7.225969177435305202e-01
7.592862142912697454e-01
8.066200735563728852e-01
7.338748208313425891e-01
7.523528039200435558e-01
7.587417637973756790e-01
7.392637695974400014e-01
7.341859353992822301e-01
7.186302070023000699e-01
7.671196346626073526e-01
7.242191579906442911e-01
7.358748430538116780e-01
7.248747208302315226e-01
6.703185590951009631e-01
7.353303925599172786e-01
7.539528216980189157e-01
7.673974155268392661e-01
7.334081489794331832e-01
7.245524950277224541e-01
7.650307225635839536e-01
7.066078511983466814e-01
7.693974377493082439e-01
7.018855765064055952e-01
7.337637084856498682e-01
7.755530617006856087e-01
7.699085545394950270e-01
7.498416649073877949e-01
7.573528594762164445e-01
7.438749319436881446e-01
7.657751752797252731e-01
7.721752463916266018e-01
7.817642418249091119e-01
7.935088167646308088e-01
7.825198057756196368e-01
7.669418549094990656e-01
7.654751719463549486e-01
7.655862842920477807e-01
7.459416215735732436e-01
7.962199579995334897e-01
7.474083045367170275e-01
7.723530261447349998e-01
7.521861354015044743e-01
7.363415149057213061e-01
7.544306047844976382e-01
7.831864798497760738e-01
7.119745774953055717e-01
7.512750141668239623e-01
7.741086012066802358e-01
7.620973566372959418e-01
7.189413215702397109e-01
7.555417282414249591e-01
8.087200968899654896e-01
7.509638995988844323e-01
7.705196724408048814e-01
7.815642396026623029e-01
7.907421193568817674e-01
7.743086034289269337e-01
7.742308247869420512e-01
7.543083812042356007e-01
7.145301614462382656e-01
7.579861998466650430e-01
7.749974999722218927e-01
7.673863042922699496e-01
7.793086589850998225e-01
7.566084067600751251e-01
7.687196524405827125e-01
7.508305647840531893e-01
7.425082500916676542e-01
7.691752130579228020e-01
7.725752508361203308e-01
7.649862776253069097e-01
7.341748241647129136e-01
7.470305225613618205e-01
7.330970344114935422e-01
7.629529216991299823e-01
7.320192446582740597e-01
7.763086256513960226e-01
7.738752652807252552e-01
7.590862120690229364e-01
6.991077678640874593e-01
7.533750375004166777e-01
7.219080212002355612e-01
7.648307203413371447e-01
7.428749208324536557e-01
7.694863276258625540e-01
7.694641051567241430e-01
7.388970988566539999e-01
7.522083578706429963e-01
7.390082112023466099e-01
7.502083356481739074e-01
6.996855520616896973e-01
7.454971721908021376e-01
7.632640362670697343e-01
7.601084456493960584e-01
7.192857698418871903e-01
7.131745908287869806e-01
7.655196168846321036e-01
7.432082578695319297e-01
7.410082334248158098e-01
7.250302781142012876e-01
6.932188135423726916e-01
7.204191157679529223e-01
7.465971844131601420e-01
6.788630984788719402e-01
6.725185835398170831e-01
6.605184502050023276e-01
6.641851576128623424e-01
6.926521405793397701e-01
6.685518727985866327e-01
7.361526239180435915e-01
7.482416471294125460e-01
6.773408593428815738e-01
7.373193035478171620e-01
7.109634551495016552e-01
6.269958555095056507e-01
7.153079478660873125e-01
6.479183102034467012e-01
7.171857465082946970e-01
7.039411549017211556e-01
7.080078667540750104e-01
6.959966221846910495e-01
7.472638584873165790e-01
7.441082678696430142e-01
7.643862709585661497e-01
7.781419793553262521e-01
7.681863131812575185e-01
7.264191824353604110e-01
7.482305358948431184e-01
7.702641140457116009e-01
7.072967477416416404e-01
7.575195279947555260e-01
7.637084856498406182e-01
7.487305414504604739e-01
7.796419960221779855e-01
7.174301936688185499e-01
7.739641551572795652e-01
7.728863654040598608e-01
7.695863287369859584e-01
7.547417193524371681e-01
7.614640162668473433e-01
7.104745608284537273e-01
7.773864154046156161e-01
7.527639195991066012e-01
7.742086023178035292e-01
7.541306014511272027e-01
7.657529528105868621e-01
7.401526683629817693e-01
7.720530228113645643e-01
7.607417860198446569e-01
7.732085912065690403e-01
7.715085723174701648e-01
7.743308258980654557e-01
7.711530128112533689e-01
7.666307403415593136e-01
7.953199479994222942e-01
6.224569161879576207e-01
7.909198991099900544e-01
7.769752997255523486e-01
7.974310825675841041e-01
7.826975855287281458e-01
7.349970555228391156e-01
7.702418915765730789e-01
7.720530228113646753e-01
7.360748452760585980e-01
7.758197313303480946e-01
7.774864165157390206e-01
7.786642073800820185e-01
7.843198257758419167e-01
7.644084934277047827e-01
7.536417071300791637e-01
7.463082923143590230e-01
8.073311925688062551e-01
7.864087378748653157e-01
7.707307858976211179e-01
7.952643918265758227e-01
7.760197335525949036e-01
7.725863620706896473e-01
7.921754686163178238e-01
7.830420338003755143e-01
7.682752030578117175e-01
7.763197368859654501e-01
7.810864565161835804e-01
7.887643196035512005e-01
7.617084634273714183e-01
7.981310903454483796e-01
7.812197913310148234e-01
7.780086445404948980e-01
7.634195935510394992e-01
7.260858453982822480e-01
7.727974755275059948e-01
7.716752408360092463e-01
7.344526050289448271e-01
7.893643262702919605e-01
7.770641896021066586e-01
7.816753519483549129e-01
7.850309447882753977e-01
7.514861276236401988e-01
7.850753897265525527e-01
7.769086323181368936e-01
7.729196991077679213e-01
7.585750952788363755e-01
7.463860709563439055e-01
7.357303970044111185e-01
7.805642284914277029e-01
7.796308847876087800e-01
7.651973910821230351e-01
7.868087423193591556e-01
7.588862098467760164e-01
7.365526283625373205e-01
7.849309436771518822e-01
7.838753763930710328e-01
7.385748730541451534e-01
7.880754230602562416e-01
7.780530894787718310e-01
7.616417960199557413e-01
7.926976966410738124e-01
7.155968399648884315e-01
7.021078011977910371e-01
7.137301525572506966e-01
7.525528061422904758e-01
6.665185168724097053e-01
7.363415149057211950e-01
7.514972388582096263e-01
7.426860298447761632e-01
7.635973733041478972e-01
6.839742663807375500e-01
7.880087556528405646e-01
7.241969355215058801e-01
7.683196479960887615e-01
7.657751752797252731e-01
7.864754052822808816e-01
7.641751575017499132e-01
6.514516827964754730e-01
7.400082223135813209e-01
7.595639951555017699e-01
7.108078978655318902e-01
7.309636773741930993e-01
7.015522394693274322e-01
6.957188413204591360e-01
6.577073078589761312e-01
7.280080889787663434e-01
7.133412593473262842e-01
6.373737485972066352e-01
7.011411237902643867e-01
7.458971766352959776e-01
7.496972188579874574e-01
7.165746286069845095e-01
6.984188713207923893e-01
6.127401415571284149e-01
6.606406737852641431e-01
6.891521016900187258e-01
6.912743474927498522e-01
7.060411782353136489e-01
6.292847698307759696e-01
7.146079400882232591e-01
6.966188513205703314e-01
6.477405304503383032e-01
6.810964566272957876e-01
6.805631173679707047e-01
6.865076278625317219e-01
6.856965077389748364e-01
6.736741519350215590e-01
5.545283836487072682e-01
5.432282580917565662e-01
6.857742863809597189e-01
6.821853576150846976e-01
6.886520961344015923e-01
6.591739908221202482e-01
7.105190057667307713e-01
6.962410693452150134e-01
6.213624595828842745e-01
6.659962888476538279e-01
6.892187690974344028e-01
6.496405515616840987e-01
6.896743297147746032e-01
6.541183790931011099e-01
6.819297992199915281e-01
6.878298647762752793e-01
6.946854965055166975e-01
6.709296769964110396e-01
6.680518672429693883e-01
6.412293469927443645e-01
6.745741619351326435e-01
6.528072534139268690e-01
6.852853920599117910e-01
6.391071011900131271e-01
6.628740319336881015e-01
6.526072511916798380e-01
7.161190679896443090e-01
6.402848920543561251e-01
6.891965466282958808e-01
6.394848831653685561e-01
7.100190002111134158e-01
6.740963788486539210e-01
7.090967677418638093e-01
6.594962166246292057e-01
6.511627906976743541e-01
6.157401748908322148e-01
6.796631073678596202e-01
6.797408860098446137e-01
6.795408837875976937e-01
6.425960288447649660e-01
6.705185613173478831e-01
6.269069656329514517e-01
6.629740330448116170e-01
7.176079734219269479e-01
6.723296925521394796e-01
7.053967266302958450e-01
6.607406748963877696e-01
6.676185290947678208e-01
6.660851787242081379e-01
6.444293825486949734e-01
6.269847442749363342e-01
6.603628929210325627e-01
6.897076634184824417e-01
5.968066311847910477e-01
6.889409882332024893e-01
5.652285025389169881e-01
6.283847598306648852e-01
6.429626995855508564e-01
6.576961966244069258e-01
6.892187690974344028e-01
7.114745719396882162e-01
6.415737952643918440e-01
6.292625473616373366e-01
6.924299158879542171e-01
6.564517383526484728e-01
6.492849920554673027e-01
5.625618062422915733e-01
6.282736474849721642e-01
5.775508616762408121e-01
5.910732341470460449e-01
6.321070234113712605e-01
5.298836653740597313e-01
6.380848676096401162e-01
5.917065745174946434e-01
5.999622218024645015e-01
6.686074289714329932e-01
5.948732763697374137e-01
6.049400548894987573e-01
5.610062334025933684e-01
5.973621929132546526e-01
6.278069756330626472e-01
6.231791464349604182e-01
4.750163890709896974e-01
5.845731619240213117e-01
5.989399882220913796e-01
4.813053478371982496e-01
6.207068967432970430e-01
5.061945132723697505e-01
6.235180390893231284e-01
5.193835487060967093e-01
5.232502583362037551e-01
6.371848576095289207e-01
5.027278080867565446e-01
6.181402015577950326e-01
5.687174301936688270e-01
4.944166046289403260e-01
6.040289336548183563e-01
5.558395093278813981e-01
5.918287980977566809e-01
5.275058611762353245e-01
5.283114256825075516e-01
5.093167701863353658e-01
4.708274536383737496e-01
5.888287647640528810e-01
4.767941866020733999e-01
5.531283680929788282e-01
5.772508583428704876e-01
5.950177224191380843e-01
5.583728708096755700e-01
6.083512039022656026e-01
6.030955899509994333e-01
5.389393215480172694e-01
4.736608184535383570e-01
4.842776030844786472e-01
6.942410471227458135e-01
7.036189290992123091e-01
6.934188157646196116e-01
7.311636795964400193e-01
6.975188613206813049e-01
7.104190046556072557e-01
6.943854931721464840e-01
6.793742152690586122e-01
7.194635495949954773e-01
7.140968232980366981e-01
6.933521483572038235e-01
7.100856676185289817e-01
7.080412004577829599e-01
7.055967288525427650e-01
7.040189335437060381e-01
7.069300770008556389e-01
7.100745563839597763e-01
6.622295803286702975e-01
7.131523683596484586e-01
6.959521772464137834e-01
7.259302881143123720e-01
7.312192357692863798e-01
7.063856265069612395e-01
7.356081734241490810e-01
6.791075456393960152e-01
7.034744830498116386e-01
7.334192602140023887e-01
7.178301981133122789e-01
6.928576984188713483e-01
7.068856320625784839e-01
7.220969121879132757e-01
7.278858653985045279e-01
6.922854698385537686e-01
6.473738597095523017e-01
6.764964055156169609e-01
6.515294614384604666e-01
7.112190135445949357e-01
7.095745508283425318e-01
7.153301703352259455e-01
7.163079589773219125e-01
6.494627718085755896e-01
6.685518727985867438e-01
7.078967544083822894e-01
6.787853198368870578e-01
6.421626906965633985e-01
7.113301258902876567e-01
7.214191268791875222e-01
7.265414060156223375e-01
5.764286269847441746e-01
7.182079800886675969e-01
7.098023311370126320e-01
6.675074167490750998e-01
6.663074034155934688e-01
6.833964821831353120e-01
6.783742041578240123e-01
7.079411993466594444e-01
7.258525094723276005e-01
6.258958432871476463e-01
6.657962866254069079e-01
6.710074556383960331e-01
6.828409204546718181e-01
6.793075478616428242e-01
6.838742652696141455e-01
7.060411782353137600e-01
6.885409837887087603e-01
6.365070723008033893e-01
6.717185746508294031e-01
6.083178701985576531e-01
6.946966077400860140e-01
6.443071589684329359e-01
6.437738197091078529e-01
6.782519805775619748e-01
6.585850953899486937e-01
7.077411971244124134e-01
6.513739041544905906e-01
6.375181946466071947e-01
7.009522328025867832e-01
6.875076389737664329e-01
6.815409060100667826e-01
5.982288692096578986e-01
6.624740274891943725e-01
6.259847331637018453e-01
6.339514883498705844e-01
6.393959932888142461e-01
6.694407715641285117e-01
6.370181890909898392e-01
6.548628318092423184e-01
6.729408104534494450e-01
5.810397893309926509e-01
6.140957121745798108e-01
6.610073445260502556e-01
6.406182290914343991e-01
6.279514216824630957e-01
6.701852242802698312e-01
6.289292103245591736e-01
6.202513361259569535e-01
6.057178413093478042e-01
6.621406904521163206e-01
4.780164224046933863e-01
6.163735152612807022e-01
6.191957688418761041e-01
5.674507494527716300e-01
6.521072456360625935e-01
5.768175201946688091e-01
6.379681996466627369e-01
6.064734052600584402e-01
6.189957666196290731e-01
6.404848942766030451e-01
5.945510505672284562e-01
6.121845798286646989e-01
6.142957143968266198e-01
6.810186779853109051e-01
5.603840042667140864e-01
5.539172657473971917e-01
6.163735152612808132e-01
6.057067300747785987e-01
5.198613317925755428e-01
4.735274836387070585e-01
5.313281258680652153e-01
5.214502383359814752e-01
5.493616595739951869e-01
6.300958899543327441e-01
6.061622906921187992e-01
5.563617373526372756e-01
6.005733397037745780e-01
6.259513994599938957e-01
4.874165268502982928e-01
5.899176657518416800e-01
7.182968699652219069e-01
6.949966110734564495e-01
6.505072278580873446e-01
6.877520861342903968e-01
6.963966266291846674e-01
7.089189879887554113e-01
7.150190557672864156e-01
7.082634251491681798e-01
6.929854776164179331e-01
7.147634973721930240e-01
6.949966110734563385e-01
7.145523839153768986e-01
7.183079811997911124e-01
7.235080389782109211e-01
6.916076845298280151e-01
6.999855553950599107e-01
6.947632751475016910e-01
7.206302292247691588e-01
7.281525350281670139e-01
6.987077634195935083e-01
7.047633862598474686e-01
7.428638095978843392e-01
7.178857542861587504e-01
7.286636518183534639e-01
7.336192624362491976e-01
7.040522672474138766e-01
7.339859331770353101e-01
7.062300692229913635e-01
7.052189468771874470e-01
7.136079289769885481e-01
7.286303181146457364e-01
6.957855087278747019e-01
7.236191513239036421e-01
7.304192268802986998e-01
7.232747030522561626e-01
6.414626829186991230e-01
7.237747086078734071e-01
6.949299436660407725e-01
7.171746352737251584e-01
7.169524105823398274e-01
7.515194613273480373e-01
6.754408382315358894e-01
7.287636529294769794e-01
7.328303647818308342e-01
7.152746141623796960e-01
7.170301892243247099e-01
7.127079189768775747e-01
7.261414015711286085e-01
6.576739741552684038e-01
6.737185968732986030e-01
6.554961721796909169e-01
6.892854365048499687e-01
6.861742908254536699e-01
7.366859631773685635e-01
6.875743063811818878e-01
7.023189146546072736e-01
6.325181390904343059e-01
7.305858953988377813e-01
6.754186157623971454e-01
7.203413371259681508e-01
6.991966577406416583e-01
7.140634895943287486e-01
6.468627429193658518e-01
7.257747308303426070e-01
6.886743186035400033e-01
6.549406104512272009e-01
6.556183957599529544e-01
6.213735708174535910e-01
6.593406593406594407e-01
7.058745097167746785e-01
6.931299236658184926e-01
6.903187813197924072e-01
7.057522861365125300e-01
7.186190957677307534e-01
6.853187257636195184e-01
6.545850509450105159e-01
6.616629073656373761e-01
6.726296958855098040e-01
6.701296681074233597e-01
6.605184502050023276e-01
6.055956177290859888e-01
6.699963332925921167e-01
6.796742186024289367e-01
6.620962455138390546e-01
6.917632418137978911e-01
6.313625706952299410e-01
6.367737419304659863e-01
6.409515661285125621e-01
6.672740808231203413e-01
6.437071523016921759e-01
6.494183268702985456e-01
6.462182913143479368e-01
6.339403771153011569e-01
6.324181379793107904e-01
6.925410282336471601e-01
6.337514861276236644e-01
5.808397871087456199e-01
5.665285169835220236e-01
6.428960321781354015e-01
5.853509483438705807e-01
6.443738263758487239e-01
5.351115012389026093e-01
6.214624606940077900e-01
6.534294825498061510e-01
6.511850131668128761e-01
6.064622940254891237e-01
6.192402137801530371e-01
6.662740697118856303e-01
6.480627562528472607e-01
5.906287847642751609e-01
6.370126334737052920e-01
6.094067711863464520e-01
5.809842331581462904e-01
5.772841920465783261e-01
5.988177646418294531e-01
6.001733352592806270e-01
6.496738852653918261e-01
6.085956510627895666e-01
6.008844542717141080e-01
5.703063367370748704e-01
5.795953288369870560e-01
6.321292458805097825e-01
5.803842264914054194e-01
6.194179935332615461e-01
5.697952199468883094e-01
5.519950221669129853e-01
6.222680252002800172e-01
6.468294092156580133e-01
7.241191568795208866e-01
6.640629340326004160e-01
7.056522850253891255e-01
7.569861887354304431e-01
7.516194624384715528e-01
6.610629006988966161e-01
7.339803775597505409e-01
7.308858987322081058e-01
7.462971810797898176e-01
7.263302925588062120e-01
7.787086523183590625e-01
7.408360092889920701e-01
8.089534328159202481e-01
7.244302714474605276e-01
7.624973610817898928e-01
7.596195513283481304e-01
6.770519672440804548e-01
7.801864465160723849e-01
7.168635207057856285e-01
7.313636818186869393e-01
8.145312725696952638e-01
7.313747930532560337e-01
5.693841042678251529e-01
7.469971888576538710e-01
7.737197079967554902e-01
8.151201680018667073e-01
7.870865231835908471e-01
7.417304636718186073e-01
7.761752908365648906e-01
7.000300003333370658e-01
7.866754075045276906e-01
8.025755841731575524e-01
8.141868242980477843e-01
7.643751597239970552e-01
7.749974999722220037e-01
7.904754497272192815e-01
8.070645229391437692e-01
7.535639284880942812e-01
8.247647196079956888e-01
7.598528872543027779e-01
8.114812386804298727e-01
7.296747741641573803e-01
7.547083856487295517e-01
7.560084000933343651e-01
8.236313736819298459e-01
7.529305881176457937e-01
8.173146368292982800e-01
6.817853531705907466e-01
7.546694963277369439e-01
7.479305325614729050e-01
7.685807620084667002e-01
7.505250058333980956e-01
7.652196135512616681e-01
8.005200057778421030e-01
7.245858287314304036e-01
7.815753508372316194e-01
7.247413860154001686e-01
7.471916354626163548e-01
7.058189535439282070e-01
7.317414637940422573e-01
7.761919576884186434e-01
7.662751808353427396e-01
8.114645718285757869e-01
7.244413826820297331e-01
7.986866520739119846e-01
7.792864365159611895e-01
5.138390426560295321e-01
7.783530928121424886e-01
8.144868276314181088e-01
7.508638984877610278e-01
8.131201457793975074e-01
7.684752052800586375e-01
8.147090523228035508e-01
7.964755163946266592e-01
8.094978833098145365e-01
7.563639595995510501e-01
7.613640151557239388e-01
7.801975577506418125e-01
7.563861820686895721e-01
6.825409171213013826e-01
8.071423015811286517e-01
7.578639762664030055e-01
8.109756775075278590e-01
7.569417437971532880e-01
7.383637595973289169e-01
7.953643929376993382e-01
7.416526850298337248e-01
7.965310725674731307e-01
6.855409504550050714e-01
7.530750341670462422e-01
7.690863231813688250e-01
7.937143746041623871e-01
7.616973521928021018e-01
7.963199591106567832e-01
7.195079945332725213e-01
7.604084489827664939e-01
7.665529616995744311e-01
7.341748241647129136e-01
7.355192835475949931e-01
7.769197435527062101e-01
7.856531739241546797e-01
7.467194079934221795e-01
7.941421571350792963e-01
7.311970133001478578e-01
7.621751352792809353e-01
7.383859820664674389e-01
7.278636429293658949e-01
7.781642018244647740e-01
7.955643951599462582e-01
5.608173424149157649e-01
7.469305214502384160e-01
7.871254125045834549e-01
8.045422726919188028e-01
7.412304581162013628e-01
7.753419482438693722e-01
7.781642018244646630e-01
5.802953366148513314e-01
7.471527461416238580e-01
7.019300214446826391e-01
7.268191868798541400e-01
6.732963699596662410e-01
7.589528772541916934e-01
7.082523139145990854e-01
7.076189735441504869e-01
7.650418337981533812e-01
7.681752019466883130e-01
7.429193657707308107e-01
6.758630651451682514e-01
7.547306081178679626e-01
8.071423015811287627e-01
7.842309358992877177e-01
7.798975544172712659e-01
7.411526794742163693e-01
7.785975399726663415e-01
8.026200291114344854e-01
7.848309425660284777e-01
7.390693229924776286e-01
7.618862431804799273e-01
7.322081356459516632e-01
6.724741386015399280e-01
7.517972421915799508e-01
7.930643673818597028e-01
7.905421171346348475e-01
7.287303192257692519e-01
8.198313314592383660e-01
7.408748986099845668e-01
6.417293525483616090e-01
7.995422171357460250e-01
7.788975433060366660e-01
7.538139312659030145e-01
7.728974766386292883e-01
8.155646173846375913e-01
7.780642007133411475e-01
7.496861076234180299e-01
7.207968977433083513e-01
6.397626640296003586e-01
7.545917176857520614e-01
7.844087156523960047e-01
7.418860209557884833e-01
7.903310036778186110e-01
8.061534017044633682e-01
8.136090401004455464e-01
7.639751552795031042e-01
6.788630984788719402e-01
8.000755563950709970e-01
7.310692341026010510e-01
7.784419826886963545e-01
7.986310959010656241e-01
7.758641762686251386e-01
8.107923421371350248e-01
7.751975021944688127e-01
7.807364526272514427e-01
8.183757597306637876e-01
7.768086312070133781e-01
7.523861376237513943e-01
7.475527505861175870e-01
6.940521561350680990e-01
7.975199724441383031e-01
8.149534994833276258e-01
7.592195468838542904e-01
7.719641329348103653e-01
7.921310236780410019e-01
7.606528961432904579e-01
7.586862076245290964e-01
8.189646551628351201e-01
7.766864076267514516e-01
7.985977621973576746e-01
8.127645862731807114e-01
7.317970199668886178e-01
7.816642407137858184e-01
8.054422826920299983e-01
8.104645607173412980e-01
7.664307381193125046e-01
7.646751630573673797e-01
7.708307870087446334e-01
7.291969910776786579e-01
8.088200980010888941e-01
8.004866720741342645e-01
8.144868276314181088e-01
8.075311947910532862e-01
7.737641529350326453e-01
7.601084456493960584e-01
7.999977777530862255e-01
8.154312825698061262e-01
7.971421904687830962e-01
7.398971099678884888e-01
7.546583850931676274e-01
8.107756752852808280e-01
7.816420182446470744e-01
7.816197957755087744e-01
8.033644818275758048e-01
7.442416026844742571e-01
7.353637262636250060e-01
7.600251113901264066e-01
7.920865787397637359e-01
6.640962677363081434e-01
5.000000000000000000e-01
8.022978033089256389e-01
7.889087656529517600e-01
7.701196679963110414e-01
8.089089878776429821e-01
8.007755641729351614e-01
7.706863409593440739e-01
7.242191579906442911e-01
5.271558572873031867e-01
7.445527172524140092e-01
5.598562206246735506e-01
7.696641073789709520e-01
7.790364337381525672e-01
7.444638273758598102e-01
7.189690996566628911e-01
7.453805042278247583e-01
5.392115467949644136e-01
7.354637273747487436e-01
7.645862731808130697e-01
6.881298681096456038e-01
7.919754663940710149e-01
6.570461894021044635e-01
6.476571961910687625e-01
5.000000000000000000e-01
7.622529139212659288e-01
7.729308103423371268e-01
5.000000000000000000e-01
5.298447760530673456e-01
7.398026644740496316e-01
7.982088689874332621e-01
7.564750719452438821e-01
6.960410671229680935e-01
5.828675874176380001e-01
5.980344226046956368e-01
7.769419660218448431e-01
7.370081889798776320e-01
7.736085956510626582e-01
7.867976310847897281e-01
7.956421738019311407e-01
7.862420693563261231e-01
8.091978799764442121e-01
7.439638218202423436e-01
7.311636795964400193e-01
8.011866798519982069e-01
7.851087234302603912e-01
8.050311670129668418e-01
7.879420882454248876e-01
7.295414393493261374e-01
6.936965966288515251e-01
8.143757152857254988e-01
5.000000000000000000e-01
5.000000000000000000e-01
7.408304536717074118e-01
7.475916399071100837e-01
7.758808431204792244e-01
5.000000000000000000e-01
7.764752941699353261e-01
7.799086656518405825e-01
8.010866787408749135e-01
7.176746408293426249e-01
5.000000000000000000e-01
5.000000000000000000e-01
5.000000000000000000e-01
7.418304647829421228e-01
7.922532472583028174e-01
6.635962621806908990e-01
5.989510994566606961e-01
7.783308703430037445e-01
7.244191602128912111e-01
7.916087956532851244e-01
7.818309092323247889e-01
8.190868787430971576e-01
7.831864798497760738e-01
8.064867387415415312e-01
8.273314147934976992e-01
7.781308681207568245e-01
7.904976721963576924e-01
7.419971333014810932e-01
7.560972899698885641e-01
7.823864709607885048e-01
5.147779419771330023e-01
8.175757508416759967e-01
7.993866598517762601e-01
5.755119501327792264e-01
6.461905132279248676e-01
7.822198024422493123e-01
5.860565117390192924e-01
6.550183890932120834e-01
5.037944866054067106e-01
5.023278036422627046e-01
8.122756919521327834e-01
7.103301147790531678e-01
5.929843664929610458e-01
6.680296447738308663e-01
6.362459582884254505e-01
8.103090034333715330e-01
8.068478538650430965e-01
5.386893187702086472e-01
7.975977510861231856e-01
7.869642996033288096e-01
7.791531017011300575e-01
7.778753097256636551e-01
7.682085356503961515e-01
5.016722408026755842e-01
7.951088345426061688e-01
7.975755286169845526e-01
6.408737874865275685e-01
6.171290792119912272e-01
4.919499105545618312e-01
8.050200557783975253e-01
7.864198491094345211e-01
7.919976888632096479e-01
5.633007033411482345e-01
5.773175257502860536e-01
7.984310936788185931e-01
5.296003288925432706e-01
6.071011900132223804e-01
7.939643773819708983e-01
8.034533717041300038e-01
7.810420115779064254e-01
8.046533850376115238e-01
7.946532739252658573e-01
7.687529861442905510e-01
5.151001677796419598e-01
5.656173957488417336e-01
7.624084712052355828e-01
8.229091434349271594e-01
7.914865720730228649e-01
8.168979655329503542e-01
4.751386126512516794e-01
5.373726374737497480e-01
7.476194179935332640e-01
5.358559539550439288e-01
6.151235013722373690e-01
6.459182879809775013e-01
5.149390548783875365e-01
7.764086267625196491e-01
7.494305492283246384e-01
6.245236058178423866e-01
5.000000000000000000e-01
5.997511083456483760e-01
4.856887298747764037e-01
7.827864754052822338e-01
5.510950121668019008e-01
5.579284214269046860e-01
6.734630384782053225e-01
4.878054200602228718e-01
8.028311425682508329e-01
5.136612629029211341e-01
7.978866431849243046e-01
5.225502505583395907e-01
5.122668029644773524e-01
7.627862531805909008e-01
5.740841564906277172e-01
5.713507927865865144e-01
7.799975555283948925e-01
7.554528383648708711e-01
5.365059611773463910e-01
5.491227680307558812e-01
5.883843153812819970e-01
6.374404160046223122e-01
6.879631995911066333e-01
6.529405882287581120e-01
7.588084312047911340e-01
7.746974966388515682e-01
7.815864620718007139e-01
7.235969288547650091e-01
6.323181368681873860e-01
7.309192324359158333e-01
7.876309736774854686e-01
8.155090612117913418e-01
8.256647296081067733e-01
7.738085978733096892e-01
7.750419449104988256e-01
7.358748430538117891e-01
8.087534305936733281e-01
7.647196079956444237e-01
6.771630795897731758e-01
7.946421626906965407e-01
7.836531517016855908e-01
7.882976477516416836e-01
6.767741863798486524e-01
7.101412237913754533e-01
7.492527694752164624e-01
7.234858165090725102e-01
7.809420104667829099e-01
7.466638518205757080e-01
7.522861365126278788e-01
7.948643873820819827e-01
8.106423404704496960e-01
7.819531328125869374e-01
7.765864065156279361e-01
7.492749919443549844e-01
6.580295336614850887e-01
6.626184735385949320e-01
8.014755719507994369e-01
8.259647329414772088e-01
7.984422049133879096e-01
7.715974621940242528e-01
7.886976521961355235e-01
7.985199835553727921e-01
8.116867965199612289e-01
7.485972066356292309e-01
7.772530805897843731e-01
7.795197724419159480e-01
8.080089778775321196e-01
6.847964977388637520e-01
8.095201057789531696e-01
7.591195457727306639e-01
8.176313070145223572e-01
7.947532750363892617e-01
8.122090245447171064e-01
8.015422393582150029e-01
8.098978877543083765e-01
8.155423949154990693e-01
8.200313336814853971e-01
7.640751563906265087e-01
7.844642718252425873e-01
7.461749574995277801e-01
8.159201768908541652e-01
7.855753952821697972e-01
7.798975544172712659e-01
7.937643751597239783e-01
7.526083623151368363e-01
7.739641551572796763e-01
8.028644762719585604e-01
8.137645973844154224e-01
7.781864242936031850e-01
7.655751730574782421e-01
8.107312303470040060e-01
7.926088067645196134e-01
8.012311247902753619e-01
7.984866498516650646e-01
7.589973221924688485e-01
7.827420304670050788e-01
7.999199991111012320e-01
8.178313092367693882e-01
7.639640440449338987e-01
8.096978855320615676e-01
7.541417126856966302e-01
7.710196779964221259e-01
8.015311281236459084e-01
7.304081156457293833e-01
7.631084789830997472e-01
7.863420704674497497e-01
7.859420660229557987e-01
7.707418971321903234e-01
7.571750797231080465e-01
8.024089156546183599e-01
7.626862520694674963e-01
7.093967710752340228e-01
7.944199379993110988e-01
7.774864165157391316e-01
7.675640840453782365e-01
7.837087078745319513e-01
7.903421149123879275e-01
7.596862187357638074e-01
7.542639362659585567e-01
8.025644729385883469e-01
8.011644573828599070e-01
7.722974699718885283e-01
7.778641984910943386e-01
7.972644140490450226e-01
7.962088467649641732e-01
7.960421782464250917e-01
7.777641973799709341e-01
6.857742863809598299e-01
7.716530183668708354e-01
7.240413782375358931e-01
7.738085978733096892e-01
7.560528450316114091e-01
7.679196435515950325e-01
7.829420326892519988e-01
7.634529272547472267e-01
7.528083645373837562e-01
7.757419526883632122e-01
7.083189813220146513e-01
7.527972533028144397e-01
7.498305536728185894e-01
7.466527405860065025e-01
7.488416537961531949e-01
7.514305714507939493e-01
7.591195457727307749e-01
7.678196424404715170e-01
7.494972166357404264e-01
7.388415426838076394e-01
7.369748552761696825e-01
7.696085512061245915e-01
7.372415249058322795e-01
7.408526761408460448e-01
6.464738497094413283e-01
7.775419726885854921e-01
7.842420471338569232e-01
7.863198479983111167e-01
6.988855431727019063e-01
7.642751586128733177e-01
8.042533805931177948e-01
7.384415382393137994e-01
8.023089145434949554e-01
7.832309247880532288e-01
7.847198302203357567e-01
6.557628418093534028e-01
7.771530794786608576e-01
7.573084145379394005e-01
7.851198346648297077e-01
7.899198879987555655e-01
8.020422449138323584e-01
7.735752619473550418e-01
8.101090012111245020e-01
8.213091256569517995e-01
8.052422804697830783e-01
8.254758386204291698e-01
7.742863809597884117e-01
8.028422538028201494e-01
7.806308958988432689e-01
8.311870131890355395e-01
7.848642762697362052e-01
8.250313892376582858e-01
8.005533394815498305e-01
7.640862676251958252e-01
7.999755552839475925e-01
8.195091056567296306e-01
7.727752530583673618e-01
8.123534705941177769e-01
8.126979188657652564e-01
8.126756963966266234e-01
7.869420771341903986e-01
7.918532428138090884e-01
7.790642118245757475e-01
7.711974577495305239e-01
7.757975088612095727e-01
8.008311203457816330e-01
8.090645451616129691e-01
8.141312681252014238e-01
7.868309647884976776e-01
8.153646151623907823e-01
7.226413626818075642e-01
8.199979999777774475e-01
7.656751741686017576e-01
7.818753541706019439e-01
8.228980322003578429e-01
8.168868542983810377e-01
7.740419337992645588e-01
8.304870054111711530e-01
8.138757097301081433e-01
7.937643751597239783e-01
8.207868976321958110e-01
7.840309336770409088e-01
7.999533328148089595e-01
8.155201724463605473e-01
8.094089934332604486e-01
8.303203368926320715e-01
8.165312947921643527e-01
8.115090167668529419e-01
8.242869365215168553e-01
8.030311447904978639e-01
8.062089578773097287e-01
8.145646062734031023e-01
8.221869131879243620e-01
8.152868365204057888e-01
8.165201835575950362e-01
8.056867298525538512e-01
8.057756197291080502e-01
8.062311803464483617e-01
8.132312581250903394e-01
8.081978688652096121e-01
7.936199291103234188e-01
8.189868776319736421e-01
8.285980955343947851e-01
7.990755452838365080e-01
7.828864765164058603e-01
8.119756886187624589e-01
8.113645707174522714e-01
8.168090756563961552e-01
8.085200946677184586e-01
8.092756586184290946e-01
7.676307514527939135e-01
7.961755130612563347e-01
8.085756508405650411e-01
7.824642496027734984e-01
7.905310059000654199e-01
7.671085234280381471e-01
8.128979210880120654e-01
7.886754297269968905e-01
8.051311681240902463e-01
7.845198279980888367e-01
8.126756963966266234e-01
8.184313159035100371e-01
8.028644762719585604e-01
8.076200846676074852e-01
7.928088089867666444e-01
7.913532372581918439e-01
7.807420082445359899e-01
7.695641062678474364e-01
7.969310770119668597e-01
7.948199424438049387e-01
7.608306758963987448e-01
8.016644629384770404e-01
7.815531283680929864e-01
8.017422415804620339e-01
7.894198824431383210e-01
7.860531783686484086e-01
8.002755586173180280e-01
7.835753730597007083e-01
5.000000000000000000e-01
7.451527239191546581e-01
7.855753952821699082e-01
7.530417004633385147e-01
7.382193135479283574e-01
7.884309825664730376e-01
7.882309803442261176e-01
7.903310036778186110e-01
7.795197724419160590e-01
7.717641307125635564e-01
7.700530005888954754e-01
7.830975899732218748e-01
7.222413582373137242e-01
7.843753819486883883e-01
7.911087900976678799e-01
7.599973333037033374e-01
7.332081467571861522e-01
7.179635329281436329e-01
7.713752375026388108e-01
7.843976044178269103e-01
7.981866465182947401e-01
7.658529539217102666e-01
7.816309070100778689e-01
7.747530528116979287e-01
8.328981433127036205e-01
7.816531294792163909e-01
8.123868042978255044e-01
8.273869709663441707e-01
8.232313692374360059e-01
7.954310603451150152e-01
7.946866076289736958e-01
8.012311247902754729e-01
7.827420304670051898e-01
7.835420393559927588e-01
7.613084589828775783e-01
7.790975455282835860e-01
7.846976077511971237e-01
8.149757219524661478e-01
8.222813586817629972e-01
8.174313047922754372e-01
8.150312781253125083e-01
8.280203113367925472e-01
8.355537283747596078e-01
8.061089567661863242e-01
8.206868965210725175e-01
8.078867542972700821e-01
8.300314447938310636e-01
8.184757608417869701e-01
7.819531328125868264e-01
5.016611295681063787e-01
8.259869554106158418e-01
4.983277591973244158e-01
7.970088556539516311e-01
5.000000000000000000e-01
8.231424793608819179e-01
8.037200413337926008e-01
8.239424882498693758e-01
7.716974633051478794e-01
8.071978577539751232e-01
7.970421893576595807e-01
8.176535294836609902e-01
8.179201991133234761e-01
8.344314936832630814e-01
6.142457138412649176e-01
7.474194157712863440e-01
8.010311225680286640e-01
7.905754508383426860e-01
8.027644751608350449e-01
8.120645784953166579e-01
7.920088000977788534e-01
8.134979277547528254e-01
8.144423826931409538e-01
5.211224569161878595e-01
5.206446738297091370e-01
7.872754141712685616e-01
8.203202257802865160e-01
8.016200180001999964e-01
8.124090267669639154e-01
5.866842964921832326e-01
8.269425215835732867e-01
8.175979733108145187e-01
7.933199257769529833e-01
8.115534617051300970e-01
8.315647951643906355e-01
8.155979510883454298e-01
6.909187879865331672e-01
8.127868087423193444e-01
8.025978066422960744e-01
5.443838264869609311e-01
8.007755641729352725e-01
7.976421960244004516e-01
7.688863209591216830e-01
8.099867776308625755e-01
7.976866409626774956e-01
8.281314236824854902e-01
6.192846587184301921e-01
7.674863054033933540e-01
7.996088845431617020e-01
8.118756875076389434e-01
8.055533950377224972e-01
8.127312525694729839e-01
8.093867709641218156e-01
8.201868909654550510e-01
8.142868254091711888e-01
8.068978544206046877e-01
8.091645462727363736e-01
7.953421704685608162e-01
7.872531917021299286e-01
7.863531817020188441e-01
7.401082234247047253e-01
8.061089567661863242e-01
7.988199868887431165e-01
7.898532205913397775e-01
7.998644429382548715e-01
7.878865320725785271e-01
7.834087045411615158e-01
7.916643518261313739e-01
7.943866042956032603e-01
5.336559295103279199e-01
7.901087789864331690e-01
5.703063367370748704e-01
7.964977388637652922e-01
7.754975055278391372e-01
7.996311070123001130e-01
7.972755252836142281e-01
7.961532905921177017e-01
7.836309292325469578e-01
7.994199935554837655e-01
7.738308203424484333e-01
7.992977699752219500e-01
4.850776119734663827e-01
7.988644318270202715e-01
5.200502227802530353e-01
5.000000000000000000e-01
7.852309470105223177e-01
5.135834842609361406e-01
7.771419682440916521e-01
5.000000000000000000e-01
7.591862131801465630e-01
7.773530817009078886e-01
7.358970655229502000e-01
7.932199246658294678e-01
7.591639907110079299e-01
7.887198746652739345e-01
7.709085656507294049e-01
7.733085923176923338e-01
7.647640529339214677e-01
7.475971955243947420e-01
8.219202435582617650e-01
8.145979399771108298e-01
7.922088023200257734e-01
8.070645229391437692e-01
8.079311992355471261e-01
8.107312303470040060e-01
7.797531083678708175e-01
7.283303147812754119e-01
6.984522050245002278e-01
8.043978266425182433e-01
6.500183335370391946e-01
7.734308158979543713e-01
7.485083167590751430e-01
7.842420471338571453e-01
7.733530372559694888e-01
7.844976055289502037e-01
8.220313559039544860e-01
7.812975699729995949e-01
7.826198068867431523e-01
8.066534072600807237e-01
8.072645251613905781e-01
7.926754741719351793e-01
7.384859831775908434e-01
8.036089289880998798e-01
7.970755230613674192e-01
8.116312403471149794e-01
7.980644229380327026e-01
7.975644173824152361e-01
7.759530661451794487e-01
7.941532683696486128e-01
7.654307270080779046e-01
8.238313759041766549e-01
8.171868576317514732e-01
7.129301436682629056e-01
8.054422826920298872e-01
7.498638873765264279e-01
7.807308970099667844e-01
7.881754241713797571e-01
7.987866531850353891e-01
7.758308425649175222e-01
7.616084623162479028e-01
7.953977266414071767e-01
7.575306392293247315e-01
7.764197379970889656e-01
7.479305325614729050e-01
7.841864909610107848e-01
7.880532005911176086e-01
7.926310292336582464e-01
7.529194768830764772e-01
6.318181313125701415e-01
7.598084423160256229e-01
8.047644973833042448e-01
7.894532161468461595e-01
7.736974855276169682e-01
7.189913221258014131e-01
7.882865365170724781e-01
7.739419326881409322e-01
7.639751552795031042e-01
7.890309892332137975e-01
8.084645384948722091e-01
8.057645084945388447e-01
8.058645096056622492e-01
7.714419049100544878e-01
8.062200691118790452e-01
8.056422849142769183e-01
7.201524461382903253e-01
7.600973344148267419e-01
7.852753919487993617e-01
7.889643218257981205e-01
7.696085512061244804e-01
7.846864965166279182e-01
7.886754297269968905e-01
8.171868576317513622e-01
7.066856298403315639e-01
6.505627840309337051e-01
7.849198324425827877e-01
7.645418282425360257e-01
7.450860565117389811e-01
7.737308192313246957e-01
7.410860120668008033e-01
7.780753119479104640e-01
7.249858331759240215e-01
7.967421860242891452e-01
7.574084156490628050e-01
7.587306525628062515e-01
7.509527883643151158e-01
7.427749197213302512e-01
7.788753208368982550e-01
7.865976288625429191e-01
7.268414093489928840e-01
7.102856698407760128e-01
6.643073811931243799e-01
6.361848464982944318e-01
7.360415115723508706e-01
7.182302025578060078e-01
7.545972733030366086e-01
7.440304892276581317e-01
6.916743519372436921e-01
7.732085912065689293e-01
6.973855265058500619e-01
7.267302970033000520e-01
7.019966888520983161e-01
6.493405482283136632e-01
7.222969144101601957e-01
5.720952455027278338e-01
7.305081167568527878e-01
6.696852187246525867e-01
7.422193579928665352e-01
7.540972677474193642e-01
7.414193491038789663e-01
7.537639307103412012e-01
6.632073689707664865e-01
7.146523850265003031e-01
7.199746663851820383e-01
6.446960521783575704e-01
7.439749330548117712e-01
6.190068778541983896e-01
7.152635029278102685e-01
7.211635684840942417e-01
7.330081445349393432e-01
7.167968532983699514e-01
6.748963877376414899e-01
6.351292792142134713e-01
7.086189846553849758e-01
6.595295503283369332e-01
6.572961921799131968e-01
6.588517650196114017e-01
6.622629140323781360e-01
7.715085723174701648e-01
7.758752875031945662e-01
7.863865154057267937e-01
8.215535728174757635e-01
7.676307514527940246e-01
7.643640484894276277e-01
7.773197479971999391e-01
7.870309670107445976e-01
7.781197568861875080e-01
8.206868965210724065e-01
7.925310281225347309e-01
7.743197146634961392e-01
8.072534139268214837e-01
7.751308347870533577e-01
8.015866842964921579e-01
7.957421749130545452e-01
7.965088500983344977e-01
8.239647107190080089e-01
7.999644440493782760e-01
7.443638262647362946e-01
7.969421882465360651e-01
8.027422526916966339e-01
8.102534472605250615e-01
7.862865142946032782e-01
7.260636229291437260e-01
8.123423593595484604e-01
8.049644996055512758e-01
8.070645229391437692e-01
8.096089956555072575e-01
7.813309036767075444e-01
8.151979466438515898e-01
8.125645840509340134e-01
7.637751530572562952e-01
8.062978477538640387e-01
8.104645607173412980e-01
7.371415237947087640e-01
8.020978010866788299e-01
8.268980766452960207e-01
7.503083367592973119e-01
7.800420004666720475e-01
7.818086867631863779e-01
7.818197979977554724e-01
8.083423149146101716e-01
7.910199002211135699e-01
7.659751775019723041e-01
8.081312014577938241e-01
7.806975633062589459e-01
7.842531583684264618e-01
7.935088167646306978e-01
7.715085723174701648e-01
7.684529828109202265e-01
8.170201891132122807e-01
7.920421338014865809e-01
7.998533317036855550e-01
8.105978955321726520e-01
8.246091623240258128e-01
8.007977866420737945e-01
7.977088634318159066e-01
7.935754841720463748e-01
7.962088467649639512e-01
7.942421582462027008e-01
7.944977166412960923e-01
8.078200868898542941e-01
8.067756308403426502e-01
7.630084778719762317e-01
7.622640251558350233e-01
7.875198613317926366e-01
8.072978588650985277e-01
8.077867531861465666e-01
7.970755230613671971e-01
8.000311114567939530e-01
7.848642762697364272e-01
7.952866142957144557e-01
7.975866398515538691e-01
7.984533161479572261e-01
7.817864642940477449e-01
7.629862554028378208e-01
7.605417837975978479e-01
7.856420626895854742e-01
7.742641584906500007e-01
7.662196246624961571e-01
7.904087823198036045e-01
7.508972321914688663e-01
7.684974277491973815e-01
7.837642640473782008e-01
7.411304570050778473e-01
7.517416860187335903e-01
7.246191624351381311e-01
7.657751752797253841e-01
7.578417537972643725e-01
7.598973321925797109e-01
7.638195979955333392e-01
7.533194813275704282e-01
7.202746697185524738e-01
7.992311025678062730e-01
7.579417549083879990e-01
6.663407371193013073e-01
7.140968232980366981e-01
7.737085967621861737e-01
7.746530517005745242e-01
6.897076634184824417e-01
6.739074878609763175e-01
7.499194435493727884e-01
7.524639162657363878e-01
7.571306347848310025e-01
7.345859398437759591e-01
7.492194357715086239e-01
7.368415204613385505e-01
7.638418204646719722e-01
7.551639462660696411e-01
7.825086945410505423e-01
7.247858309536773236e-01
7.518194646607183618e-01
6.637629306992299805e-01
6.753963932932588454e-01
6.651629462549584204e-01
6.545961621795797214e-01
6.803853376148624177e-01
7.309303436704852608e-01
6.342181579795331814e-01
7.448471649684996754e-01
6.497516639073768197e-01
7.631973688596540573e-01
7.578750875009722110e-01
7.249191657685085666e-01
7.010744563828485987e-01
7.504416715741286659e-01
7.083523150257223788e-01
8.103423371370792605e-01
7.987310970121891396e-01
8.103090034333713110e-01
7.982088689874332621e-01
8.020755786175401969e-01
8.206535628173646790e-01
8.022200246669407564e-01
8.239758219535772144e-01
8.254313936821521258e-01
7.750863898487760917e-01
7.960532894809941862e-01
7.951755019500216237e-01
8.125201391126568584e-01
8.025978066422960744e-01
8.132645918287981779e-01
8.177979755330615497e-01
8.174535272614140702e-01
8.090867676307514911e-01
7.995533283703153415e-01
8.199979999777775586e-01
7.751197235524840412e-01
7.999311103456704375e-01
7.761864020711342071e-01
8.149757219524661478e-01
8.137312636807074728e-01
8.338203757819531159e-01
8.058533983710929327e-01
8.179201991133235872e-01
7.974421938021531986e-01
7.792308803431149400e-01
8.268980766452960207e-01
7.997533305925620395e-01
8.161424015822398292e-01
8.075200835564840807e-01
8.215646840520450800e-01
8.153868376315293043e-01
8.083534261491794881e-01
8.011755686174290014e-01
7.999422215802397540e-01
8.076756408404537346e-01
8.227313636818185394e-01
8.127534750386115059e-01
8.084089823220258486e-01
8.088978766430738876e-01
8.164312936810408372e-01
7.931977021966910568e-01
8.142423804708941448e-01
8.367870754119490773e-01
7.945643840487115472e-01
8.103201146679408495e-01
7.969977444193824256e-01
8.088756541739352546e-01
8.069645218280203647e-01
7.800420004666719365e-01
7.830309225658063088e-01
7.989755441727131036e-01
8.049422771364125317e-01
8.104423382482027760e-01
7.950310559006210642e-01
8.069422993588817317e-01
7.865087389859887201e-01
8.145201613351259473e-01
8.106645629395882180e-01
8.134534828164758924e-01
8.017200191113234009e-01
7.977088634318159066e-01
8.021089123212479244e-01
7.674863054033934651e-01
7.976088623206923911e-01
7.650196113290148592e-01
7.777086412071245736e-01
7.998088867654086220e-01
7.820975788619873859e-01
7.741641573795263742e-01
8.107756752852809390e-01
6.981410904565606979e-01
7.926088067645196134e-01
7.892532139245992395e-01
7.747752752808363397e-01
8.033533705930065993e-01
7.729641440460448543e-01
7.788530983677597330e-01
7.745197168857431702e-01
7.814975721952466259e-01
7.664640718230202321e-01
7.907198968877432455e-01
7.701863354037266074e-01
7.684752052800586375e-01
7.725974733052589638e-01
7.631195902176690637e-01
7.962644029378104227e-01
7.834531494794387818e-01
7.691641018233534854e-01
7.840531561461794308e-01
7.743197146634963612e-01
7.771919687996532433e-01
7.587306525628061404e-01
7.680752008355647975e-01
7.566972966366291020e-01
6.853631707018967845e-01
7.778419760219559276e-01
7.405971177457527643e-01
7.723530261447349998e-01
7.763752930588118106e-01
6.964410715674619334e-01
7.313636818186869393e-01
7.288525428060312894e-01
7.440082667585194987e-01
7.387859865109613899e-01
7.435304836720408872e-01
7.761308458982878467e-01
7.766530739230436131e-01
7.515083500927787208e-01
7.062634029266992020e-01
6.750741674907498879e-01
7.234524828053645606e-01
7.712863476260847229e-01
6.991411015677950758e-01
6.638407093412148630e-01
7.486749852776142244e-01
7.529305881176456827e-01
7.350970566339626311e-01
7.433193702152246507e-01
7.445971621906910531e-01
7.199302214469049943e-01
6.910687896532183849e-01
7.291747686085401359e-01
7.470638562650697700e-01
6.580906454516162185e-01
7.169412993477703999e-01
7.737641529350326453e-01
6.831520350226114591e-01
7.555639507105634811e-01
7.179857553972823769e-01
8.240536005955620968e-01
6.303847820531338630e-01
6.817075745286058641e-01
7.092523250258335743e-01
7.885865398504426915e-01
6.701630018111310871e-01
6.600851120568006491e-01
7.109078989766552947e-01
7.177413082367581909e-01
6.846187179857554650e-01
6.209180102001132795e-01
6.652185024278047809e-01
7.222524694718830407e-01
7.270858565095167370e-01
7.275191946577184154e-01
7.113412371248568622e-01
7.536194846609406417e-01
7.299303325592507719e-01
6.815631284792054156e-01
6.878965321836909563e-01
7.425193613262368597e-01
7.503750041667130999e-01
7.019077989755442282e-01
7.837975977510861503e-01
7.494472160801786131e-01
7.514027933643706580e-01
6.272569695218837005e-01
7.171524128045867474e-01
7.339859331770353101e-01
7.668418537983754391e-01
7.731752575028612018e-01
6.822964699607773076e-01
7.531305903398926027e-01
7.476083067589640585e-01
7.290303225591395764e-01
5.663396259958444201e-01
6.579184213157923677e-01
7.266302958921765365e-01
6.638184868720763410e-01
7.229635884843164106e-01
6.769741886020955723e-01
6.711963466260736366e-01
7.617529083656484623e-01
7.281636462627363304e-01
6.869520772453027169e-01
7.800642229358103474e-01
6.201291125456949160e-01
7.255636173735263705e-01
6.809853442816031777e-01
7.349414993499927551e-01
7.381748686096512024e-01
6.800520005777841437e-01
7.172413026811408354e-01
7.750975010833452972e-01
7.084523161368458943e-01
7.461860687340969855e-01
7.583528705874510445e-01
7.907087856531739289e-01
7.247080523116923301e-01
5.755175057500638847e-01
6.981410904565605868e-01
7.226191402126689312e-01
7.439860442893810877e-01
7.381582017577973387e-01
7.734641496016623208e-01
7.346859409548993636e-01
7.311747908310091137e-01
7.582973144146045730e-01
6.982855365059611463e-01
7.560861787353192476e-01
7.182524250269447519e-01
7.366637407082301525e-01
6.777575306392291665e-01
7.067078523094701969e-01
7.408637873754153613e-01
7.290858787319858259e-01
7.068411871243014399e-01
7.683752041689353440e-01
7.352303914487938741e-01
7.952199468882987787e-01
7.601362237358193497e-01
6.694963277369748722e-01
6.960077334192602549e-01
7.562084023155812851e-01
6.470071889687663003e-01
6.698074423049145132e-01
7.948866098512203937e-01
7.840864898498871582e-01
7.460416226846965371e-01
7.663751819464660331e-01
7.534305936732630382e-01
6.480960899565550992e-01
6.257625084723164033e-01
7.483972044133824220e-01
7.195413282369803598e-01
6.996188846542739093e-01
7.206746741630463138e-01
6.821520239113767481e-01
7.765975177501972526e-01
6.342848253869486363e-01
6.731408126756963650e-01
7.271636351515018415e-01
6.342959366215180639e-01
6.480405337837087387e-01
7.564972944143824041e-01
6.728074756386182020e-01
7.053078367537417570e-01
6.797075523061367752e-01
6.371515239058211932e-01
6.854742830475895055e-01
7.349970555228391156e-01
6.594406604517828452e-01
7.158857320636895505e-01
5.804842276025289349e-01
6.333959266214069794e-01
7.542083800931120852e-01
7.458749541661573446e-01
6.715852398359981601e-01
6.731963688485427255e-01
6.312347914976833563e-01
6.976688629873664116e-01
6.989077656418405393e-01
7.771864131823686961e-01
7.418860209557884833e-01
8.005977844198268745e-01
7.240247113856819183e-01
6.287292081023123647e-01
6.777075300836676863e-01
7.338748208313424781e-01
7.014855720619117552e-01
7.758419537994867277e-01
7.399748886098734824e-01
7.437638195979954236e-01
6.735185946510517940e-01
6.969299658885099724e-01
6.730852565028500045e-01
7.707752308358981619e-01
7.522694696607740150e-01
7.451860576228624966e-01
7.882198691096566900e-01
7.415082389804331653e-01
7.553528372537472446e-01
7.512083467594083963e-01
6.620462449582773523e-01
6.838853765041833510e-01
6.436293736597074044e-01
6.722296914410159641e-01
6.762408471205234584e-01
7.569084100934455606e-01
7.954643940488227427e-01
7.021300236669295591e-01
7.360415115723507595e-01
5.788508761208459585e-01
7.317081300903344188e-01
7.725974733052589638e-01
8.068978544206046877e-01
7.397304414493492963e-01
7.406526739185992358e-01
7.737641529350326453e-01
8.068422982477583272e-01
7.359748441649351935e-01
7.605640062667362589e-01
7.449304992277691051e-01
7.734641496016620987e-01
6.154068378537539408e-01
8.016422404693385184e-01
7.547083856487294407e-01
7.359303992266580385e-01
7.433638151535018057e-01
5.912454582828697847e-01
7.373304147823864785e-01
7.746919410215669100e-01
7.643973821931353552e-01
7.433304814497939672e-01
6.986299847776085148e-01
7.166746297181079139e-01
7.679307547861643490e-01
7.604195602173358104e-01
7.533972599695553107e-01
7.332637029300325127e-01
6.996744408271202698e-01
7.630751452793920198e-01
7.438304870054111007e-01
6.189290992122135071e-01
5.016722408026755842e-01
6.732297025522506750e-01
6.887298747763864748e-01
7.561028455871733334e-01
7.538417093523261947e-01
5.366170735230391120e-01
7.407526750297224183e-01
8.109423438038201315e-01
7.117079078656429747e-01
7.795308836764852645e-01
7.837864865165169448e-01
7.818586873187478581e-01
7.904087823198034934e-01
7.286692074356382332e-01
7.045744952721697540e-01
7.677085300947790181e-01
7.893198813320146945e-01
7.876531961466238796e-01
5.000000000000000000e-01
7.889309881220902820e-01
7.904476716407959902e-01
7.592751030567006509e-01
4.316159068434093915e-01
7.604528939210435379e-01
5.845009388993209765e-01
7.120856898409982927e-01
6.103734485938732135e-01
7.151579461994022058e-01
7.734419271325236878e-01
7.290747674974166204e-01
7.290192113245702599e-01
7.561750686118735576e-01
7.588639873776374944e-01
7.668640762675141831e-01
6.073845264947388412e-01
5.418949099434438033e-01
5.208891209902332120e-01
5.332337025966955579e-01
6.618295758841765686e-01
7.804864498494428204e-01
7.571973021922465685e-01
5.356781742019356418e-01
6.953188368759651850e-01
6.270736341514905332e-01
7.476971966355180355e-01
7.384637607084523214e-01
5.945510505672284562e-01
6.177068634095934652e-01
7.589028766986299912e-01
7.291525461394015029e-01
6.468960766230735793e-01
7.033855931732574396e-01
6.764741830464783279e-01
7.579861998466650430e-01
5.215891287680974875e-01
7.695863287369859584e-01
7.530861454016156697e-01
6.680407560084000718e-01
6.190068778541983896e-01
6.881409793442149203e-01
7.070856342848252929e-01
7.563750708341203666e-01
6.744741608240091280e-01
6.033789264325158941e-01
6.719296881076456396e-01
6.405071167457416781e-01
6.920854676163068486e-01
7.536472627473638219e-01
7.205635618173535928e-01
7.346970521894687911e-01
7.393082145357170454e-01
6.510961232902587881e-01
5.000000000000000000e-01
7.479083100923344940e-01
7.961366237402638379e-01
7.418860209557883723e-01
7.686196513294591970e-01
7.233024811386794539e-01
6.261625129168102433e-01
6.738908210091223427e-01
7.935365948510539891e-01
6.461294014377938488e-01
7.707085634284824849e-01
6.648629429215879849e-01
6.799297769975222172e-01
7.356303958932877141e-01
7.048078311981245125e-01
7.446138290425449169e-01
6.629406993411037785e-01
7.310859009544551368e-01
6.818297981088679016e-01
5.000000000000000000e-01
7.321636907076745082e-01
5.000000000000000000e-01
6.753297258858430574e-01
6.445182724252491724e-01
7.799975555283947815e-01
6.363292925476948803e-01
5.000000000000000000e-01
6.022733585928732314e-01
7.472971921910243065e-01
7.308192313247925398e-01
5.000000000000000000e-01
6.777630862565140468e-01
7.163635151501684950e-01
7.669751886132066820e-01
7.485083167590751430e-01
7.713752375026389219e-01
5.933899265547395441e-01
6.918854653940600397e-01
5.000000000000000000e-01
5.521950243891597943e-01
7.066522961366237254e-01
6.872020800231113391e-01
7.798753319481327440e-01
4.781330903676707100e-01
7.285414282380914264e-01
6.987077634195937303e-01
7.621529128101424133e-01
8.002311136790409840e-01
6.655518394648829439e-01
6.732797031078123773e-01
6.465849620551340493e-01
7.411415682396470528e-01
7.531861465127389632e-01
7.466527405860066136e-01
5.751008344537160699e-01
7.717196857742864013e-01
5.217780197557750910e-01
6.563739597106634793e-01
5.000000000000000000e-01
6.792297692196580527e-01
6.717352415026833778e-01
7.476860854009489410e-01
5.000000000000000000e-01
7.420193557706196152e-01
5.769175213057923246e-01
7.705085612062356759e-01
7.458749541661573446e-01
5.484838720430227355e-01
6.673129701441127271e-01
6.280180890898787727e-01
7.584973166368513819e-01
7.807975644173823504e-01
5.266614073489704895e-01
7.697529972555250399e-01
6.444071600795564514e-01
7.165468505205613292e-01
7.786530961455127020e-01
5.056222846920521707e-01
7.315303503372259097e-01
5.980066445182724566e-01
6.459071767464082958e-01
7.837309303436704733e-01
6.524239158212870038e-01
6.249180546450516793e-01
7.333359259547327369e-01
7.783975377504195325e-01
7.461194013266814196e-01
7.488972099689996664e-01
6.307292303247813425e-01
7.561306236735964026e-01
7.729196991077679213e-01
7.499416660185114214e-01
7.486972077467528575e-01
7.587639862665139789e-01
7.588084312047911340e-01
7.001077789753219482e-01
5.000000000000000000e-01
5.918843542706030414e-01
4.984499827775863978e-01
6.300181113123478616e-01
5.735730397004410452e-01
7.218302425582505677e-01
5.262002911143457418e-01
5.809453438371537937e-01
7.101634462605139753e-01
7.287192079911999354e-01
5.798508872320803365e-01
7.003411149012765957e-01
5.915621284680940839e-01
7.022411360126222801e-01
5.982399804442271041e-01
7.835531505905621863e-01
7.191524350270558363e-01
6.421404682274247655e-01
6.462071800797786203e-01
5.045111612351248498e-01
7.516194624384714418e-01
6.947577195302169217e-01
5.000000000000000000e-01
6.203680040889343328e-01
6.985966510739007873e-01
5.167835198168868605e-01
7.117856865076278572e-01
6.660629562550695049e-01
7.689974333048144040e-01
7.196191068789653533e-01
7.023355815064612484e-01
7.423304703385593672e-01
6.626740297114412925e-01
6.507183413149034701e-01
7.771086345403838136e-01
7.360415115723508706e-01
7.304747830531450603e-01
7.271636351515016194e-01
7.420526894743275648e-01
8.109978999766664920e-01
7.351526128068088806e-01
7.918199091101012499e-01
7.178413093478817064e-01
6.999855553950599107e-01
7.714641273791931209e-01
8.168424093601039937e-01
7.983310925676951886e-01
7.648751652796142997e-01
7.753975044167158437e-01
7.908865654062822159e-01
7.450193891043233041e-01
7.060856231735906929e-01
7.207968977433083513e-01
7.538305981177567672e-01
6.658296203291148574e-01
7.322248024978055270e-01
7.512305692285469183e-01
7.353526150290558006e-01
6.760297336637073329e-01
5.199946666074067858e-01
6.241180457560639994e-01
7.094967721863576493e-01
7.733530372559695998e-01
7.153523928043644675e-01
7.669196324403605436e-01
7.702752252802806954e-01
7.637862642918256117e-01
7.418304647829419007e-01
7.397748863876265624e-01
7.829198102201135878e-01
7.347859420660229901e-01
7.547306081178679626e-01
6.389070989677663182e-01
7.706307847864977134e-01
7.360637340414893925e-01
7.373637484860943170e-01
7.889087656529517600e-01
7.723752486138735218e-01
7.777308636762629845e-01
7.900421115790174920e-01
7.362415137945976795e-01
7.586695407726752327e-01
7.728419204657828168e-01
7.658585095389950359e-01
8.098534428160313325e-01
7.847531639240437062e-01
7.831753686152067573e-01
6.852853920599117910e-01
7.034855942843809551e-01
8.046200513339036853e-01
7.346414960166224306e-01
7.762419582439804566e-01
8.111312347914976240e-01
7.847420526894742787e-01
7.965755175057500637e-01
7.746641629351438407e-01
8.112201246680519340e-01
6.938410426782519735e-01
8.128868098534427489e-01
7.820531339237102308e-01
7.530417004633385147e-01
7.586195402171136415e-01
7.581306458960654915e-01
8.057756197291081612e-01
7.599751108345648154e-01
7.796531072567471909e-01
8.025866954077267579e-01
7.525972510805676308e-01
7.946866076289735847e-01
7.580862009577884475e-01
7.842531583684263508e-01
7.981866465182947401e-01
8.042867142968255223e-01
7.477860865120724565e-01
7.819864665162945538e-01
7.310414560161779818e-01
7.905754508383426860e-01
7.746974966388515682e-01
7.430860342892698922e-01
8.025422504694496029e-01
7.633529261436238222e-01
6.819853553928376666e-01
7.458305092278803006e-01
7.666974077489749906e-01
7.757752863920709396e-01
6.770630784786497713e-01
7.802975588617651059e-01
7.618973544150490218e-01
7.304970055222836933e-01
7.952866142957144557e-01
7.794753275036387929e-01
7.669085212057912271e-01
7.461860687340969855e-01
7.374637495972178325e-01
6.719074656385071176e-01
8.041422682474250738e-01
8.016755741730463569e-01
7.715085723174701648e-01
7.548194979944221616e-01
7.574973055256170040e-01
7.147079411993465525e-01
7.551306125623618026e-01
6.483849820553561072e-01
7.672196357737308681e-01
7.627306970077445403e-01
7.213080145334949123e-01
7.877643084923167116e-01
5.772841920465783261e-01
7.649640551561683877e-01
7.418749097212191668e-01
7.416526850298336138e-01
7.581417571306348080e-01
7.229413660151779997e-01
6.468738541539349463e-01
7.378193091034346285e-01
8.166090734341493462e-01
7.592306581184234959e-01
7.346081623129145921e-01
7.834642607140078763e-01
7.553528372537473556e-01
7.881976466405183901e-01
7.104078934210380503e-01
7.905421171346348475e-01
7.543861598462205942e-01
8.059867331859242867e-01
7.434304825609173717e-01
7.521083567595195918e-01
7.465082945366059430e-01
7.608417871309681724e-01
7.609862331803685098e-01
7.349414993499927551e-01
7.602806697852200202e-01
7.965644062711808582e-01
7.795753286147624195e-01
6.678574206380071265e-01
7.569750775008611265e-01
7.813420149112767499e-01
7.818864654051711494e-01
7.352526139179325071e-01
7.297525528061423739e-01
5.000000000000000000e-01
7.686252069467438552e-01
7.006855631729240752e-01
8.220535783730931190e-01
7.588528761430684000e-01
7.712419026878076789e-01
7.516083512039024583e-01
7.663862931810354606e-01
7.529194768830764772e-01
6.487294303270035867e-01
6.210624562495138390e-01
7.762975144168267061e-01
7.726530294781053243e-01
7.898532205913398885e-01
7.444749386104290156e-01
7.875420838009310476e-01
7.863420704674496386e-01
7.853309481216458332e-01
7.465638507094523035e-01
6.955521728019200545e-01
7.094078823098033393e-01
7.713641262680694943e-01
7.618306870076334558e-01
7.454305047833864606e-01
8.164201824464716317e-01
7.885754286158735971e-01
7.703752263914043219e-01
8.121868020755785844e-01
7.785919843553817943e-01
8.233313703485595214e-01
7.511305681174236248e-01
7.793086589850999335e-01
7.457193968821875796e-01
7.702641140457116009e-01
7.738974877498638882e-01
7.422749141657130068e-01
7.612529028100312178e-01
7.148634984833164285e-01
8.090423226924744471e-01
7.690363226258069007e-01
7.798864431827021715e-01
8.007755641729353835e-01
7.590528783653152090e-01
7.650529450327226977e-01
7.868087423193590446e-01
7.819864665162946649e-01
5.340892676585295984e-01
8.005866731852576690e-01
7.839531550350559153e-01
8.104312270136334595e-01
8.078756430627007656e-01
7.318136868187423705e-01
8.086312070134114016e-01
8.102534472605251725e-01
7.919310214557939709e-01
8.002311136790408730e-01
8.121201346681629074e-01
7.769641884909832541e-01
7.971755241724908236e-01
7.893643262702918495e-01
8.041978244202713233e-01
8.026422515805731184e-01
7.904976721963579145e-01
7.733697041078234635e-01
7.935088167646306978e-01
7.820975788619874969e-01
7.432971477460861287e-01
7.971644129379215071e-01
5.201502238913765508e-01
7.822309136768186288e-01
7.995533283703153415e-01
7.851531683685375462e-01
7.795753286147624195e-01
7.063411815686839734e-01
7.642751586128735397e-01
7.920199113323481699e-01
7.912087912087912844e-01
6.186846520516894321e-01
7.577639751552794900e-01
8.036978188646539678e-01
7.526528072534139913e-01
7.581750908343425355e-01
7.289192102134468554e-01
7.872643029366992451e-01
7.250413893487704931e-01
6.950521672463028100e-01
7.624973610817897818e-01
7.784753163924044150e-01
7.601195568839652639e-01
5.390393226591406739e-01
7.367970755230613955e-01
7.034967055189502716e-01
7.791975466394069905e-01
7.360859565106279145e-01
7.583473149701662752e-01
7.635418171313014257e-01
7.784086489849886270e-01
7.282303136701518964e-01
7.814975721952466259e-01
6.461405126723630543e-01
6.297736641518238976e-01
6.371737463749597152e-01
7.445304947832752651e-01
8.019477994199935011e-01
7.521305792286581138e-01
7.053745041611573230e-01
7.431415904621162527e-01
8.264091823242479817e-01
7.128412537917088176e-01
7.420304670051889318e-01
8.138868209646774599e-01
7.368304092267692340e-01
7.523194702163356062e-01
7.237302636695962521e-01
7.287080967566306189e-01
8.215091278791987195e-01
7.612640140446005343e-01
7.683196479960887615e-01
7.857865087389859227e-01
7.377526416960188405e-01
8.120201335570395029e-01
7.861642907143412407e-01
7.260969566328515645e-01
7.051078345314947260e-01
8.006644518272425515e-01
7.965532950366114306e-01
7.957199524439160232e-01
7.212302358915099187e-01
6.740074889720997220e-01
7.106523405815621253e-01
6.888520983566484013e-01
8.020755786175401969e-01
5.754730608117868407e-01
7.658640651562794721e-01
5.047444971610796083e-01
8.081423126923630296e-01
6.812797919976889549e-01
8.187757641751574056e-01
6.132845920510228144e-01
7.913087923199146889e-01
7.762197357748419346e-01
5.000000000000000000e-01
7.299747774975275938e-01
8.139090434338159818e-01
8.019533550372782704e-01
5.977621973577484926e-01
8.114423493594373760e-01
8.127090301003343509e-01
5.774786386515405878e-01
7.747197191079899792e-01
7.665085167612973871e-01
5.419226880298669835e-01
8.034978166424070478e-01
7.959421771353014652e-01
6.722074689718773310e-01
7.744197157746197657e-01
7.798086645407170669e-01
7.474527494749942935e-01
5.600895565506283091e-01
7.425193613262368597e-01
5.519116879076433335e-01
7.330303670040776431e-01
8.159757330637006367e-01
7.817642418249092229e-01
7.672863031811463230e-01
7.586973188590984130e-01
8.131201457793975074e-01
5.400726674740830013e-01
7.790308781208680200e-01
7.759308436760408156e-01
4.933221480238669243e-01
7.447860531783687676e-01
7.982533139257101951e-01
8.039200435560394098e-01
7.147746086067623406e-01
7.752975033055923282e-01
7.884532050356114485e-01
6.192846587184301921e-01
6.222291358792875204e-01
8.092534361492904615e-01
7.803308925654728334e-01
5.316670185224279255e-01
7.974977499749997811e-01
7.950532783697596972e-01
8.032422582473137673e-01
7.736308181202012912e-01
7.919865776286403314e-01
7.741419349103879632e-01
7.212080134223715078e-01
7.960644007155633917e-01
4.983277591973244158e-01
7.519194657718419883e-01
7.602084467605195739e-01
7.981310903454483796e-01
4.842331581462016588e-01
6.234513716819075624e-01
7.959310659007322597e-01
7.690641007122300810e-01
7.821086900965565913e-01
7.537639307103412012e-01
5.142390471005233721e-01
5.123556928410315514e-01
4.820109112323469613e-01
6.030900343337147751e-01
7.831309236769297133e-01
5.078667540750452236e-01
7.602084467605196849e-01
7.388082089800998009e-01
7.366081845353835700e-01
6.951855020611340530e-01
5.453449482772030343e-01
5.644229380326448720e-01
5.000000000000000000e-01
7.541528239202657247e-01
7.838198202202245612e-01
7.608640096001066944e-01
5.005333392593251940e-01
7.448527205857843336e-01
5.000000000000000000e-01
7.326525850287226582e-01
5.000000000000000000e-01
5.256613962377358895e-01
7.665529616995743201e-01
6.589573217480194645e-01
5.236947077189746391e-01
7.487416526850299014e-01
7.728308092312137223e-01
6.954743941599351720e-01
4.983388704318936768e-01
6.062067356303958432e-01
7.333192591028789842e-01
7.739641551572793432e-01
7.509972333025922708e-01
7.886532072578583685e-01
7.615306836742630203e-01
7.356192846587183976e-01
7.680640896009957030e-01
7.816642407137857074e-01
6.816853520594672311e-01
7.749197213302370102e-01
7.843087145412726002e-01
8.085423171368570916e-01
7.018300203335593457e-01
8.128534761497350214e-01
7.981088678763097466e-01
7.928643651596130049e-01
8.116756852853919124e-01
7.748530539228214442e-01
8.259647329414770978e-01
7.898309981222013665e-01
7.776530850342782131e-01
7.792086578739764180e-01
7.831198124423605078e-01
7.987644307158967560e-01
8.059756219513550812e-01
7.924310270114113264e-01
8.208535650396115990e-01
7.595528839209324534e-01
7.617084634273714183e-01
8.048867209635663933e-01
7.838420426893633053e-01
8.191757686196513566e-01
8.234202602251136094e-01
7.660085112056800316e-01
8.344203824486937648e-01
7.605973399704442084e-01
8.044978277536417588e-01
7.680085334281492315e-01
7.954310603451149042e-01
8.104645607173412980e-01
8.088867654085045711e-01
7.815197946643851479e-01
7.027855865065166796e-01
8.024866942966033534e-01
7.631418126868076968e-01
7.934310381226457043e-01
7.649973888598763372e-01
8.049533883709819593e-01
8.034200380004221653e-01
8.152646140512672668e-01
7.912643473816376449e-01
8.160090667674085863e-01
7.842753808375648727e-01
8.129645884954277424e-01
7.956532850365003462e-01
8.001422238024866740e-01
7.283525372504139339e-01
7.779864220713563761e-01
8.179868665207391532e-01
8.042644918276870003e-01
7.883532039244880441e-01
7.989422104690051540e-01
7.750086112067913202e-01
7.988199868887432276e-01
7.476305292281026915e-01
8.057200635562619118e-01
8.084645384948722091e-01
7.584306492294358160e-01
7.995088834320381865e-01
8.004311159012876820e-01
8.004200046667184765e-01
7.549861665129611321e-01
7.949643884932054982e-01
7.725530283669819198e-01
7.844087156523961157e-01
7.972421915799065006e-01
8.002422249136101895e-01
7.755975066389626527e-01
7.974310825675841041e-01
7.786419849109433855e-01
7.991311014566828685e-01
7.420526894743275648e-01
7.625084723163590983e-01
7.845087167635196312e-01
7.987310970121891396e-01
7.842642696029955562e-01
8.138201535572617829e-01
7.746863854042822517e-01
7.710974566384070084e-01
7.972533028144757061e-01
7.906421182457583630e-01
7.482638695985510680e-01
7.858420649118323942e-01
7.210524561384015207e-01
7.950532783697596972e-01
7.234635940399338772e-01
7.512639029322547568e-01
8.007755641729352725e-01
7.102412249024989688e-01
7.753863931821464162e-01
7.213857931754796837e-01
7.779641996022179651e-01
7.505861176235291143e-01
7.681529794775496800e-01
7.666974077489751016e-01
7.322081356459516632e-01
7.622084689829886628e-01
7.749641662685140542e-01
6.658073978599762244e-01
6.676740852676140703e-01
7.231080345337169701e-01
7.667196302181135126e-01
7.096967744086044583e-01
6.656629518105756649e-01
6.172624140268224702e-01
7.219969110767897602e-01
7.431749241658240912e-01
6.725630284780943491e-01
6.129179213102368129e-01
7.479194213269035885e-01
7.621529128101423023e-01
7.665529616995745421e-01
7.606195624395826194e-01
7.521861354015044743e-01
6.381737574861943152e-01
6.987188746541628248e-01
6.885632062578472823e-01
7.707974533050367949e-01
8.130090334337048974e-01
7.944532717030189373e-01
8.324425826953633090e-01
7.979199768886320321e-01
7.886198735541505300e-01
7.937865976288626113e-01
8.285647618306870577e-01
8.009311214569050374e-01
8.032089245436061509e-01
8.100867787419859800e-01
8.222313581262012949e-01
7.930199224435827698e-01
7.972755252836143391e-01
8.086645407171191291e-01
7.989088767652973155e-01
8.053422815809064828e-01
7.842753808375648727e-01
8.193313259036210106e-01
8.229535883732042034e-01
8.213202368915210050e-01
7.850642784919832362e-01
7.870865231835909581e-01
7.848087200968900667e-01
8.053422815809064828e-01
7.654529494772164266e-01
8.021866909632328069e-01
8.122534694829941504e-01
7.878643096034400051e-01
8.005977844198269855e-01
7.905310059000656420e-01
7.821975799731106793e-01
8.146979410882343453e-01
8.013089034322604665e-01
8.038644873831932713e-01
8.214424604717830425e-01
8.147979421993578608e-01
7.843864931832575937e-01
7.775419726885853811e-01
8.019866887409859979e-01
8.094312159023989706e-01
8.196535517061300791e-01
8.253869487438749708e-01
8.039089323214703153e-01
8.170090778786430752e-01
7.846420515783507632e-01
7.561306236735965136e-01
8.204757830642563921e-01
7.953421704685608162e-01
7.892754363937377615e-01
7.813531261458459554e-01
8.054533939265993148e-01
8.148201646684962718e-01
8.109867887420970645e-01
8.055645062722918137e-01
8.101978910876787010e-01
7.672196357737308681e-01
8.053533928154756882e-01
8.026089178768653909e-01
7.744863831820353317e-01
8.113423482483139715e-01
7.986755408393424460e-01
8.011533461482907015e-01
7.662640696007732011e-01
8.017644640496006669e-01
8.044089378770875598e-01
7.620862454027266253e-01
7.923421371348570164e-01
7.961532905921175907e-01
8.106090067667418575e-01
8.002311136790408730e-01
7.904754497272192815e-01
7.856976188624318347e-01
8.119756886187624589e-01
7.890421004677830030e-01
8.107978977544195720e-01
7.981533128145869016e-01
8.102090023222481285e-01
7.987866531850353891e-01
7.922754697274414504e-01
8.074645273836376091e-01
8.160312892365471082e-01
7.805197835531505479e-01
8.174757497305524812e-01
8.184535383726485591e-01
8.021644684940943959e-01
7.673307481194235891e-01
7.722308025644728513e-01
8.023533594817719994e-01
7.822420249113878343e-01
8.048200535561506053e-01
7.957310636784853397e-01
7.946866076289735847e-01
7.769530772564139376e-01
8.095089945443838531e-01
7.746086067622973692e-01
7.599528883654262934e-01
7.712419026878076789e-01
7.721974688607651238e-01
7.716196846631629969e-01
7.696085512061245915e-01
7.670307447860532646e-01
7.942754919499106503e-01
7.815420171335236699e-01
7.476083067589640585e-01
7.849531661462906262e-01
7.822642473805263563e-01
7.498416649073877949e-01
7.996977744197156790e-01
7.810531228124756309e-01
7.972421915799066117e-01
7.894198824431384320e-01
7.769641884909832541e-01
7.477194191046567795e-01
7.706974521939132794e-01
7.586195402171134194e-01
7.253302814475717231e-01
7.162079578661985080e-01
7.895309947888310420e-01
6.666740741563794703e-01
7.651973910821231462e-01
6.617295747730530531e-01
7.668640762675141831e-01
7.635084834275936982e-01
7.112079023100256192e-01
7.443860487338748166e-01
7.825420282447582698e-01
7.424304714496827717e-01
7.841642684918722628e-01
7.904865609617885980e-01
8.113812375693063572e-01
8.271869687440971397e-01
8.121312459027322239e-01
8.002088912099022400e-01
8.275869731885909797e-01
8.062867365192947222e-01
8.106867854087268510e-01
8.012533472594139949e-01
8.135312614584606639e-01
8.199202213357926761e-01
8.320759119545773075e-01
8.222758030644785610e-01
7.977755308392316946e-01
8.046311625684730018e-01
7.944199379993110988e-01
8.202535583728709501e-01
7.962199579995333787e-01
8.271869687440971397e-01
8.376537517083522122e-01
7.896087734308159245e-01
8.205646729408104800e-01
8.246313847931643348e-01
8.258869542994922153e-01
8.154201713352370318e-01
8.348648318314646488e-01
8.179535328170312036e-01
7.735863731819243583e-01
8.270758563984045297e-01
8.306425626951410290e-01
8.281647573861931066e-01
8.266758519539105787e-01
8.321870243002700285e-01
8.185757619529105966e-01
8.204535605951177590e-01
8.119645773841930314e-01
8.157312859031766727e-01
8.164312936810409482e-01
7.914532383693151374e-01
8.132868142979365889e-01
8.227202524472494449e-01
8.346314959055100013e-01
8.204313381259791260e-01
8.193979933110369096e-01
8.112423471371905670e-01
8.242869365215168553e-01
8.072978588650985277e-01
5.000000000000000000e-01
8.115756841742687300e-01
8.085534283714264081e-01
8.159868442982699532e-01
8.054533939265993148e-01
8.170868565206280687e-01
7.679974221935799150e-01
8.125979177546416299e-01
8.025533617040189194e-01
8.116645740508228180e-01
8.216424626940299625e-01
8.132979255325059054e-01
7.918087978755319334e-01
8.164646273847487867e-01
7.949643884932056093e-01
8.160646229402548357e-01
8.152201691129902228e-01
8.188535428171423991e-01
8.157979533105923498e-01
7.839309325659173933e-01
7.814864609606773094e-01
8.048644984944277603e-01
8.067422971366349227e-01
8.101534461494015460e-01
8.018644651607240714e-01
7.719307992311025268e-01
7.638751541683796997e-01
8.129423660262892204e-01
7.788308758986211000e-01
8.238202646696074494e-01
8.068867431860353712e-01
8.182646473849709556e-01
7.951310570117444687e-01
7.974977499749996701e-01
8.038755986177624768e-01
8.088089867665196886e-01
8.016866854076156734e-01
8.125201391126567474e-01
7.789419882443138210e-01
7.851642796031066407e-01
8.031422571361903628e-01
7.046189402104467980e-01
7.919421326903632874e-01
7.605862287358748919e-01
7.898643318259090940e-01
7.899643329370327205e-01
8.033867042967144378e-01
7.875754175046389971e-01
7.675196391071011925e-01
7.438415982399804172e-01
7.187857642862698349e-01
7.722530250336114843e-01
8.013644596051067159e-01
5.000000000000000000e-01
8.057867309636773667e-01
7.093523261369569788e-01
7.885643173813042806e-01
7.958643984933165827e-01
7.900865565172946470e-01
7.905754508383426860e-01
7.757197302192246902e-01
7.598528872543028889e-01
7.839420438004867098e-01
7.804420049111656654e-01
7.792197691085456235e-01
7.646307181190901137e-01
7.433638151535015837e-01
7.731197013300148413e-01
6.833187035411505406e-01
7.822753586150956728e-01
7.687307636751519180e-01
7.852865031833686782e-01
7.764308492316581711e-01
7.553750597228857666e-01
7.837864865165168338e-01
7.335970399671107867e-01
7.402415582395360794e-01
7.592973255258391729e-01
7.544083823153591162e-01
7.021300236669296702e-01
7.737308192313248068e-01
