9.430915702129580858e-01
7.009358426957359445e-01
9.256675329150210185e-01
9.009933720778372512e-01
8.842503544074596933e-01
8.022408350833527546e-01
8.948358395662798781e-01
8.783636227604080249e-01
9.653780679725431080e-01
9.868827124067977019e-01
8.249727763816533388e-01
8.490534862861728316e-01
9.181929590017825493e-01
8.796976905064016750e-01
9.905287368638474588e-01
9.220091626087939529e-01
9.416938050817831307e-01
7.722900939684538280e-01
9.144361070078823595e-01
8.358228207480442595e-01
9.548235013560257833e-01
9.851946546579678499e-01
8.877449104897792154e-01
9.278946130322277552e-01
8.698847484037521838e-01
8.341824663338639478e-01
8.696946923632269399e-01
8.514182927653104471e-01
8.367549815825676696e-01
9.228681775737154203e-01
9.416580435394693582e-01
9.356839422259983774e-01
8.277761332999805655e-01
8.949172536497403962e-01
8.435689311592222683e-01
8.546928958159258904e-01
7.708430367955285689e-01
8.514208049705331849e-01
9.145525752278430565e-01
9.823016080389201932e-01
8.960963149486553814e-01
9.573883412520584058e-01
9.814877591561064207e-01
8.961126400160830396e-01
8.318824505689162985e-01
9.128401490611167679e-01
9.373832402609381109e-01
9.356923076923077121e-01
8.572070639321816010e-01
7.735794833292026773e-01
8.835332606324972637e-01
8.810772363652612515e-01
8.949345617046808865e-01
7.806611518202142275e-01
9.827548933884729943e-01
8.997024788708605225e-01
9.850018383398880806e-01
8.655559067914787574e-01
8.564759900990099872e-01
8.182229791192181523e-01
9.811687150641841271e-01
9.812585195356540169e-01
8.248079150198502907e-01
8.197431925927193275e-01
8.023021618228958207e-01
9.835417203821575916e-01
8.635650926623859025e-01
7.970375939849624336e-01
8.091612204157758725e-01
8.422070969594829259e-01
8.065301743057322614e-01
8.655149742273776647e-01
8.303828036856426564e-01
9.218180698006144258e-01
9.553315312283503502e-01
8.504606023481862120e-01
9.883214407080256336e-01
9.051678992982669092e-01
7.414351012116375816e-01
8.488172681970768130e-01
8.938363131581159582e-01
7.924112037773087813e-01
8.051527398074409536e-01
8.818022864461019239e-01
9.870333888169467995e-01
8.779195326844954073e-01
8.253858680998562569e-01
6.963051994301994174e-01
8.623599309476710495e-01
6.011481683980317570e-01
9.482844170356017344e-01
9.776498370207526989e-01
9.563167310728626358e-01
7.787882162974208988e-01
8.430490738693325881e-01
9.713932006028722643e-01
8.712949909772857993e-01
8.731168153169884816e-01
9.820941248270935731e-01
9.591800001223719230e-01
8.481965033916969432e-01
9.840205964296708796e-01
7.289231413028316453e-01
8.320927990644235717e-01
9.011089595980741329e-01
9.351771668082277111e-01
8.951470322929822032e-01
9.298228689216032627e-01
7.841860072747094401e-01
8.061962632275132545e-01
9.158400414591153504e-01
8.461647756451955438e-01
8.198192596277411592e-01
9.546416998773025187e-01
8.159189886970050765e-01
8.671837653520229061e-01
8.087351931619328749e-01
8.846706474556783606e-01
8.423837289427364983e-01
9.252770244959771517e-01
8.156496585107088082e-01
8.164925198026138364e-01
8.439189189189189033e-01
8.566895899790882840e-01
7.755755186773264365e-01
9.824188903163542097e-01
7.614472276223716030e-01
9.751647626116765055e-01
8.200821101779053324e-01
9.540383910573575488e-01
9.152459349320587467e-01
7.862353652894914502e-01
8.178367170805684871e-01
9.815077321260015086e-01
8.433036670095086507e-01
8.617878813029383744e-01
8.136274876250439991e-01
8.243980935155619250e-01
9.930950682115110562e-01
9.169327519888101907e-01
9.129972411208110428e-01
9.510705284963243411e-01
9.513937896965419805e-01
9.863945056832594815e-01
9.581788149742661576e-01
7.938084112149532690e-01
7.969488939740656530e-01
8.135912257299542372e-01
9.255697970666638685e-01
9.006324603178350596e-01
8.966752689970198809e-01
7.789208528037383505e-01
9.238206688510948172e-01
8.106174437043363046e-01
9.853425537370997800e-01
8.271390297886691556e-01
9.735498385535280574e-01
9.884850016863089284e-01
9.090639089035278397e-01
9.846670552112855024e-01
8.887068332016129224e-01
7.854560947786528580e-01
9.813246017445099723e-01
9.116169443004304984e-01
9.756873184463050741e-01
9.143248236312740973e-01
7.001778640148758059e-01
8.400275792459066526e-01
6.876512519961147651e-01
9.469675669747453783e-01
8.554225221893492215e-01
9.603632629326475101e-01
8.832250388944815622e-01
8.173840718859100019e-01
8.375687698185934060e-01
9.861214399286581944e-01
9.807908545727136440e-01
9.839759963938605747e-01
9.828350766474576172e-01
9.808501589958643629e-01
8.538792702585404903e-01
8.535023041474655292e-01
9.852806142640542220e-01
8.333083531382057263e-01
8.956277733835614763e-01
8.118887312012498247e-01
8.098667328075891403e-01
7.955678583655751979e-01
8.680488691888622599e-01
8.431668860326178017e-01
8.951746303991263698e-01
7.752050258905200941e-01
9.840720203501671648e-01
9.392239713819192648e-01
9.948246118458885512e-01
7.805187161112343563e-01
8.750866119510802843e-01
8.830565596242163640e-01
9.097288536268635095e-01
8.553163731245922996e-01
8.077184631077864996e-01
9.874942601570250167e-01
9.897051391491089589e-01
9.007184650860484698e-01
7.633575207892182579e-01
9.169875861659582128e-01
8.560275537389778755e-01
9.283826107183504872e-01
9.655495539362652924e-01
9.570205881263199599e-01
8.118797782858707679e-01
8.984488104867981439e-01
9.054185659601519109e-01
8.200701196068429510e-01
8.833322020092316817e-01
8.757014603223161053e-01
8.541880081111243861e-01
7.418357248886688904e-01
8.171911002536613733e-01
7.981112404231864854e-01
7.649063497888086705e-01
7.708270508739598625e-01
9.828585503753327623e-01
9.336524707921360910e-01
8.201742966105589616e-01
7.837335827482183603e-01
9.702229614288327975e-01
9.832995109315536553e-01
7.873919104344160314e-01
9.850595720218648932e-01
7.813458037551301860e-01
6.790679863320372434e-01
8.358992903475939151e-01
9.794789875818700198e-01
9.674492043111161399e-01
8.530115167560856637e-01
7.920820660597281959e-01
9.720946383193648233e-01
9.270572240786887352e-01
9.765702597386455297e-01
8.335235283410928897e-01
9.805495270157513765e-01
9.200681483096576629e-01
8.193583025778230500e-01
9.827923962873313934e-01
9.548346402932167409e-01
9.611807955065397868e-01
9.518521252484490880e-01
9.058349795770562762e-01
9.515126078276779920e-01
7.848931749734763264e-01
9.672229333166362242e-01
8.803342006469778713e-01
8.186742273390787972e-01
9.835526315789473450e-01
8.097531283831330695e-01
9.058668183513431948e-01
9.819235814295503850e-01
9.552339540624004144e-01
9.180174601178593408e-01
8.130300451677522355e-01
9.185614799634147509e-01
9.662726836082352611e-01
7.974467511905273254e-01
8.056671664167914804e-01
6.789504115366302717e-01
9.707236068048756827e-01
9.734985294679926460e-01
9.237595677254630822e-01
9.817250829972762327e-01
9.566752828767312034e-01
9.872459587611476239e-01
9.149430624265788570e-01
9.846705903786108216e-01
9.242386211512718663e-01
8.300676636181202328e-01
9.485436491376134649e-01
9.549755327591381571e-01
8.946996245200504738e-01
7.816355583676052321e-01
7.933064975077515069e-01
9.609205271305728546e-01
9.529997818247971653e-01
9.212619833669022373e-01
9.657427578823912784e-01
7.930528844629863849e-01
9.575299196201135787e-01
9.222341721643269041e-01
9.803431303468592706e-01
7.535401771116883030e-01
8.876720998268552432e-01
8.567495485484095674e-01
8.603067206493300034e-01
7.304765054264498181e-01
7.657302066403529617e-01
9.784623917497700107e-01
9.851626604425117728e-01
8.168626461915253767e-01
8.373518372768888884e-01
8.103516123810723393e-01
9.448240028885190878e-01
7.738049751957593037e-01
9.737346834039459775e-01
9.455520866975275496e-01
8.225847538418176175e-01
7.980524706878546759e-01
9.028637472710927536e-01
9.274659633063108144e-01
8.925982117666457771e-01
8.271645425206531899e-01
9.557799248523886071e-01
9.636558268801912464e-01
7.897161278263866713e-01
7.191160348508454092e-01
8.498708104289249832e-01
9.004357854397960770e-01
9.887958137277655934e-01
8.710521838653797477e-01
9.130139398003298545e-01
7.820007869071077256e-01
9.828938988146190825e-01
9.918040865379715854e-01
7.077921204786876697e-01
8.776978740214035346e-01
7.968754471845262977e-01
8.209834546917291753e-01
8.136085541086663930e-01
8.621116820733008002e-01
8.397335899308865370e-01
9.865963560772804675e-01
8.676884963850008958e-01
9.813143964906270167e-01
9.186891078270389421e-01
8.512567761631559815e-01
8.717888216115139421e-01
9.868218859208753857e-01
8.613961411988430017e-01
8.955927514530088729e-01
8.687941227113585851e-01
9.588756356232387423e-01
9.666499191851107842e-01
8.859469161985881192e-01
8.568489706352955260e-01
8.539680960801649956e-01
7.809341752038057027e-01
8.595443086479508388e-01
9.852385651827504365e-01
8.138761986753301203e-01
8.842274665955914825e-01
8.485474689618247579e-01
7.605573723873169101e-01
7.542256764536557911e-01
9.321994798041564056e-01
8.575554220085469526e-01
9.870991357093233942e-01
8.478538033898654902e-01
8.955709376571964198e-01
8.090417906808589077e-01
9.842738205365402226e-01
9.822831182040464570e-01
9.071978733473535783e-01
9.820656655823849501e-01
9.610860233688931498e-01
8.136580768159715760e-01
9.154621867624427312e-01
9.814102347214335165e-01
8.115938584398916245e-01
9.299564598747864785e-01
7.968861614390545522e-01
8.660026841845023249e-01
8.624428081236608090e-01
9.863530562506765964e-01
8.313753280282184521e-01
9.527268443753891258e-01
9.579224148395996119e-01
9.515113812168539686e-01
8.425021267040619932e-01
8.818721692854070149e-01
9.515148389194191259e-01
9.640086095311355407e-01
7.942994531056433161e-01
8.920770727933404753e-01
8.119847364280095015e-01
9.177696314875554151e-01
8.755465971647975465e-01
9.196944656961374420e-01
8.999438126953663852e-01
8.197163225248225160e-01
8.735918752609319604e-01
9.902645853866860470e-01
9.805523548249610588e-01
6.974018280297901162e-01
8.842245989304811093e-01
8.675923913043479541e-01
9.824774439273177284e-01
9.020978279089406637e-01
9.755876822745815913e-01
8.590262665578377588e-01
7.896213183730715901e-01
9.251890111027845087e-01
8.158693906892448000e-01
7.249198189339340903e-01
9.054250649132311590e-01
7.921448976426688215e-01
9.900212527603877710e-01
8.007059190399143933e-01
8.503663595631558714e-01
8.506488060337730195e-01
9.289870698624169698e-01
9.146609909899313662e-01
7.598847249321580843e-01
9.931012906866938383e-01
8.314881689564836975e-01
8.120612584951505397e-01
9.631818713912853047e-01
9.192009823919431444e-01
9.371560427526636206e-01
9.745356088618499779e-01
7.532647010761723827e-01
9.594634245656616933e-01
8.749641024360399477e-01
9.716694652544561883e-01
9.015705014702313225e-01
9.769354468885145248e-01
9.891422905575504299e-01
9.124125054674905311e-01
8.216447208421637782e-01
9.712314169022370214e-01
9.636894082591055399e-01
8.346476769292888731e-01
7.510201951601001014e-01
9.734131021147341967e-01
7.941328647718016720e-01
8.123380680020237943e-01
8.740426334653839113e-01
9.709736559769618358e-01
8.875252038222143369e-01
9.859848445037677767e-01
8.743807833603329804e-01
7.832971909829038459e-01
9.828530946807284563e-01
8.867824303036964118e-01
8.076102332680848983e-01
9.858462808215537887e-01
9.332229214572010934e-01
9.812903821040100949e-01
9.818296829480254173e-01
9.820908895584180565e-01
8.342431964825187674e-01
8.410484471372019488e-01
9.115276193561595575e-01
8.154468482618562053e-01
9.865685621430841934e-01
8.930553387355054662e-01
8.317764762440786885e-01
9.411465242001286757e-01
9.864313029176667857e-01
8.200247883234106361e-01
8.948877150108542899e-01
8.225779953711769288e-01
9.613833849961448408e-01
9.765233742942838191e-01
8.428387339646136178e-01
9.018659675869400427e-01
9.476278231963635168e-01
9.483570121154013544e-01
9.860357079030778182e-01
8.119904105168408437e-01
7.170305470557725158e-01
9.771303479144981541e-01
8.785204033233695586e-01
8.649259917463800740e-01
7.821675674957835334e-01
7.756977535514817390e-01
7.095984873762652967e-01
9.570010614314412578e-01
8.445871782281392237e-01
9.523735408560310978e-01
8.549725608035664282e-01
9.388235953526733457e-01
8.558478039917156721e-01
9.809771089519879750e-01
9.789253390250944875e-01
9.410445433201438670e-01
8.723242606179960612e-01
8.470667600736878633e-01
7.824644983967018463e-01
7.956795679567956192e-01
8.514215135612450691e-01
8.815424240899314423e-01
9.824755532769458011e-01
8.817453824828280773e-01
9.072331507462118028e-01
9.629730365804415326e-01
9.971590909090909394e-01
9.026592095750534117e-01
7.847995711477752101e-01
8.913032187094355185e-01
8.640836280424381011e-01
9.734525882841923439e-01
7.729594484944398713e-01
8.575897778084915490e-01
8.935442909880093598e-01
8.015540554456791478e-01
8.913403097119760865e-01
8.150377412024766288e-01
9.751431319223290428e-01
8.717388843062092718e-01
8.725498818917424293e-01
8.039817663802786285e-01
9.831833104979083027e-01
7.986472455012820770e-01
9.735924681458272278e-01
7.356430944470810918e-01
9.325454504796619748e-01
8.035972137005089611e-01
8.508689884083655564e-01
8.966666024579111882e-01
9.456480848689284846e-01
9.437396726116131784e-01
8.014393959078024432e-01
8.104338842975207235e-01
9.010335818131377517e-01
9.189783319359837721e-01
8.741553109274105005e-01
9.864425153812291791e-01
8.073978220008979356e-01
8.960576883294072426e-01
9.799835197051417479e-01
8.867551622418878843e-01
9.061367677311239488e-01
9.447038861985926905e-01
6.849922934648580153e-01
9.874615371960737686e-01
8.305327956300943004e-01
9.240424647726999119e-01
9.772340634642583401e-01
8.073503187652177893e-01
8.217718364593231684e-01
8.770139721306562386e-01
9.793947013634467513e-01
9.225322137522733446e-01
8.851024285875971342e-01
8.909915980341123198e-01
7.817435588886262332e-01
8.723509272813055881e-01
8.489573161942491897e-01
8.251357638190515154e-01
9.178125928943401401e-01
8.634411083182782498e-01
9.440217685832049677e-01
9.741219211056117988e-01
8.240873454827493116e-01
9.797767397772393361e-01
8.309824810442726362e-01
8.385614613916391180e-01
8.014832343709412665e-01
7.911442658785108328e-01
7.334611824453213247e-01
9.700394208885261271e-01
8.322719516789929273e-01
9.865038203297915587e-01
9.492418749967399538e-01
8.928729806778586964e-01
9.570417731863003485e-01
9.750707040072247311e-01
7.958859904520704243e-01
9.080218288957104811e-01
9.737611594448436492e-01
8.869767441860465507e-01
7.829386516149263731e-01
8.872532116085124487e-01
8.295761825173590953e-01
8.049988009579904791e-01
8.841295560466739811e-01
9.737524618134354437e-01
9.297857852177613402e-01
9.761530666999838068e-01
7.519661017973053863e-01
9.908996707985208152e-01
9.805995708283277157e-01
9.743099038266788137e-01
8.004873591227534835e-01
8.308651776769973019e-01
9.550257212511474858e-01
9.580535610942313429e-01
9.806884574204300931e-01
9.601201429870761528e-01
7.745665092555307218e-01
7.941416499285236519e-01
8.593762953209957978e-01
7.780974382555747582e-01
8.506705593771664020e-01
7.985253136264635065e-01
9.762127957479674878e-01
8.243642998929694432e-01
9.144350111079538879e-01
9.929418642645040372e-01
8.829640270347620667e-01
8.285769753445935137e-01
8.384404068962141299e-01
9.797488701859838889e-01
9.613593836604616971e-01
9.636721781496263572e-01
9.181086016388660953e-01
8.843071783556388787e-01
9.203040518210060528e-01
9.658956008653305503e-01
8.175282373878244302e-01
8.286091404785855818e-01
9.522388059701493157e-01
7.913475732250081496e-01
9.521263168537352772e-01
9.900628109197729954e-01
7.294538480367096511e-01
9.147738886050076346e-01
7.002364060762564790e-01
9.096753027332576957e-01
8.839160322270676051e-01
8.330508989310010382e-01
9.052549157949376646e-01
9.752160219427770116e-01
9.156090181101030900e-01
8.329268477421114536e-01
7.986460888466003771e-01
8.443208677407144647e-01
9.718991388307244295e-01
9.532547455380064871e-01
9.386395363594060015e-01
9.209765891481467293e-01
9.767561423692964206e-01
8.293672113013876857e-01
9.751573162629214586e-01
8.312167162070221993e-01
7.950857983185832811e-01
8.391169002520280085e-01
9.300777857129070014e-01
9.854702605963981954e-01
9.861163903048235646e-01
8.835967491262246565e-01
8.147021807565497653e-01
7.874021894214221495e-01
9.063895218798940778e-01
7.273587763137967510e-01
9.671880659181456563e-01
9.810435508656113468e-01
8.817549973961462673e-01
9.594973157455408685e-01
9.832131558345797995e-01
9.835707179358936791e-01
8.034539473684210176e-01
8.683278199592564528e-01
8.146392515516596156e-01
9.051876337012320084e-01
8.976877187897800425e-01
8.498773868052874603e-01
9.863933696613105262e-01
8.238236854038728518e-01
8.823796192671907734e-01
9.071428571428571397e-01
9.320462733037377934e-01
7.562846309823723079e-01
8.839940522158857839e-01
6.993386394869445244e-01
8.561935485684614155e-01
7.726961068397533161e-01
8.735424660530030083e-01
7.876220672202558504e-01
9.741582919485395342e-01
9.107051479504180147e-01
7.976730250674124445e-01
9.704883159214581223e-01
7.934740641083135593e-01
9.467468875663722638e-01
8.589775561097255929e-01
8.642619138143025070e-01
8.757946959385808361e-01
9.747784192772180889e-01
8.967684872543865149e-01
8.790025525540605678e-01
9.304466230936818683e-01
9.339100273407521247e-01
9.416432988701810558e-01
9.842598350990012790e-01
7.783782884890411147e-01
9.801301712796693932e-01
9.060549748354626010e-01
8.953481254999756667e-01
8.491180798940345387e-01
8.320767149977963406e-01
