9.394970663239508024e-01
6.752697405560987853e-01
9.289865405986752478e-01
8.759448054068171841e-01
8.733531289975451362e-01
7.894191879909776555e-01
8.944606708538749285e-01
8.703861796077856372e-01
9.601549640046878054e-01
9.847272106059635766e-01
8.131710585494789090e-01
8.405797101449274944e-01
9.185197563874035742e-01
8.652810534624243433e-01
9.893556951006817757e-01
9.097762881059558993e-01
9.433083107946496071e-01
7.574060442377691382e-01
9.014664578020320507e-01
8.228694065305761640e-01
9.480012521531747671e-01
9.809743881353991668e-01
8.737372083503889275e-01
9.233462714655376047e-01
8.625067158715720161e-01
8.178669973549167471e-01
8.717517789763302716e-01
8.416637174566012902e-01
8.162837714561852476e-01
9.078326950524129302e-01
9.315810899752335894e-01
9.119796091758708423e-01
8.160132299396870570e-01
8.950795791408259205e-01
8.326287331135815428e-01
8.444633344119933938e-01
6.852973140816643882e-01
8.397197222349124246e-01
9.086830003748119777e-01
9.773101649315938388e-01
8.928815402825405201e-01
9.521640082735114419e-01
9.770383677206415651e-01
8.897749893322500769e-01
7.983159918931426180e-01
9.052784770790052171e-01
9.254355157232856399e-01
9.470769230769230385e-01
8.530882807134001489e-01
7.581865132010554564e-01
8.711559432933478897e-01
8.691194674341056192e-01
8.820218955958638585e-01
7.639238627316031760e-01
9.800158998782325659e-01
8.947869360624469692e-01
9.828473861966063874e-01
8.477074261716328607e-01
8.420148514851484300e-01
7.901471161540513100e-01
9.766496334358065745e-01
9.777395957347329025e-01
7.974917890562062128e-01
8.203427664344759007e-01
7.904686131079841083e-01
9.797087481086795835e-01
8.474635388009494896e-01
7.373984962406014976e-01
7.953014922828383071e-01
8.272152891056628876e-01
7.929304021042744566e-01
8.438450983895193769e-01
8.185476858226725660e-01
9.133749877302792530e-01
9.513237639496390230e-01
8.446147517036778352e-01
9.835805535279560363e-01
8.879251390836189195e-01
7.231780915884522543e-01
8.152735208467992711e-01
8.914252759227219158e-01
7.715563838025274457e-01
7.756862253994667444e-01
8.737872149578236325e-01
9.854122788993340265e-01
8.628449924365669821e-01
8.150918970999870838e-01
6.676727207977208867e-01
8.512318733599772980e-01
5.718972115910334608e-01
9.409678001103267686e-01
9.742233631141880013e-01
9.537845442185491907e-01
7.558592032397845051e-01
8.345786853154500973e-01
9.622447195739504133e-01
8.525137449467932171e-01
8.582690171791675926e-01
9.799156758513823950e-01
9.538313430027656192e-01
8.277091872307982268e-01
9.808543511845854157e-01
7.212654600827638207e-01
8.267788199410525118e-01
8.800766694578187055e-01
9.293104204365003618e-01
8.902330695944262740e-01
9.236550715092187724e-01
7.768890612127398176e-01
7.782634755291004680e-01
9.096877074599619695e-01
8.313407422116620982e-01
8.173224109156621564e-01
9.480412198399056356e-01
8.239554348614031021e-01
8.556610861590173700e-01
7.921946950511352670e-01
8.688696186931819110e-01
8.241140988513253607e-01
9.178492501688879646e-01
8.060167802201445575e-01
8.056281908161377903e-01
7.952702702702701965e-01
8.479873936315863725e-01
7.647346197366586829e-01
9.792888956357032049e-01
7.413399965264744207e-01
9.728494985290927488e-01
7.813373762309817616e-01
9.478651273593549087e-01
9.114416473092004090e-01
7.407832461478238706e-01
8.089370906041086773e-01
9.778011653128020342e-01
8.359490774752840192e-01
8.549474426481479261e-01
8.053126614686767493e-01
8.164821933119429387e-01
9.916305755508414421e-01
9.052943876212955487e-01
8.969321089081724319e-01
9.486370672828842165e-01
9.480857445306988263e-01
9.848008678846076336e-01
9.523975231513112094e-01
7.828076323987540608e-01
7.758962623951182191e-01
8.086538976170479787e-01
9.186782937729728316e-01
8.899023462389848982e-01
8.832671171033945612e-01
7.553908683800623081e-01
9.152263557943072225e-01
8.030236643247276040e-01
9.801763982494263727e-01
8.190867690828248504e-01
9.676851133659839510e-01
9.858441297135319692e-01
8.998332969859382802e-01
9.818131828489655710e-01
8.705089008970852138e-01
7.809425852815459201e-01
9.777966771693618053e-01
9.050295995536822291e-01
9.751748961015731521e-01
9.064542634038024183e-01
6.380669415474169437e-01
8.249364717756981769e-01
6.720719534212447055e-01
9.376683715690086185e-01
8.509018275394477637e-01
9.577431307342662015e-01
8.509563466642262597e-01
8.099194795484283560e-01
8.174987874742487559e-01
9.815345369153387622e-01
9.786212662899319570e-01
9.813599083407416046e-01
9.824187846518883660e-01
9.764144213353695978e-01
8.404828840907681009e-01
8.389688940092164815e-01
9.834530955434503952e-01
8.111108800343459491e-01
8.773885870658104658e-01
7.990236201414788741e-01
8.018580355300237716e-01
7.849968762555092905e-01
8.564537791524589050e-01
8.490899472618975707e-01
8.902270394710835033e-01
7.576652061757899181e-01
9.818023649487715998e-01
9.242044647197396046e-01
9.930994824611846239e-01
7.650131195104162840e-01
8.564566182060953103e-01
8.749640572522860982e-01
9.021560622835159693e-01
8.252331069414067244e-01
7.894168650119006703e-01
9.853158083842463721e-01
9.869372540351459833e-01
8.943851346948327175e-01
7.547272035468501894e-01
9.063810112117771656e-01
8.389732042795178257e-01
9.330550871042508909e-01
9.595529280899239843e-01
9.451888994553472312e-01
8.109743969518861118e-01
8.927095648476550682e-01
9.000284048639948242e-01
8.087959121005176000e-01
8.256177029595440642e-01
8.648974545269141334e-01
8.397287756130294989e-01
7.137555665512123060e-01
8.124180010962223086e-01
7.922844809428588597e-01
7.414274337734125808e-01
7.490634947227341467e-01
9.787654852944661643e-01
9.214545986072102401e-01
7.944840650458575571e-01
7.548266108619680059e-01
9.655324393399451477e-01
9.809087426269700316e-01
7.667095519444512286e-01
9.829068437221798460e-01
7.714968007066452804e-01
6.450159066808058839e-01
8.245400392742097129e-01
9.770883992885796010e-01
9.580701217851443907e-01
8.397261477038029387e-01
7.710402086150083267e-01
9.716737429697324124e-01
9.259155228982791641e-01
9.725319019353045880e-01
8.262772784550641569e-01
9.792063216656365920e-01
9.083954667754892132e-01
8.124070835492388509e-01
9.787014880802528127e-01
9.466083772859703593e-01
9.566179138858648123e-01
9.360607377880574287e-01
9.025143190209715671e-01
9.494291535799167514e-01
7.704760878878516017e-01
9.611064698487103986e-01
8.735847360324069388e-01
7.904082185782969061e-01
9.934210526315790935e-01
8.008974960149817246e-01
8.933307980012225036e-01
9.775528277052552006e-01
9.509030144397448980e-01
9.121167464510450129e-01
8.073852654455297984e-01
9.167633486698072431e-01
9.644559237461616252e-01
7.790804529467055817e-01
7.987038623545369420e-01
6.098054554111964620e-01
9.658238152088836070e-01
9.689613364534496176e-01
9.158661820537243869e-01
9.774413424531959160e-01
9.461767111536696362e-01
9.851745939019336262e-01
9.117593255182911971e-01
9.785899428562500058e-01
9.176584811468093683e-01
8.170082273397956119e-01
9.453622338409556347e-01
9.511886718082035452e-01
8.819939288363173313e-01
7.366383704172378977e-01
7.769842321127202744e-01
9.563930488588021639e-01
9.472075641279256164e-01
9.127939130996184369e-01
9.625256306594058842e-01
7.795937105046565341e-01
9.546526280274507670e-01
9.170697368402978000e-01
9.768426535821204126e-01
7.431508240150452860e-01
8.608503492745835928e-01
8.381247395471593808e-01
8.569814035385667772e-01
7.205609836755555442e-01
7.501626182552580957e-01
9.751923740611824210e-01
9.822483063478891774e-01
8.064441588361241919e-01
8.341960026382979621e-01
7.991187208863150815e-01
9.366597095629352054e-01
7.696487118585741971e-01
9.708896172337757591e-01
9.373114556045978318e-01
8.116979190064042005e-01
7.859030989542141743e-01
8.986789643300494568e-01
9.187605025456355712e-01
8.747060013303746828e-01
8.003266679096360248e-01
9.534879227053140172e-01
9.601161823797376149e-01
7.757408321115513150e-01
6.859673417575442578e-01
8.430937413365677813e-01
8.837221046684539116e-01
9.866782617083293960e-01
8.694953180789762870e-01
9.064062780360749860e-01
7.669417913454108504e-01
9.807235964514248172e-01
9.893037084266044223e-01
6.933205593653355425e-01
8.722991333285451399e-01
7.889336363256934659e-01
8.096244281496935979e-01
7.812640323304893553e-01
8.587640262573494887e-01
8.310855108822741144e-01
9.859309686400662409e-01
8.571742716578039101e-01
9.764119203290959614e-01
9.138018112156044426e-01
8.283833864506389144e-01
8.691943137638036276e-01
9.814379528304804090e-01
8.364296750751328835e-01
8.839236049423451203e-01
8.005063549458889538e-01
9.537089501524443902e-01
9.601972679219815676e-01
8.844190024189002575e-01
8.302136010675699174e-01
8.508298334806954077e-01
7.482907216596593747e-01
8.479477250726040749e-01
9.814722432300607702e-01
8.007946133447283454e-01
8.735085605163042111e-01
8.390361876332191882e-01
7.379149861454536996e-01
7.352086931491076394e-01
9.199523035595366105e-01
8.487726195245726135e-01
9.855378846168212359e-01
8.410403998571137629e-01
8.883916267598090943e-01
7.857510320503119372e-01
9.717853839037927655e-01
9.737643336890458023e-01
8.965406972899228055e-01
9.773280643132992163e-01
9.581184284539108198e-01
7.924878366304511923e-01
9.099583916228568548e-01
9.773943220495063811e-01
8.049894233968720725e-01
9.267648589316204166e-01
7.833787908305733794e-01
8.407148407148407054e-01
8.567198724169532431e-01
9.819755330147483807e-01
8.272979505540623002e-01
9.501119855174120499e-01
9.545391669040715898e-01
9.486385943235612350e-01
8.275146206406165383e-01
8.607302042098261552e-01
9.409967740120411817e-01
9.663533014297441825e-01
7.846802853250900434e-01
8.726546770916777662e-01
7.923116443745081838e-01
9.143391857997299477e-01
8.699846784365746766e-01
9.062446398087620203e-01
8.890467950193461366e-01
8.037735488050321564e-01
8.658625425810628773e-01
9.886437545883286493e-01
9.762392332171335729e-01
6.188430941096818572e-01
8.794012663626520343e-01
8.694035326086956283e-01
9.750952340734801993e-01
8.916693427008799411e-01
9.677505789097463618e-01
8.523964960565532101e-01
7.560637966784015118e-01
9.217001323755620312e-01
8.105314911821428492e-01
7.142317761817631450e-01
8.963906375506697222e-01
7.718841520228345576e-01
9.882449369418824237e-01
7.879971140643574623e-01
8.410583654818422072e-01
8.222300706823083560e-01
9.266986151532724536e-01
9.062658509756433833e-01
7.301539243610157826e-01
9.921620016525511954e-01
8.219724707519422413e-01
8.110934565326308743e-01
9.605467866855628145e-01
9.125265686747188187e-01
9.298575842398439928e-01
9.730108137200336182e-01
7.462824194037864789e-01
9.578257986155468418e-01
8.672436913933249114e-01
9.661844824538742271e-01
8.901973969544924037e-01
9.731311007163742088e-01
9.876717235921378402e-01
9.070115254895679824e-01
7.934336240141750540e-01
9.653583711012797552e-01
9.588699511167232403e-01
8.223389053216942912e-01
7.336730553816028788e-01
9.667906155997075812e-01
7.804400286987493995e-01
7.938202109770335912e-01
8.531849336603156697e-01
9.684540107832160238e-01
8.689488910318226011e-01
9.846249706671051927e-01
8.668303258492030539e-01
7.588590784541159318e-01
9.765334415006735602e-01
8.711946367732718022e-01
7.951902229059079064e-01
9.825703172051584167e-01
9.263262206205807869e-01
9.808724624064674158e-01
9.764284356768854201e-01
9.793321049210623741e-01
8.196485501345878166e-01
8.306013581932503165e-01
9.086017876707859209e-01
7.931484144192411101e-01
9.841023012482515986e-01
8.908325085230397455e-01
8.173062942638713579e-01
9.418338444124035869e-01
9.830741604465011996e-01
8.206154849382665262e-01
8.882294670725296992e-01
8.091022932180246263e-01
9.573881892242087632e-01
9.748032918867421959e-01
8.274822822278375956e-01
8.978648418862381630e-01
9.465954727729980478e-01
9.395537348557484458e-01
9.827129150641780164e-01
8.040348128713583620e-01
7.080500846916308877e-01
9.754444946002281958e-01
8.692099950929432772e-01
8.606756234941913553e-01
7.783429170927345098e-01
7.711595965764181937e-01
6.981511425955870820e-01
9.482025842785337666e-01
8.389135043132213143e-01
9.405914396887159468e-01
8.478883633824276789e-01
9.353704489586753823e-01
8.490896650825193737e-01
9.775809201671763482e-01
9.753048040053842183e-01
9.369259691004320212e-01
8.591312806078879039e-01
8.390157559482109839e-01
7.611910215300046190e-01
7.343734373437343921e-01
8.431794175343292341e-01
8.768378608283108333e-01
9.776182144776139893e-01
8.730869196993187309e-01
9.050965363968628274e-01
9.591428222620616006e-01
9.966856060606059664e-01
9.010768398423572023e-01
7.163172315206385310e-01
8.831181618304770886e-01
8.562135947576451356e-01
9.719938814955721984e-01
7.295655311849643665e-01
8.506747567426111711e-01
8.877231643876890566e-01
7.864745185116739368e-01
8.813651314533210712e-01
8.077735410402736571e-01
9.720004650114137945e-01
8.516036683002570218e-01
8.476340654370005945e-01
7.968998864478679112e-01
9.780181067575447473e-01
7.827831611816873369e-01
9.685226443487043868e-01
6.980962927806781959e-01
9.248306089134371577e-01
7.880719673728661112e-01
8.350970921030390626e-01
8.827223870246947435e-01
9.385398836730556305e-01
9.401945265021608433e-01
7.921264728335442040e-01
7.153925619834708982e-01
8.911424588266441127e-01
9.119963566275531841e-01
8.600827277898355216e-01
9.833739039823180539e-01
7.660580059989723356e-01
8.930424451359285642e-01
9.788353231097751683e-01
8.793584070796460761e-01
8.972594197660785920e-01
9.340246850744368112e-01
6.662815967940812767e-01
9.841870876373679522e-01
8.185438270814664463e-01
9.114142456700927708e-01
9.736192397605551996e-01
7.940080962156141897e-01
8.148513264088823593e-01
8.652496628708420401e-01
9.746723970556220307e-01
9.173330506585539723e-01
8.790398783014804485e-01
8.852691359483426670e-01
7.684915586880691762e-01
8.389845271651685810e-01
8.420135619513259284e-01
8.065201612550608745e-01
9.018430237038832509e-01
8.522234113581023118e-01
9.411217562108186163e-01
9.696677259744671540e-01
8.178789502130203726e-01
9.773495806269539843e-01
8.058726102674844682e-01
8.246229691965900610e-01
7.864134495783847711e-01
7.905576270709011588e-01
7.176490408971223367e-01
9.699184911822675836e-01
8.312067484759357860e-01
9.842727215124880136e-01
9.357380178695303696e-01
8.950621194523633584e-01
9.493715617769692416e-01
9.704809613673139879e-01
7.843765109426458215e-01
8.915022723069224719e-01
9.711992190798264257e-01
8.865116279069766847e-01
7.691174412041391628e-01
8.763513977267560762e-01
8.233716370971273513e-01
7.962145233769166719e-01
8.784738364880698702e-01
9.704347993553270602e-01
9.226938572847211972e-01
9.726647092837932274e-01
7.382408939105464807e-01
9.889497720721972529e-01
9.791595061456044302e-01
9.657430778831918028e-01
7.444410600060921146e-01
8.344915841027816805e-01
9.531407304055512508e-01
9.529633949860512043e-01
9.780067039334898737e-01
9.519131924614505635e-01
7.649159916875036824e-01
7.705811302318006373e-01
8.409772511155000352e-01
7.651526340244954039e-01
8.434183863915107882e-01
7.894449052768595099e-01
9.709576227060432441e-01
8.075364116007902604e-01
9.096949507864243722e-01
9.924690888807468081e-01
8.553733791251129093e-01
8.216394303790242049e-01
8.161190479648464668e-01
9.764412386999535842e-01
9.554958210341347735e-01
9.557306741694535646e-01
9.098371512747640555e-01
8.784714907306209186e-01
9.155198625156983905e-01
9.590653803740838423e-01
8.005979598009137499e-01
8.074464017945580663e-01
9.371343283582090899e-01
7.804644058202643286e-01
9.445023536479627557e-01
9.874713013200400180e-01
7.157527986144031074e-01
9.158259726987372229e-01
6.519087091171416048e-01
9.099538250969804176e-01
8.648828442604775679e-01
8.129107446550047911e-01
8.932506303550451499e-01
9.697038368043235934e-01
9.095714611159392282e-01
8.352748701013438248e-01
7.727426812271038781e-01
8.357399533346995257e-01
9.674663020429705718e-01
9.513976155443671923e-01
9.298933965057744055e-01
9.122190115418106204e-01
9.730264782519125744e-01
8.253218289025119336e-01
9.714172518665623590e-01
8.232809206527431645e-01
7.843919998346341460e-01
8.316500708518046459e-01
9.155860950800052134e-01
9.834528624626651672e-01
9.850855889348707484e-01
8.776255783389674825e-01
8.068169962889547575e-01
7.777604060335014946e-01
8.977553626080202465e-01
6.903301529607753784e-01
9.554131957020404187e-01
9.780224588724631962e-01
8.787422051302594683e-01
9.543418972398052258e-01
9.799883676774341357e-01
9.801134118777024007e-01
7.917489035087719174e-01
8.604108719948495576e-01
7.842241657996719129e-01
9.044674473726543873e-01
8.871941560397345050e-01
8.350919656750626086e-01
9.847501058087612114e-01
8.118490604175643277e-01
8.756931463389223680e-01
9.113095238095237915e-01
9.259089204888147906e-01
7.593786031583094065e-01
8.665872752670666923e-01
6.893323408153917420e-01
8.589396417709771470e-01
7.553095339283184551e-01
8.618072261211289220e-01
7.672814070872413517e-01
9.690536242651756060e-01
9.004985997471770531e-01
7.754645883428465947e-01
9.663126379090377638e-01
7.707810664787408950e-01
9.426872846068163891e-01
8.554984489994525987e-01
8.582066609774169352e-01
8.711811877279502792e-01
9.725197042866912112e-01
8.855635931187463283e-01
8.616179232626777207e-01
9.131263616557736551e-01
9.263574443591712226e-01
9.337054789931471532e-01
9.815862869962651560e-01
7.750250135807805751e-01
9.760996890855293540e-01
8.923590140663311132e-01
8.862869982093393162e-01
8.385243602673515539e-01
8.093746842210096659e-01
