9.533111252526416113e-01
7.292178517758747258e-01
9.377290533216089408e-01
9.145757150319968609e-01
9.003768059359159581e-01
8.225944794448332154e-01
9.168022230874626199e-01
8.950021033670813031e-01
9.712988448016072196e-01
9.868827124067977019e-01
8.584294133589523979e-01
8.963909738941604477e-01
9.507798573975045908e-01
9.027731209153899705e-01
9.905287368638474588e-01
9.293772101632963301e-01
9.491764180971831166e-01
7.911958513765287027e-01
9.248720471185004621e-01
8.530762338167453551e-01
9.548235013560257833e-01
9.851946546579678499e-01
9.004231999799510167e-01
9.377722888732062945e-01
8.787401786548774130e-01
8.643503688527189865e-01
8.968988950490661693e-01
8.874349535335570582e-01
8.622504277676691364e-01
9.302913637081193787e-01
9.493067723081944909e-01
9.491928632115548270e-01
8.464712054253871187e-01
9.181690886126565587e-01
8.605205335855159454e-01
8.778859389413997683e-01
7.815556590591522523e-01
8.623795056877884280e-01
9.323449729885064929e-01
9.823016080389201932e-01
9.196175232844077119e-01
9.627469423140523341e-01
9.814877591561064207e-01
9.077763775351010977e-01
8.598718542042353974e-01
9.239161122813913662e-01
9.455856693266764257e-01
9.535384615384614460e-01
8.868440947204898617e-01
7.863262286239121046e-01
8.835332606324972637e-01
8.953096894509395831e-01
9.103849641327643738e-01
7.934474087868685910e-01
9.827548933884729943e-01
9.112227329088080641e-01
9.857627305238728654e-01
8.906548580199976639e-01
8.729985148514851634e-01
8.456682465751550470e-01
9.811687150641841271e-01
9.812585195356540169e-01
8.458397817711815758e-01
8.517764295127419061e-01
8.207162662799589725e-01
9.835417203821575916e-01
8.827845468337038870e-01
8.256842105263157983e-01
8.242708027052547681e-01
8.642609394682905233e-01
8.245107246550354985e-01
8.935704089753330193e-01
8.443086839905680208e-01
9.277210063886087710e-01
9.652803917161345559e-01
8.787797074290362165e-01
9.883214407080256336e-01
9.225382793501422096e-01
7.818353307434059429e-01
8.865304912092927259e-01
9.048809768510407414e-01
8.115333152874099065e-01
8.471667996807661360e-01
9.041998131482068546e-01
9.881897659695563219e-01
8.972039082493745710e-01
8.386944173428174665e-01
7.268963675213674369e-01
8.813585528354845877e-01
6.366867140513943202e-01
9.521295209267457427e-01
9.800680513758844858e-01
9.635074534131222723e-01
7.986280956923050844e-01
8.711038992826779515e-01
9.713932006028722643e-01
8.929290418603537116e-01
8.933806129648321770e-01
9.820941248270935731e-01
9.591800001223719230e-01
8.708318291705492431e-01
9.840205964296708796e-01
7.465630376156601189e-01
8.529873649775192579e-01
9.118275068034330522e-01
9.360428053103881929e-01
9.163217442849411754e-01
9.436429724649035844e-01
7.996181227879788356e-01
8.199404761904762751e-01
9.299924455958701319e-01
8.838573870807969746e-01
8.520383958140456127e-01
9.546416998773025187e-01
8.343829635371070585e-01
8.922972514421445567e-01
8.242138628108366394e-01
8.994627788658817735e-01
8.654360736949884281e-01
9.382337827410777154e-01
8.476114398912539816e-01
8.323609047104386649e-01
8.439189189189189033e-01
8.844898763606173775e-01
8.179814612463790491e-01
9.824188903163542097e-01
7.716100911520340500e-01
9.773686675375578004e-01
8.495398073362492308e-01
9.601844534542788301e-01
9.276080969037003854e-01
7.871517027863776939e-01
8.266462510124495955e-01
9.815077321260015086e-01
8.567329611049305793e-01
8.768613336154809090e-01
8.341240866696926215e-01
8.558524434906238376e-01
9.930950682115110562e-01
9.271756709502578797e-01
9.294894983895642948e-01
9.630164748465064317e-01
9.628616796047988480e-01
9.863945056832594815e-01
9.581788149742661576e-01
8.374026479750780183e-01
8.518433765573353300e-01
8.376247982642490708e-01
9.433981906832317188e-01
9.194476827881117309e-01
9.050940854900735300e-01
7.998320677570094350e-01
9.337620459324312838e-01
8.305421106699256706e-01
9.853425537370997800e-01
8.438902084982845553e-01
9.735498385535280574e-01
9.884850016863089284e-01
9.197377386941923971e-01
9.857154913467737201e-01
9.085804194129427636e-01
8.041738178438406770e-01
9.813246017445099723e-01
9.202657620088813273e-01
9.774426247855331207e-01
9.232560442456896332e-01
7.148112216023929655e-01
8.655760543908221916e-01
7.128228767100736052e-01
9.487412636217709139e-01
8.781984742020799706e-01
9.652052840211906570e-01
8.996247826484853327e-01
8.440089725216524119e-01
8.678876760963553094e-01
9.861214399286581944e-01
9.870905893207241322e-01
9.839759963938605747e-01
9.855504475555608712e-01
9.808501589958643629e-01
8.844773002046003585e-01
8.713940092165899376e-01
9.852806142640542220e-01
8.445307356798938958e-01
9.208588607510087565e-01
8.294391454063390068e-01
8.267817239606063406e-01
8.179290482192143052e-01
8.864410685544125146e-01
8.729277139540216890e-01
9.129002657560996159e-01
8.027952040893744368e-01
9.848043021884795856e-01
9.482481397001085721e-01
9.948246118458885512e-01
7.926057091670102306e-01
8.869330997706494912e-01
9.028236156949027702e-01
9.280831837943063212e-01
8.724914623383600576e-01
8.309588575314519332e-01
9.880809854841939854e-01
9.898845910181250929e-01
9.098920499541499618e-01
7.827541164857949596e-01
9.318361418427085763e-01
8.731505048723189333e-01
9.408040008972111679e-01
9.655495539362652924e-01
9.604787017253515469e-01
8.294510314051272148e-01
9.192826623524775753e-01
9.301050979967807608e-01
8.463862263063995917e-01
8.970438501221830174e-01
8.926774841837363805e-01
8.768303915386163050e-01
7.535873330034636997e-01
8.505855554739296664e-01
8.206929659714909953e-01
8.070333299501104563e-01
7.865214720500363077e-01
9.828585503753327623e-01
9.445478653984693551e-01
8.372537771459520606e-01
8.134902338640926933e-01
9.752047246828918770e-01
9.832995109315536553e-01
8.043803077360124343e-01
9.867791613325896938e-01
8.144937683797787153e-01
7.330181453988452445e-01
8.590378808118588339e-01
9.794789875818700198e-01
9.674492043111161399e-01
8.618668177104045203e-01
8.192207884450014577e-01
9.810176197315739755e-01
9.380776766798726296e-01
9.765702597386455297e-01
8.515962972294122135e-01
9.821979455677107840e-01
9.323493962788521605e-01
8.321924217629164122e-01
9.827923962873313934e-01
9.548346402932167409e-01
9.658762089585206656e-01
9.558983948885771964e-01
9.222693340907228698e-01
9.576243434415409039e-01
8.160070060808886083e-01
9.672229333166362242e-01
8.930256170639592206e-01
8.399458137051066808e-01
9.868421052631578538e-01
8.267714138159617532e-01
9.239004561149516404e-01
9.819235814295503850e-01
9.566546496876778827e-01
9.361713489388017173e-01
8.326984436580506799e-01
9.336062497710266861e-01
9.674794544503080296e-01
8.247369755930549218e-01
8.250122557768735376e-01
6.942895041153662739e-01
9.707236068048756827e-01
9.745281493824036190e-01
9.325923353872420662e-01
9.817250829972762327e-01
9.638689158109828847e-01
9.872459587611476239e-01
9.246753958536706453e-01
9.846705903786108216e-01
9.384430081436859750e-01
8.592542786524968168e-01
9.485436491376134649e-01
9.585303294712342881e-01
9.164750731513180426e-01
8.118299412984638641e-01
8.124656579928568600e-01
9.635134863445365960e-01
9.565150211188930829e-01
9.377487476426343838e-01
9.674692408648025710e-01
8.138512325437341488e-01
9.633611918460700529e-01
9.287398854728536879e-01
9.803431303468592706e-01
7.676903419563509967e-01
9.048850677652398034e-01
8.772968467842756635e-01
8.840202130574171813e-01
7.618050085680785344e-01
7.970054285935410654e-01
9.784623917497700107e-01
9.851626604425117728e-01
8.319087214328979574e-01
8.619383991461004868e-01
8.466103127641587678e-01
9.558341919632242778e-01
8.024032795765163595e-01
9.737346834039459775e-01
9.575704836066554204e-01
8.366864766291673972e-01
8.131958166990498338e-01
9.183835085337589410e-01
9.416186714146825842e-01
9.088873591629890170e-01
8.444568001527077428e-01
9.637589908749328860e-01
9.639808511834871974e-01
8.151484578412289128e-01
7.540740374391058376e-01
8.677959075417339685e-01
9.154473646340228754e-01
9.887958137277655934e-01
8.929427608088520429e-01
9.193160508473161574e-01
8.090171137995969541e-01
9.828938988146190825e-01
9.918040865379715854e-01
7.459795616512033822e-01
8.915313988843400761e-01
8.176352435068806601e-01
8.435095842452258186e-01
8.212421418949258367e-01
8.789968509227992222e-01
8.542242509223377800e-01
9.866555110333540268e-01
8.894278483015394254e-01
9.813143964906270167e-01
9.310829974623078265e-01
8.642162985169046241e-01
8.864819035281084059e-01
9.868218859208753857e-01
8.929094953222365127e-01
9.113722790453711031e-01
8.764277104976181398e-01
9.617051429725915757e-01
9.727976750847633358e-01
9.096009871547162673e-01
8.732924649676399032e-01
8.791642720306513947e-01
8.032812469157735169e-01
8.772519865279122531e-01
9.852385651827504365e-01
8.366253440496689286e-01
9.061030386399371306e-01
8.626484983483346802e-01
7.708121642570043841e-01
7.542256764536557911e-01
9.386395928728936688e-01
8.814951144052706189e-01
9.885632754898517893e-01
8.689480854033828638e-01
9.135759673942641657e-01
8.323716978593889149e-01
9.842738205365402226e-01
9.822831182040464570e-01
9.151299349538889460e-01
9.820656655823849501e-01
9.660877774606451140e-01
8.356823959540429225e-01
9.259633668539593021e-01
9.814102347214335165e-01
8.594440747254836754e-01
9.413032766891616943e-01
8.196311448795375876e-01
8.892420710602528811e-01
8.797841616574180179e-01
9.863530562506765964e-01
8.572993848474868006e-01
9.562630923057682253e-01
9.622388772380043864e-01
9.549827952032882150e-01
8.599498083447405516e-01
8.934166786179301711e-01
9.538718107420397496e-01
9.706062914666528929e-01
8.045886807861752921e-01
9.082521861759966786e-01
8.250626278520849510e-01
9.262589234034342978e-01
8.888259397988789168e-01
9.367722051452389564e-01
9.140149584530319338e-01
8.352901974873784274e-01
8.958087527908369374e-01
9.902645853866860470e-01
9.805523548249610588e-01
6.974018280297901162e-01
8.970035431908401913e-01
9.024539984472050858e-01
9.824774439273177284e-01
9.130539838960907151e-01
9.755876822745815913e-01
8.790411134116622449e-01
8.177768975510385507e-01
9.360056906701113011e-01
8.301617908315845895e-01
7.463913333914204973e-01
9.244466030299067771e-01
8.185255941570948046e-01
9.900212527603877710e-01
8.378298966893559241e-01
8.822875307276484280e-01
8.719423707581765992e-01
9.399549193062864960e-01
9.192111907108181379e-01
7.850889980338947582e-01
9.931012906866938383e-01
8.539069643621886030e-01
8.393544737834125469e-01
9.676127215405246895e-01
9.304247279260570158e-01
9.503964063626154646e-01
9.745356088618499779e-01
7.907299764222518457e-01
9.640133974195197464e-01
9.036039905605014466e-01
9.741758215611361349e-01
9.108104774372216550e-01
9.769354468885145248e-01
9.891422905575504299e-01
9.251639463984264733e-01
8.570684084355348897e-01
9.730913749699872106e-01
9.702543443643302234e-01
8.447588899160708431e-01
7.679266223896087373e-01
9.748465790997370428e-01
8.194634657960392365e-01
8.322382559625336462e-01
8.927152109664842072e-01
9.709736559769618358e-01
9.040676777417374632e-01
9.866760967548470207e-01
8.938917243195552143e-01
7.892690840015467169e-01
9.828530946807284563e-01
9.044858409349012529e-01
8.227211685713617939e-01
9.858462808215537887e-01
9.430445701470561159e-01
9.812903821040100949e-01
9.818296829480254173e-01
9.820908895584180565e-01
8.509332671578526686e-01
8.671602538181772957e-01
9.240093680608518767e-01
8.498277463467649451e-01
9.865685621430841934e-01
9.054616657680929492e-01
8.545676797523569235e-01
9.551037498271832682e-01
9.864313029176667857e-01
8.472531247496523088e-01
9.088753505138345012e-01
8.359513531837676759e-01
9.673005579558771050e-01
9.800861318375601039e-01
8.710666168088747607e-01
9.119482505441309783e-01
9.555748146186801018e-01
9.511025886864814538e-01
9.860357079030778182e-01
8.323712003782515190e-01
7.556668592445762167e-01
9.791757815495324424e-01
9.013062452349435150e-01
8.892019363803345122e-01
8.148630164274046628e-01
7.922257179673343197e-01
7.275395053172831750e-01
9.636898339429985638e-01
8.701238820686865161e-01
9.557665369649804843e-01
8.549725608035664282e-01
9.446561346475670362e-01
8.771582993501843006e-01
9.809771089519879750e-01
9.789253390250944875e-01
9.521138785361290546e-01
8.909317142740955653e-01
8.784713032874083005e-01
8.110703924263246156e-01
8.096809680968096723e-01
8.824799222037791324e-01
8.897325094419866742e-01
9.824755532769458011e-01
8.982003866198862152e-01
9.255481182898044334e-01
9.678099777666422376e-01
1.000000000000000000e+00
9.148354510721560251e-01
8.044652252466892861e-01
9.012320400420393840e-01
8.822277407946743644e-01
9.796385059068620782e-01
7.981393325522880833e-01
8.786668452838825027e-01
9.052269730746069776e-01
8.183343250980678052e-01
9.030240806468405879e-01
8.448877067096569604e-01
9.768478567201194229e-01
8.892716774224853626e-01
8.934826858320349396e-01
8.281910874468918493e-01
9.831833104979083027e-01
8.103661329377146449e-01
9.735924681458272278e-01
7.401887886937721373e-01
9.397795120642233879e-01
8.218606850254448482e-01
8.928959621363847798e-01
9.072051854990946795e-01
9.499690686529607131e-01
9.437396726116131784e-01
8.244485728532171542e-01
8.321280991735537924e-01
9.274518023659665822e-01
9.259471488420758511e-01
8.996385632922148101e-01
9.864425153812291791e-01
8.387456104560345738e-01
9.136442211376386568e-01
9.826694107289630775e-01
9.084887401971364351e-01
9.247491609214127939e-01
9.524874963375080661e-01
7.021963625154130639e-01
9.874615371960737686e-01
8.450929245081721941e-01
9.335496465495631835e-01
9.772340634642583401e-01
8.271552673159613400e-01
8.540631078895659645e-01
9.062153506143243442e-01
9.793947013634467513e-01
9.379811897737856397e-01
9.052190852753093653e-01
9.028510053511570321e-01
8.000238161749433363e-01
8.889101269038603981e-01
8.724665244996838709e-01
8.665273320332655960e-01
9.339026081978223370e-01
8.897928776215536795e-01
9.506457669908140451e-01
9.741219211056117988e-01
8.461813443145624891e-01
9.797767397772393361e-01
8.586741857143843637e-01
8.511151571731553345e-01
8.420198626617888538e-01
8.132070612694077827e-01
7.476217876151579622e-01
9.749310508173365530e-01
8.460242074627692954e-01
9.865038203297915587e-01
9.543794954178684842e-01
9.221483123922149527e-01
9.615849744076723216e-01
9.750707040072247311e-01
8.187337239240685127e-01
9.182616749072238793e-01
9.737611594448436492e-01
8.879069767441860606e-01
7.989138664158041969e-01
9.042296894445891464e-01
8.527061500917711978e-01
8.244776009629628533e-01
8.962765328050628089e-01
9.768617049397243512e-01
9.323879982976309710e-01
9.761530666999838068e-01
7.752607960660847786e-01
9.908996707985208152e-01
9.825615752782130841e-01
9.743099038266788137e-01
8.203624733475479713e-01
8.587918906736946578e-01
9.619085437639955938e-01
9.615256709472617125e-01
9.806884574204300931e-01
9.675740846500412440e-01
7.936566548515469055e-01
8.094620270343628743e-01
8.683636895618461748e-01
7.901434743741259092e-01
8.945568709006559427e-01
8.155234059840731353e-01
9.762127957479674878e-01
8.445908085756450578e-01
9.238452230261864351e-01
9.929418642645040372e-01
9.035703278074983524e-01
8.718124407596469227e-01
8.748305181842974676e-01
9.803345097328606261e-01
9.613593836604616971e-01
9.636721781496263572e-01
9.255129122037719647e-01
9.090679479512505656e-01
9.343935488135368672e-01
9.667170039683548044e-01
8.287438268140246977e-01
8.509562785839650534e-01
9.541492537313432942e-01
8.133414355320258693e-01
9.565600301126523375e-01
9.900628109197729954e-01
7.488714140090286797e-01
9.263449886853055704e-01
7.134524017386989492e-01
9.223305609357542734e-01
9.124473353536847187e-01
8.633002308066084485e-01
9.173079219365537496e-01
9.774681313333238863e-01
9.274912993220312263e-01
9.072152454819505385e-01
8.134858629328631796e-01
8.628032885421170750e-01
9.718991388307244295e-01
9.584872807320045096e-01
9.431130758492320965e-01
9.292183626269405750e-01
9.768121952217888593e-01
8.532804868813423926e-01
9.751573162629214586e-01
8.545524540246642875e-01
8.256920710010247078e-01
8.522554682324164910e-01
9.310776119979153886e-01
9.854702605963981954e-01
9.861163903048235646e-01
8.985772851451836463e-01
8.354158076284251555e-01
8.122138097223992048e-01
9.178493961886653452e-01
7.310475757772441074e-01
9.671880659181456563e-01
9.810435508656113468e-01
9.043350825888982758e-01
9.594973157455408685e-01
9.832131558345797995e-01
9.835707179358936791e-01
8.175198739035087758e-01
8.862034906517524124e-01
8.394468404713570919e-01
9.148406693691012448e-01
9.074256398890707676e-01
8.770205038138918496e-01
9.863933696613105262e-01
8.478404005366875218e-01
8.976493955617395049e-01
9.130952380952380709e-01
9.417617109602960390e-01
7.814466488594591365e-01
9.080055056041670403e-01
7.268810123683003832e-01
8.888531024869452679e-01
7.914736828548982750e-01
8.941604206843078995e-01
8.003964257402693683e-01
9.765911964441664761e-01
9.231800142748054494e-01
8.357473745669090626e-01
9.704883159214581223e-01
8.140433937685522814e-01
9.528771874025186994e-01
8.809804756401677928e-01
8.817900375343565855e-01
8.938303902332680462e-01
9.747784192772180889e-01
9.136459454976368910e-01
9.062445028258883095e-01
9.345315904139434027e-01
9.427977204048350046e-01
9.511798860845093184e-01
9.842598350990012790e-01
8.032553685657587428e-01
9.801301712796693932e-01
9.225887211253065434e-01
9.165371355692394362e-01
8.491180798940345387e-01
8.622628898883282211e-01
