8.975319266319274902e-01
9.264526367187500000e-01
8.809786438941955566e-01
9.195547699928283691e-01
7.858126759529113770e-01
8.419464826583862305e-01
9.196068048477172852e-01
9.287215471267700195e-01
9.237838387489318848e-01
9.255765676498413086e-01
9.109579324722290039e-01
9.221786260604858398e-01
8.763929605484008789e-01
9.399864673614501953e-01
9.159436225891113281e-01
8.353422284126281738e-01
9.389988780021667480e-01
9.363567233085632324e-01
9.357046484947204590e-01
8.899438381195068359e-01
9.212484955787658691e-01
9.401607513427734375e-01
9.190908670425415039e-01
9.202715754508972168e-01
9.185343980789184570e-01
8.954749107360839844e-01
8.320472836494445801e-01
7.790967822074890137e-01
8.989922404289245605e-01
8.072152733802795410e-01
9.018532037734985352e-01
8.586512804031372070e-01
8.745516538619995117e-01
8.990805149078369141e-01
9.472465515136718750e-01
9.249632954597473145e-01
8.855910301208496094e-01
8.612813353538513184e-01
9.353616833686828613e-01
8.963428139686584473e-01
9.320324659347534180e-01
9.281029105186462402e-01
9.301289319992065430e-01
9.256097078323364258e-01
9.323993325233459473e-01
9.283918142318725586e-01
9.115341901779174805e-01
9.261137843132019043e-01
9.558250904083251953e-01
9.291109442710876465e-01
9.376510977745056152e-01
9.180957078933715820e-01
9.150013327598571777e-01
9.149161577224731445e-01
9.198837280273437500e-01
9.194260835647583008e-01
9.338843822479248047e-01
9.274955391883850098e-01
9.300516247749328613e-01
8.832567930221557617e-01
9.353721141815185547e-01
9.328824281692504883e-01
9.285439252853393555e-01
9.328709244728088379e-01
9.308663606643676758e-01
9.261531233787536621e-01
9.459144473075866699e-01
9.481867551803588867e-01
9.293250441551208496e-01
9.224542379379272461e-01
9.260286688804626465e-01
9.285598397254943848e-01
8.999079465866088867e-01
9.375653862953186035e-01
9.314435124397277832e-01
9.387468695640563965e-01
9.276201725006103516e-01
9.292659759521484375e-01
9.358007311820983887e-01
9.336214661598205566e-01
9.311246871948242188e-01
9.266644120216369629e-01
9.348251819610595703e-01
9.246456027030944824e-01
9.348691105842590332e-01
9.236456155776977539e-01
9.325172901153564453e-01
9.242118597030639648e-01
9.307931661605834961e-01
9.266622066497802734e-01
9.203224182128906250e-01
9.170564413070678711e-01
9.173001646995544434e-01
9.375345110893249512e-01
9.390981793403625488e-01
9.337794184684753418e-01
9.275505542755126953e-01
9.228263497352600098e-01
9.323573112487792969e-01
9.330695867538452148e-01
9.153650999069213867e-01
9.455372095108032227e-01
9.177558422088623047e-01
9.500766396522521973e-01
9.275947213172912598e-01
9.062185287475585938e-01
9.450311660766601562e-01
9.135888814926147461e-01
9.316798448562622070e-01
9.288372993469238281e-01
9.052696824073791504e-01
9.056738615036010742e-01
8.887894749641418457e-01
9.218591451644897461e-01
9.051100015640258789e-01
9.180946350097656250e-01
8.688041567802429199e-01
9.038099050521850586e-01
9.019990563392639160e-01
9.119464755058288574e-01
8.840029239654541016e-01
8.731122612953186035e-01
8.964645862579345703e-01
9.184865951538085938e-01
8.370582461357116699e-01
9.279912710189819336e-01
9.201864004135131836e-01
9.388847351074218750e-01
9.314494729042053223e-01
9.342074990272521973e-01
9.347923398017883301e-01
9.139519333839416504e-01
9.148004651069641113e-01
9.282535314559936523e-01
9.214074015617370605e-01
9.319272637367248535e-01
9.369918107986450195e-01
9.416966438293457031e-01
9.375809431076049805e-01
9.196963310241699219e-01
9.324451088905334473e-01
9.237636923789978027e-01
9.269238710403442383e-01
9.125990271568298340e-01
9.433326125144958496e-01
9.389438629150390625e-01
9.177525639533996582e-01
9.261167645454406738e-01
9.294037818908691406e-01
9.084687232971191406e-01
9.128651022911071777e-01
9.085454940795898438e-01
8.826843500137329102e-01
9.106482863426208496e-01
9.087113738059997559e-01
9.030334353446960449e-01
9.175432324409484863e-01
9.143745303153991699e-01
9.163876175880432129e-01
8.991389274597167969e-01
8.968665003776550293e-01
8.917958140373229980e-01
9.036626815795898438e-01
9.129455089569091797e-01
