7.374915163720112687e-01
7.483394341281055517e-01
8.098888505657606540e-01
7.581192492128305815e-01
7.498192013707318804e-01
6.637924320475305784e-01
7.446455790562866994e-01
7.525339623271287692e-01
7.484284426840530635e-01
6.650162996918078662e-01
8.030796960357814429e-01
8.060948608685010175e-01
7.552375972140322746e-01
7.588980740773707545e-01
8.133935624561909883e-01
7.411742453743366266e-01
8.068736857330411905e-01
8.018113241135303992e-01
8.144171608495867076e-01
8.111460964185182032e-01
8.083312008366805301e-01
8.045260850699272881e-01
7.479277695568485873e-01
8.124144683407693579e-01
8.090432692842599582e-01
7.653178161750796571e-01
8.074967456246731068e-01
7.625474248712158509e-01
7.548259326427751992e-01
8.132600496222699427e-01
6.678423213431391448e-01
8.087984957554044119e-01
8.052381535175068272e-01
8.004428175658383493e-01
7.994192191724429630e-01
8.132711756917634371e-01
7.280566094415825695e-01
7.524227016321943795e-01
8.156299024243705009e-01
7.562500695379343885e-01
7.550150758241636062e-01
7.596991510808976944e-01
7.817287686778890965e-01
7.482615516416515344e-01
8.082533183502265128e-01
7.987739071418240577e-01
8.138386052359281031e-01
7.472157011092690482e-01
7.989185460452385978e-01
8.085537222265489765e-01
8.035136127460251743e-01
7.986403943079029011e-01
8.061949954939419127e-01
8.093214210215957660e-01
7.646168737969938345e-01
8.090988996317270976e-01
8.065955339957052717e-01
7.907853892455412037e-01
8.040254119427229229e-01
8.147954472123632996e-01
7.962482893668154649e-01
8.094326817165300447e-01
8.126926200781049436e-01
7.954917166412620588e-01
7.530680136628132848e-01
8.069738203584819747e-01
8.103783976234714137e-01
7.781573003704982394e-01
8.069960724974688526e-01
7.523225670067534843e-01
7.933110070205497966e-01
8.019782151559318173e-01
8.014552898897406852e-01
7.846660510241547648e-01
7.903514725352973613e-01
7.968268449804736253e-01
7.459362031175247321e-01
7.573515504177839031e-01
7.869802734787881837e-01
8.001869179674896415e-01
8.022674929627611196e-01
7.998976401606605613e-01
7.459473291870180045e-01
8.016333070016355977e-01
7.510541950845024406e-01
7.431991900221408542e-01
7.861680704057677493e-01
7.992078238520679001e-01
7.327073064898363963e-01
7.933221330900431800e-01
8.005429521912793556e-01
7.301928147843210759e-01
8.100557416081620721e-01
8.019559630169450504e-01
7.895948998097441773e-01
8.068403075245607070e-01
7.550818322411241290e-01
8.049933799886513919e-01
8.001312876200225022e-01
7.325292893779414838e-01
7.776343751043068853e-01
8.043703200970194755e-01
7.510875732929827020e-01
8.113018613914262378e-01
7.560386742175592145e-01
8.088541261028717733e-01
8.030908221052749374e-01
7.436108545933977076e-01
8.002314222454635084e-01
7.590649651197721726e-01
7.493630325215011601e-01
8.114798785033209283e-01
7.738515114765408542e-01
7.570622726109547118e-01
7.721492228440458572e-01
8.082199401417461404e-01
7.748639838004427460e-01
7.811613391337243195e-01
7.543920159325314678e-01
8.025122664916164439e-01
7.457136817276561747e-01
7.468819190244662121e-01
7.408905306022539605e-01
7.458583206310707148e-01
7.619466171185705905e-01
8.042813115410718527e-01
7.865908610465182083e-01
7.570622726109547118e-01
8.135604534985925174e-01
7.474382224991378276e-01
7.457693120751232030e-01
7.578410974754949958e-01
8.162418362465091448e-01
7.914752055541338649e-01
8.004984479133057107e-01
4.983922829581993730e-01
7.622970883076136683e-01
7.496467472935836041e-01
7.618353564236362008e-01
7.524560798406747519e-01
8.075412499026468627e-01
7.421088352117848341e-01
7.506314044437522037e-01
7.553154797004862919e-01
7.645167391715528282e-01
7.559830438700920752e-01
7.514324814472790326e-01
8.193237574961892422e-01
8.013551552642996789e-01
8.063396343973565639e-01
7.595823273512165574e-01
7.398057388266446877e-01
6.626686990286940748e-01
8.099945482259481855e-01
8.090766474927402196e-01
8.193126314266959698e-01
8.118247866576174809e-01
8.123810901322890965e-01
8.024121318661756597e-01
8.130931585798685246e-01
7.555658162640883635e-01
6.785567262653122711e-01
7.928882163797995597e-01
7.502753702199623786e-01
8.018224501830237827e-01
8.062172476329287907e-01
7.465481369396632649e-01
7.630814762069004775e-01
6.536788348780026014e-01
8.161528276905618551e-01
8.067846771770936787e-01
7.957587423091045942e-01
8.016666852101158591e-01
8.006208346777334839e-01
8.082755704892132798e-01
8.110570878625708025e-01
8.120584341169794218e-01
8.146396822394552650e-01
8.096774552453854801e-01
8.043369418885388811e-01
8.056831962972440531e-01
8.060948608685007954e-01
8.113018613914263488e-01
7.433327028560620109e-01
7.710421789294494843e-01
8.015331723761947025e-01
7.950466738615248330e-01
8.071629635398703817e-01
8.210149200591907448e-01
7.440225191646544500e-01
8.068180553855739401e-01
8.052381535175069383e-01
7.942455968579980041e-01
7.995416059368707362e-01
7.999866487166078510e-01
7.947573960546958638e-01
7.863683396566494288e-01
7.559496656616115917e-01
7.795258069181901783e-01
7.981508472501920304e-01
7.442561666240168350e-01
8.036916298579201978e-01
7.974721570110927527e-01
8.073743588602453336e-01
8.098777244962672706e-01
5.000000000000000000e-01
7.569065076380467882e-01
8.120584341169795328e-01
7.610787836980830168e-01
8.034023520510908956e-01
7.955695991277159651e-01
7.903514725352974724e-01
5.304131109602909788e-01
7.873585598415647757e-01
7.992412020605480505e-01
8.109903314456102796e-01
7.353219328207923899e-01
7.618576085626230787e-01
8.061171130074878954e-01
8.100891198166424445e-01
8.037361341358937317e-01
8.076191323891007690e-01
8.027347878814850013e-01
8.030463178273011815e-01
7.949576653055774322e-01
7.457025556581625692e-01
5.435529990320320248e-01
7.640049399748549686e-01
7.952691952513935014e-01
8.013662813337931734e-01
7.421088352117848341e-01
7.984846293349947555e-01
7.911414234693310288e-01
7.886936881807763422e-01
5.016077170418006270e-01
8.035136127460252853e-01
7.210249335217348010e-01
6.658062506258413116e-01
8.024788882831361825e-01
7.957921205175847446e-01
7.677432993246473547e-01
7.953359516683540242e-01
7.648616473258491588e-01
8.010324992489902263e-01
7.974721570110925306e-01
7.430656771882196976e-01
8.076525105975811414e-01
5.852813226671413904e-01
7.446344529867934270e-01
7.997641273267391826e-01
7.615794568252873820e-01
7.554156143259270761e-01
7.821404332491459499e-01
6.595311474315468381e-01
7.948797828191235260e-01
5.000000000000000000e-01
8.136383359850465347e-01
6.665516972819012231e-01
8.026680314645244785e-01
7.970604924398357882e-01
7.534129218171097264e-01
7.579857363789095359e-01
7.463923719667553414e-01
8.107789361252351057e-01
8.172876867788916311e-01
8.158858020227194308e-01
8.074744934856862288e-01
8.113352395999064992e-01
7.468819190244662121e-01
6.406835857096763176e-01
7.146941999799730771e-01
7.971606270652766835e-01
7.551708407970716408e-01
7.612122965320042844e-01
8.083757051146541750e-01
7.546145373224001363e-01
8.188342104384784825e-01
8.028571746459127745e-01
8.072408460263242880e-01
8.101113719556292114e-01
8.150068425327385846e-01
7.625251727322288620e-01
7.475494831940719953e-01
8.009657428320297035e-01
7.986960246553702625e-01
7.510986993624761965e-01
8.111683485575051922e-01
8.078527798484629319e-01
8.078972841264366878e-01
7.524449537711812575e-01
8.088986303808453071e-01
8.091879081876746094e-01
8.115466349202817842e-01
8.045483372089141660e-01
6.723372534184848259e-01
8.076636366670745248e-01
6.616562267047920720e-01
8.025901489780704612e-01
8.117023998931898188e-01
8.078861580569431933e-01
8.092324124656481432e-01
8.033022174256501113e-01
7.953359516683541353e-01
8.112462310439590985e-01
6.745735933866643386e-01
8.051046406835856706e-01
7.966154496600985624e-01
8.049266235716908691e-01
5.644978248534140430e-01
8.100557416081621831e-01
7.993190845470019568e-01
8.034913606070382963e-01
8.057722048531915648e-01
8.072853503042979328e-01
8.090321432147664638e-01
7.868467606448670271e-01
7.817176426083957130e-01
8.046373457648616778e-01
8.071629635398702707e-01
7.877368462043413677e-01
8.025011404221230604e-01
8.056609441582571751e-01
7.934111416459908028e-01
8.117914084491372195e-01
8.093547992300759164e-01
8.070517028449359920e-01
7.907297588980741754e-01
8.040810422901900623e-01
6.984167603110849054e-01
8.120028037695123935e-01
8.099222287742409154e-01
8.045928414868879219e-01
8.067401728991199228e-01
8.063730126058367143e-01
8.052381535175069383e-01
8.023342493797216424e-01
7.991299413656136608e-01
8.058723394786322380e-01
7.897840429911326954e-01
8.034579823985579239e-01
6.643153573137218215e-01
7.453465214343728551e-01
7.978504433738693447e-01
8.103895236929647972e-01
8.020783497813726015e-01
7.994192191724429630e-01
7.440781495121219224e-01
7.543252595155709450e-01
6.828736412287630397e-01
6.197777011315213080e-01
6.749852579579210810e-01
7.953693298768342856e-01
7.940230754681293357e-01
7.828858799052058615e-01
7.980395865552576407e-01
8.008099778591216689e-01
8.051602710310529210e-01
5.566483828257990929e-01
8.018558283915040441e-01
7.937226715918068720e-01
5.824219228073299615e-01
8.103227672760044964e-01
6.501018035358648861e-01
4.970349024800008730e-01
6.634030196152603809e-01
8.016110548626484977e-01
8.087873696859110284e-01
8.040365380122163064e-01
7.989463612189722230e-01
7.932609397078294045e-01
5.310918011993902565e-01
7.818734075813038586e-01
4.965397923875432551e-01
7.808164309794278779e-01
8.014441638202471907e-01
7.994637234504166079e-01
5.000000000000000000e-01
7.530568875933199013e-01
7.468930450939595955e-01
8.071407114008835038e-01
8.076080063196074965e-01
7.613736245396588442e-01
7.598882942622859904e-01
5.134124767743298845e-01
8.018113241135303992e-01
7.821293071796526775e-01
7.060714961225648123e-01
7.913416927202128193e-01
7.987850332113173302e-01
7.772227105330499208e-01
7.694900922351162187e-01
7.938673104952214121e-01
7.455134124767743842e-01
7.743966888817188643e-01
7.916309705270418995e-01
7.308548159191802229e-01
7.344540994003049272e-01
7.970159881618620323e-01
7.898062951301193513e-01
7.769890630736878689e-01
7.985513857519553893e-01
7.804826488946250418e-01
7.708697248523013190e-01
7.755092958310617623e-01
7.968157189109803529e-01
7.843990253563124515e-01
7.874475683975121765e-01
7.954583384327819084e-01
7.725720134847963161e-01
7.617018435897150441e-01
7.318951034168159619e-01
7.695902268605567809e-01
7.728946695001057687e-01
7.737625029205931204e-01
7.793144115978148934e-01
8.013774074032866679e-01
7.714816586744400739e-01
7.827857452797650772e-01
7.701687824742154964e-01
7.958366247955585004e-01
7.661522713870871915e-01
7.762547424871215629e-01
7.418640616829292878e-01
7.768778023787537013e-01
7.800487321843814215e-01
7.654290768700142689e-01
7.833976791019037211e-01
7.695568486520768525e-01
7.894836391148098986e-01
7.851667241513590190e-01
7.670312308770680376e-01
7.727277784577042397e-01
7.786579734977023826e-01
7.587979394519299703e-01
7.792031509028805036e-01
7.967712146330065970e-01
7.570066422634876835e-01
7.852446066378131473e-01
7.845547903292204861e-01
7.370019693143003980e-01
7.766107767109113880e-01
7.637601664459996442e-01
7.652176815496388729e-01
7.678879382280621169e-01
7.660410106921528017e-01
7.350771592919370656e-01
7.830305188086204016e-01
7.893946305588623868e-01
7.850888416649051127e-01
7.469375493719334624e-01
7.760878514447201448e-01
7.811502130642309361e-01
7.587645612434494868e-01
7.446455790562868104e-01
7.430322989797393252e-01
7.601775720691150706e-01
7.669867265990943928e-01
7.357447234615426268e-01
7.477608785144472803e-01
7.793811680147754162e-01
7.240734765629346370e-01
7.815173733575140336e-01
7.669644744601074038e-01
7.357781016700229992e-01
7.877034679958611063e-01
7.546590416003738921e-01
7.506202783742588203e-01
7.581192492128305815e-01
7.667975834177060968e-01
7.332858621034946678e-01
7.343873429833444044e-01
7.026224145796013953e-01
7.303930840352028664e-01
7.710254898252093536e-01
7.458360684920837258e-01
7.518663981575228750e-01
7.399948820080329837e-01
7.415970360150869745e-01
7.420977091422914507e-01
7.481836691551975171e-01
7.472045750397757757e-01
7.305154707996305286e-01
7.251415792343040012e-01
7.410741107488957313e-01
7.328741975322378144e-01
7.239844680069871252e-01
7.560609263565459814e-01
7.562166913294540160e-01
7.358559841564771276e-01
7.335862659798173535e-01
7.554712446733942155e-01
7.388155186417294518e-01
7.546367894613867922e-01
7.597547814283647227e-01
7.343762169138509099e-01
7.364122876311486321e-01
7.332858621034947788e-01
7.219817754981697755e-01
7.333971227984289465e-01
7.298367805605312508e-01
7.452463868089318488e-01
7.319618598337765958e-01
7.472824575262297930e-01
7.348101336240946413e-01
7.341425694544888580e-01
7.220819101236106707e-01
7.299146630469853791e-01
7.382592151670579472e-01
7.434328374815027951e-01
6.670189922006252159e-01
7.523225670067533732e-01
7.551040843801108959e-01
7.876589637178874614e-01
7.934556459239644477e-01
7.810278262998031629e-01
7.984957554044882500e-01
7.820625507626920436e-01
8.020004672949188063e-01
7.596212685944436771e-01
7.771337019771025201e-01
7.923207868356345607e-01
7.827968713492584607e-01
7.813838605235927659e-01
7.929438467272665880e-01
7.928770903103060652e-01
7.926768210594242747e-01
7.788026124011171447e-01
7.801266146708352167e-01
7.731839473069348490e-01
7.891164788215266901e-01
7.455690428242414125e-01
7.966710800075658128e-01
7.798707150724863979e-01
7.656627243293763208e-01
7.925210560865163512e-01
7.980896538679780328e-01
7.875031987449794268e-01
8.007988517896282854e-01
7.795146808486966838e-01
8.019114587389712945e-01
7.775119883398792231e-01
7.964263064787102664e-01
7.987071507248633129e-01
8.012772727778458837e-01
7.954249602243015360e-01
7.941120840240767365e-01
7.940342015376228302e-01
7.839428565070817312e-01
7.964263064787101554e-01
7.835590071095583919e-01
7.921427697237396481e-01
8.069738203584819747e-01
7.842877646613781728e-01
7.991744456435874167e-01
7.874253162585254096e-01
7.964485586176971443e-01
7.853892455412277984e-01
7.880149979416772865e-01
7.878592329687690299e-01
7.659297499972185230e-01
7.711367505201438544e-01
7.817621468863693579e-01
7.452018825309583150e-01
8.021228540593463574e-01
7.839206043680948532e-01
7.887715706672303595e-01
7.875143248144728103e-01
7.824742153339490081e-01
7.793255376673082768e-01
7.773896015754515609e-01
7.518330199490426136e-01
7.867243738804392539e-01
7.967489624940196080e-01
7.431101814661933425e-01
7.777011315212675191e-01
7.294473681282613864e-01
7.770446934211552303e-01
7.903737246742843503e-01
7.802823796437432513e-01
7.808609352574016338e-01
7.628255766085514367e-01
7.728501652221320128e-01
7.733397122798429946e-01
7.838093436731605745e-01
7.764883899464836148e-01
7.351661678478844664e-01
7.835756962137985226e-01
7.911859277473047847e-01
7.415970360150869745e-01
7.798929672114731648e-01
7.395498392282958688e-01
7.928882163797995597e-01
7.385373669043936440e-01
7.791920248333870092e-01
7.586533005485152081e-01
7.407292025945994007e-01
7.416304142235672359e-01
7.701576564047218909e-01
7.701687824742153854e-01
7.483394341281055517e-01
7.582416359772583547e-01
7.731283169594677096e-01
7.462254809243538123e-01
7.832864184069693314e-01
7.834978137273445054e-01
7.359783709209047897e-01
7.343539647748638100e-01
7.719489535931642887e-01
7.392383092824796886e-01
7.743299324647582305e-01
7.397834866876578097e-01
7.300815540893867972e-01
7.663747927769556378e-01
7.560052960090788421e-01
7.377251638313732096e-01
7.427986515203773843e-01
7.364011615616551376e-01
7.764327595990163644e-01
7.408960936370007078e-01
7.394497046028549736e-01
7.258870258903635797e-01
7.382925933755382086e-01
7.450016132800765245e-01
7.503421266369230125e-01
7.317949687913751777e-01
7.360340012683719291e-01
7.523114409372599898e-01
7.508316736946338832e-01
7.285350304298000568e-01
7.334972574238698417e-01
7.263543208090877945e-01
7.376695334839061813e-01
7.359116145039441559e-01
7.304709665216568837e-01
7.565059691362832073e-01
7.212029506336296025e-01
7.466816497735845326e-01
7.285461564992935513e-01
7.503977569843901518e-01
7.359004884344506614e-01
7.917199790829894113e-01
7.332858621034946678e-01
7.852446066378129252e-01
7.999198922996473282e-01
7.923319129051280552e-01
7.912638102337586909e-01
7.920760133067790143e-01
8.009212385540559476e-01
7.448903525851422458e-01
7.864350960736100626e-01
7.935669066188987264e-01
7.988962939062518309e-01
7.955473469887293092e-01
7.927435774763849086e-01
7.957142380311308383e-01
7.841653778969503996e-01
7.820291725542116712e-01
7.868245085058801491e-01
7.832752923374759479e-01
7.943679836224257773e-01
7.808609352574016338e-01
7.588201915909167372e-01
8.027347878814852233e-01
7.831195273645679134e-01
7.861124400583006100e-01
7.843878992868189570e-01
7.921872740017134040e-01
7.979728301382971178e-01
7.971828792042635614e-01
7.820069204152249043e-01
7.842877646613779508e-01
7.964263064787102664e-01
7.903848507437778448e-01
7.957364901701176052e-01
7.867688781584130098e-01
7.991633195740940332e-01
7.961926590193482145e-01
7.755871783175157796e-01
8.006430868167202508e-01
7.958143726565717335e-01
8.042034290546179465e-01
8.045817154173945385e-01
7.871694166601764797e-01
7.916754748050156554e-01
8.024566361441494156e-01
8.016666852101157481e-01
7.916643487355222719e-01
7.919536265423512411e-01
7.873919380500451481e-01
7.934667719934579422e-01
7.850109591784509844e-01
8.043591940275259811e-01
7.834866876578511219e-01
7.633930061527163247e-01
8.003204308014106871e-01
7.955807251972095706e-01
7.892388655859544633e-01
7.813727344540992714e-01
7.750753791208179200e-01
7.752422701632195601e-01
7.863794657261429233e-01
7.856562712090700007e-01
7.798707150724862869e-01
7.876144594399137056e-01
7.954138341548080415e-01
7.714037761879861677e-01
7.803825142691841465e-01
7.830527709476072795e-01
7.882931496790128723e-01
7.923096607661411772e-01
7.830750230865941575e-01
7.843100168003649397e-01
7.410407325404154699e-01
7.686445109536154119e-01
7.937115455223133775e-01
7.567507426651387537e-01
7.822071896661065837e-01
7.550707061716307456e-01
7.733508383493363780e-01
7.388934011281834691e-01
7.569510119160204331e-01
7.742965542562779691e-01
7.551040843801110070e-01
7.464146241057422193e-01
7.930106031442272219e-01
7.527342315780104487e-01
7.446678311952735774e-01
7.396388477842432696e-01
7.825298456814160364e-01
7.697793700419452989e-01
7.850332113174378623e-01
7.819624161372511484e-01
7.671647437109891943e-01
7.841097475494831492e-01
7.695123443741029856e-01
7.809944480913226794e-01
7.672982565449104619e-01
7.669756005296008983e-01
7.639715617663747071e-01
7.584419052281400342e-01
7.492740239655537593e-01
7.697237396944780485e-01
7.791141423469331029e-01
7.257868912649229065e-01
7.420754570033044617e-01
7.522113063118190945e-01
7.536131910679915169e-01
7.521668020338454497e-01
7.506981608607127265e-01
7.841208736189766437e-01
7.762324903481346849e-01
7.513991032387987712e-01
7.447457136817277057e-01
7.592763604401473465e-01
7.452797650174123323e-01
7.498080753012382749e-01
7.411519932353497486e-01
7.256756305699885168e-01
7.288354343061227425e-01
7.373134992601162452e-01
7.417750531269817760e-01
7.484173166145595690e-01
7.329298278797049537e-01
7.355222020716740694e-01
7.533127871916688312e-01
7.694789661656227242e-01
7.539580992222878475e-01
7.567507426651386426e-01
7.282123744144906041e-01
7.468151626075056893e-01
7.394163263943747122e-01
7.130141634864651801e-01
7.104551675029762148e-01
7.567841208736189040e-01
7.420420787948240893e-01
7.466705237040911491e-01
7.498303274402252638e-01
7.445343183613524207e-01
7.586421744790218247e-01
7.246631582460862919e-01
7.584419052281401452e-01
7.023665149812525765e-01
7.493296543130207876e-01
7.678434339500883610e-01
7.331300971305867442e-01
7.242959979528031944e-01
7.476051135415391347e-01
7.126247510541950936e-01
7.762658685566149463e-01
7.688002759265234465e-01
7.501863616640149779e-01
7.287130475416949693e-01
7.494409150079551774e-01
7.365124222565894163e-01
7.681772160348911971e-01
7.354888238631939190e-01
7.282235004839840986e-01
7.581415013518175705e-01
7.498637056487054142e-01
7.393384439079206949e-01
7.246297800376061415e-01
7.328853236017311978e-01
7.434995938984634289e-01
7.476051135415391347e-01
7.323290201270598043e-01
7.268327417973051707e-01
7.325737936559152397e-01
7.381368284026301740e-01
7.290357035570044220e-01
7.282012483449971096e-01
7.428987861458182795e-01
7.138931229764460262e-01
7.431213075356868369e-01
7.469486754414269569e-01
7.467595322600385499e-01
7.337754091612056495e-01
7.479500216958354653e-01
7.294028638502875195e-01
6.988172988128483754e-01
7.045583506714583333e-01
7.138152404899922310e-01
7.390491661010915037e-01
7.206243950199712200e-01
7.164076146819613466e-01
7.388155186417294518e-01
7.453798996428530055e-01
7.546256633918935197e-01
7.185883243026736089e-01
6.981163564347623307e-01
7.214477241624851489e-01
7.285461564992934402e-01
7.225158268338545131e-01
7.265545900599695850e-01
7.007532349047052023e-01
7.123688514558461637e-01
7.116345308692797467e-01
7.059602354276304226e-01
7.110003449081543359e-01
7.280566094415825695e-01
6.621346476930094482e-01
7.365012961870960329e-01
6.415180409216836299e-01
7.194895359316413330e-01
7.307602443284861859e-01
7.271553978126148454e-01
7.113230009234637885e-01
7.220374058456369148e-01
7.156955462343816965e-01
7.119571868845893103e-01
7.125357424982476928e-01
6.402274168604457083e-01
6.381802200736546027e-01
7.211473202861623522e-01
7.030118270118714818e-01
7.166857664192970434e-01
7.175647259092778896e-01
7.235171730882632435e-01
7.368350782718988690e-01
7.230943824475126736e-01
7.104217892944959534e-01
6.891376183535642408e-01
6.968257323735245201e-01
7.185438200246998530e-01
7.169972963651131126e-01
7.070839684464668151e-01
6.765985380344685662e-01
6.697448792265155992e-01
7.241736111883755322e-01
7.127360117491293723e-01
7.232501474204207081e-01
6.245952892221764419e-01
7.314166824285983637e-01
6.634475238932341368e-01
7.379031809432681221e-01
6.526774886235938711e-01
6.444108189899753203e-01
6.740061638424993395e-01
6.864451095361541189e-01
7.115566483828258404e-01
6.903948642063219010e-01
6.950010569766018609e-01
5.995505067924654652e-01
6.654057121240779527e-01
6.820391860167558384e-01
4.823151125401928807e-01
6.826956241168682382e-01
6.883142892110503119e-01
6.239277250525706586e-01
6.489391292738014849e-01
6.583740362042300731e-01
6.872573126091745532e-01
6.619343784421278798e-01
6.275325715684419992e-01
6.520544287319618437e-01
7.192113841943057473e-01
6.604434851300081677e-01
7.548815629902423385e-01
7.592541083011603575e-01
7.518218938795491191e-01
7.554934968123810934e-01
7.505090176793244305e-01
7.673538868923774903e-01
7.532682829136951863e-01
7.639715617663747071e-01
7.551152104496045014e-01
7.650396644377439603e-01
7.576630803635999722e-01
7.535019303730570162e-01
7.558161528276905461e-01
7.515103639337330499e-01
7.134703323356956783e-01
7.562278173989473995e-01
7.602220763470888265e-01
7.677321732551541933e-01
7.489624940197376901e-01
7.532015264967344415e-01
7.602332024165823210e-01
7.243850065087505952e-01
7.568174990820991654e-01
7.399281255910723498e-01
7.555936314378218777e-01
7.506759087217258486e-01
7.498525795792121418e-01
7.510319429455156737e-01
7.498080753012383859e-01
7.690116712468986204e-01
7.553599839784598258e-01
7.494520410774485608e-01
7.569176337075401717e-01
7.347433772071338964e-01
7.415747838761002075e-01
7.552264711445387801e-01
7.397167302706972869e-01
7.461253462989130281e-01
7.184103071907786964e-01
7.547758653300550291e-01
7.227160960847360816e-01
7.354888238631939190e-01
7.546924198088541536e-01
7.338532916476596668e-01
7.429655425627788023e-01
7.338755437866466558e-01
7.435552242459306793e-01
7.470154318583874797e-01
7.253195963461986917e-01
7.442339144850298460e-01
7.231833910034601853e-01
7.253641006241724476e-01
7.384706104874332322e-01
7.325515415169282507e-01
7.315056909845458755e-01
7.290913339044715613e-01
7.476051135415392457e-01
7.474159703601508387e-01
7.313276738726508519e-01
7.185994503721668814e-01
7.272332802990687517e-01
7.357002191835690930e-01
7.207022775064253484e-01
7.250191924698761170e-01
7.279008444686745349e-01
7.195451662791085834e-01
7.096540904994492749e-01
7.188776021095028002e-01
7.174868434228240943e-01
7.359004884344506614e-01
7.316503298879605266e-01
7.317282123744144329e-01
7.358226059479966441e-01
7.286351650552409520e-01
7.272221542295753682e-01
6.982276171296966094e-01
7.204129996995961571e-01
7.209470510352807837e-01
7.345097297477719556e-01
7.359894969903981732e-01
7.136038451696169460e-01
7.228384828491638547e-01
7.193115188197465315e-01
6.679647081075668069e-01
7.257757651954293010e-01
7.139265011849263987e-01
7.110337231166345973e-01
7.174423391448503384e-01
7.121352039964841119e-01
7.272110281600818738e-01
7.184548114687523412e-01
7.222042968880384439e-01
7.246409061070995250e-01
7.167747749752444442e-01
7.235950555747171498e-01
6.992845937315724791e-01
7.026446667185883843e-01
6.894491482993803100e-01
7.207356557149057208e-01
6.589748439568754446e-01
6.327173199523804525e-01
6.789683908365691245e-01
6.845759298612579258e-01
7.343539647748639210e-01
6.586521879415658809e-01
7.100546290012127448e-01
7.090644088162975089e-01
7.148499649528811117e-01
7.031453398457925275e-01
7.172865741719421928e-01
6.817276560709397693e-01
7.132033066678533650e-01
7.006308481402774291e-01
7.009757562945737597e-01
6.955239822427929930e-01
6.932876422746135914e-01
6.859889406869236206e-01
6.893378876044460313e-01
6.249401973764727725e-01
6.793800554078259779e-01
7.258870258903638018e-01
6.077615460786167656e-01
6.683652466093303879e-01
6.649272911358604654e-01
6.968813627209915484e-01
6.551586021206288191e-01
6.522658240523370177e-01
7.095650819435017631e-01
7.553154797004861809e-01
7.644499827545923054e-01
7.661745235260739584e-01
7.530346354543331344e-01
7.521556759643520662e-01
7.680325771314768790e-01
7.550039497546701117e-01
7.507649172776733604e-01
7.558717831751577965e-01
7.600663113741809029e-01
7.383370976535119645e-01
7.640049399748551906e-01
7.505869001657785589e-01
7.535130564425505106e-01
7.623805338288143219e-01
7.341536955239823525e-01
7.631148544153806279e-01
7.599995549572202691e-01
7.416081620845802469e-01
7.560498002870525980e-01
7.673538868923776013e-01
7.704246820725642042e-01
7.457915642141101920e-01
7.578744756839750352e-01
7.700463957097876122e-01
7.609897751421357270e-01
7.602999588335428438e-01
7.561054306345197373e-01
7.339311741341135731e-01
7.713815240489992897e-01
7.631593586933543838e-01
7.419419441693831940e-01
7.630035937204463492e-01
7.495410496333959616e-01
7.446010747783130546e-01
7.674428954483250021e-01
7.442561666240166129e-01
7.620467517440114857e-01
7.422089698372256183e-01
7.359116145039441559e-01
7.612122965320040624e-01
7.691118058723396267e-01
7.456246731717086629e-01
7.235282991577565159e-01
7.320174901812437351e-01
7.408738414980140519e-01
7.516772549761345790e-01
7.565282212752699742e-01
7.500862270385741937e-01
7.289355689315636377e-01
7.407180765251059062e-01
7.443006709019903688e-01
7.387376361552754345e-01
7.510430690150089461e-01
7.242292415358426716e-01
7.435329721069439124e-01
7.414635231811657068e-01
7.307936225369664474e-01
7.288576864451095094e-01
7.336085181188041204e-01
7.271331456736278565e-01
7.370575996617674264e-01
7.405845636911847496e-01
7.373580035380900011e-01
7.541694945426627994e-01
7.416081620845803579e-01
7.283903915263855167e-01
7.351661678478844664e-01
7.318060948608684502e-01
7.194227795146808102e-01
7.295920070316759265e-01
7.303263276182423436e-01
7.313610520811312243e-01
7.340090566205677014e-01
7.436442328018779691e-01
7.403620423013161922e-01
7.241291069104018874e-01
7.388043925722360683e-01
7.326628022118624184e-01
7.205798907419975752e-01
7.236506859221842891e-01
6.999076536232045065e-01
7.243071240222965779e-01
7.361563880327997023e-01
7.209025467573071388e-01
7.056042012038405975e-01
7.348546379020683972e-01
7.131142981119059643e-01
7.034123655136349518e-01
7.246186539681126471e-01
7.233169038373813420e-01
7.138041144204987365e-01
7.308047486064597198e-01
7.313833042201181023e-01
7.319729859032698682e-01
7.161517150836123058e-01
6.523103283303107736e-01
7.206577732284515925e-01
6.848207033901134722e-01
7.202572347266880115e-01
7.162852279175335735e-01
7.175535998397847282e-01
7.183324247043247901e-01
7.252750920682250468e-01
6.963918156632805667e-01
7.295475027537021706e-01
6.643042312442284381e-01
7.184103071907786964e-01
7.162407236395598176e-01
6.918968835879347745e-01
7.373913817465703735e-01
7.314166824285983637e-01
6.655058467495188479e-01
7.205020082555435579e-01
7.103884110860155809e-01
7.196230487655626007e-01
6.799586110214844714e-01
6.920971528388166760e-01
6.903169817198677727e-01
7.290357035570045330e-01
6.612779403420153690e-01
6.836413400238097182e-01
7.136483494475907019e-01
6.713692853725563570e-01
6.767876812158569733e-01
6.558039141512478354e-01
7.104329153639892258e-01
6.998186450672571057e-01
7.184325593297655743e-01
7.992857063385218064e-01
6.080619499549393403e-01
8.100112373301885382e-01
7.226938439457493146e-01
7.544698984189855961e-01
6.814161261251237001e-01
5.776210238209148473e-01
6.603656026435542614e-01
6.705125780215623887e-01
6.602765940876065276e-01
8.026513423602843478e-01
6.725709008778469888e-01
7.419975745168503334e-01
5.774430067090199348e-01
7.323067679880728154e-01
8.004205654268516934e-01
8.024566361441494156e-01
8.008767342760821917e-01
7.534796782340702492e-01
7.426206344084825828e-01
6.908176548470722489e-01
7.133813237797483886e-01
7.168971617396722174e-01
7.466371454956106657e-01
8.044370765139798873e-01
7.179763904805349650e-01
6.540793733797661824e-01
7.178317515771204249e-01
7.221264144015844266e-01
8.076525105975811414e-01
8.036916298579201978e-01
7.987182767943568074e-01
7.561388088429998877e-01
7.524560798406747519e-01
7.456469253106955408e-01
8.057499527142046869e-01
6.989063073687957761e-01
8.008544821370954248e-01
8.112351049744656040e-01
8.045817154173945385e-01
7.090310306078171365e-01
7.563390780938816782e-01
7.417639270574883925e-01
8.083645790451606805e-01
8.130264021629080018e-01
7.470376839973742467e-01
7.955362209192358147e-01
7.047697459918335072e-01
7.859789272243793423e-01
8.071518374703768872e-01
8.151181032276728633e-01
7.461698505768866729e-01
8.040476640817098009e-01
7.929660988662535770e-01
7.992133868868145363e-01
8.028794267848995414e-01
7.914863316236273594e-01
7.884934189298946627e-01
7.376917856228930592e-01
7.504200091233769188e-01
7.037461475984380099e-01
8.017111894880895040e-01
8.036916298579201978e-01
8.146285561699618816e-01
8.034579823985580349e-01
7.974499048721057637e-01
7.484506948230398304e-01
7.863460875176626619e-01
7.825632238898964088e-01
8.001980440369831360e-01
7.921205175847528812e-01
8.072630981653111659e-01
7.759320864718121102e-01
8.034134781205843900e-01
8.066177861346921496e-01
7.877702244128216291e-01
8.021896104763069912e-01
5.750063974899586317e-01
7.856006408616028613e-01
8.063841386753302087e-01
7.509318083200747784e-01
8.054829270463623736e-01
7.390936703790651485e-01
7.365235483260829108e-01
6.377574294329042548e-01
8.112239789049722205e-01
7.964930628956707892e-01
7.476718699584998795e-01
7.864017178651296902e-01
8.042813115410718527e-01
7.445231922918589262e-01
7.937894280087673948e-01
8.041032944291770512e-01
7.045694767409517167e-01
7.252973442072119248e-01
7.989296721147320923e-01
7.925878125034768740e-01
7.535353085815373886e-01
7.816286340524484233e-01
7.877924765518085071e-01
7.391715528655191658e-01
7.713592719100124118e-01
7.886603099722960808e-01
7.969492317449013985e-01
7.342649562189166312e-01
7.992300759910546670e-01
7.894502609063296372e-01
7.644611088240857999e-01
7.199457047808721644e-01
6.589414657483950721e-01
7.447123354732472222e-01
7.506536565827389706e-01
5.000000000000000000e-01
8.082533183502264018e-01
7.431880639526474708e-01
8.064286429533038536e-01
8.049043714327038801e-01
8.084869658095884537e-01
7.401172687724607568e-01
7.378809288042813552e-01
7.491738893401127530e-01
7.308603789539269702e-01
7.946572614292548575e-01
7.447123354732474443e-01
8.006875910946937847e-01
7.932442506035892738e-01
7.328964496712246923e-01
7.388266447112228352e-01
6.584964229686578463e-01
7.436442328018781911e-01
8.032577131476763554e-01
8.053716663514280949e-01
7.488734854637901783e-01
8.027904182289522517e-01
8.093881774385563999e-01
7.257312609174557672e-01
7.315835734709998928e-01
6.592974999721847862e-01
6.774774975244495234e-01
7.308603789539269702e-01
6.566494954327485312e-01
6.577064720346244009e-01
7.746303363410808052e-01
7.464813805227026311e-01
7.452241346699451929e-01
8.008656082065888082e-01
7.505869001657783368e-01
5.926634697760322368e-01
8.100446155386686886e-01
8.052937838649739666e-01
7.423313566016533915e-01
7.932998809510563021e-01
7.356668409750888316e-01
6.648939129273800930e-01
7.871360384516961073e-01
7.976167959145072928e-01
7.476384917500195071e-01
7.446678311952736884e-01
7.500417227606003268e-01
7.387153840162885565e-01
7.312609174556903291e-01
7.612345486709910514e-01
7.108445799352463013e-01
7.928548381713192983e-01
8.071629635398702707e-01
8.096106988284248462e-01
6.736056253407358696e-01
8.094438077860235392e-01
7.876144594399137056e-01
7.252750920682250468e-01
8.032020828002091051e-01
8.005095739827990942e-01
7.988184114197977026e-01
8.037138819969069647e-01
8.036582516494399364e-01
6.190211284059681240e-01
7.084858532026391265e-01
8.097219595233593470e-01
8.117357781016699692e-01
8.058723394786323491e-01
7.394163263943747122e-01
8.059613480345797498e-01
8.025678968390836943e-01
7.981508472501918083e-01
8.073298545822716887e-01
7.274335495499504312e-01
7.401617730504344017e-01
7.967378364245262246e-01
7.247632928715272982e-01
8.076525105975811414e-01
8.062061215634351852e-01
6.749073754714671747e-01
7.397946127571511932e-01
7.953582038073410132e-01
7.949020349581104039e-01
5.000000000000000000e-01
7.635153929171442089e-01
8.020894758508660960e-01
7.401061427029672624e-01
8.065510297177316268e-01
7.572847940008233802e-01
7.963261718532694822e-01
8.074299892077125840e-01
8.015554245151816914e-01
7.943346054139454049e-01
7.942567229274912766e-01
8.050601364056120257e-01
6.942778624595289383e-01
7.486620901434150044e-01
7.471155664838283750e-01
7.622692731338800431e-01
7.543475116545577119e-01
8.062172476329286797e-01
7.939229408426886625e-01
7.343539647748639210e-01
8.029239310628735193e-01
8.022396777890274944e-01
8.099667330522146713e-01
8.099111027047474209e-01
7.960591461854269468e-01
6.940553410696603809e-01
7.136706015865774688e-01
6.588747093314344383e-01
7.900065643810011418e-01
7.609675230031486270e-01
7.504422612623639077e-01
8.106120450828335766e-01
7.517773896015753632e-01
7.996194884233247535e-01
7.932998809510564131e-01
5.341292181710967091e-01
8.002202961759699029e-01
7.468930450939595955e-01
7.511765818489302138e-01
8.117580302406569581e-01
7.436776110103582305e-01
7.600329331657006415e-01
7.476162396110326291e-01
7.975611655670402644e-01
7.267548593108512645e-01
5.119605247054372921e-01
6.735388689237753468e-01
7.925766864339833795e-01
7.841041845147364020e-01
7.472268271787624316e-01
7.958588769345453784e-01
7.984512511265143830e-01
7.949576653055775433e-01
6.927146496957019561e-01
6.550028371477207845e-01
7.337754091612056495e-01
7.847606226148490238e-01
7.573181722093035306e-01
8.181555201993790938e-01
6.857719823318016994e-01
7.460140856039785273e-01
6.605213676164620740e-01
7.154618987750197556e-01
7.453131432258925937e-01
4.982698961937715998e-01
8.061282390769812789e-01
7.445788226393261766e-01
7.399503777300592278e-01
6.496957019993547799e-01
7.487622247688558996e-01
6.459239644410817993e-01
6.842198956374682117e-01
7.168192792532182001e-01
7.955250948497425423e-01
6.894380222298868155e-01
6.709687468707929980e-01
7.408293372200405180e-01
8.054495488378821122e-01
7.574071807652510424e-01
8.111683485575051922e-01
7.324235917177538413e-01
8.020783497813728236e-01
5.734487477608785078e-01
7.625808030796961123e-01
7.432325682306211156e-01
8.021284170940932157e-01
7.968268449804737363e-01
7.415302795981264516e-01
8.102893890675242350e-01
8.084202093926279309e-01
8.134046885256844828e-01
7.827968713492585717e-01
6.710243772182601374e-01
6.824508505880128029e-01
7.413745146252184171e-01
8.022897451017478865e-01
7.314723127760655030e-01
8.080975533773182562e-01
7.995416059368707362e-01
7.941009579545833530e-01
7.990631849486532490e-01
8.005429521912793556e-01
7.572291636533561299e-01
7.569510119160205441e-01
7.925433082255032291e-01
8.074856195551798344e-01
8.136494620545400291e-01
5.875899820870280621e-01
8.100112373301884272e-01
8.075635020416338516e-01
8.072519720958177825e-01
8.124923508272232642e-01
8.042256811936048244e-01
7.968490971194605033e-01
7.892499916554478467e-01
7.977614348179217219e-01
8.058167091311653207e-01
8.079306623349169492e-01
7.906741285506070360e-01
8.032132088697025996e-01
7.348101336240946413e-01
7.582527620467517382e-01
8.029795614103405477e-01
8.030240656883143036e-01
6.813716218471500552e-01
8.003204308014106871e-01
8.126481158001312988e-01
6.299580547180098078e-01
7.998531358826865834e-01
8.002202961759699029e-01
8.079084101959300712e-01
5.000000000000000000e-01
8.006653389557072398e-01
6.213019726521211705e-01
7.622692731338800431e-01
7.847550595801021656e-01
7.419308180998898106e-01
6.570611600040054956e-01
8.151848596446332751e-01
8.119471734220451431e-01
8.064953993702645985e-01
8.015109202372078245e-01
7.929438467272666990e-01
7.988184114197977026e-01
6.131576897829302819e-01
8.122698294373547068e-01
6.702789305622003369e-01
7.973942745246387354e-01
5.000000000000000000e-01
7.988962939062517199e-01
8.104562801099255420e-01
8.021673583373201133e-01
8.076302584585943745e-01
8.024455100746560321e-01
7.447345876122342112e-01
7.076291458516450472e-01
7.590427129807852946e-01
7.878036026213020016e-01
5.555357758764561948e-01
6.764427730615605316e-01
7.881707629145852101e-01
8.020672237118792181e-01
7.978838215823494950e-01
8.047819846682763290e-01
7.504533873318572912e-01
6.696892488790484599e-01
5.000000000000000000e-01
7.549149411987227110e-01
6.793967445120661086e-01
7.999977747861014565e-01
7.394163263943747122e-01
6.836969703712769686e-01
7.179318862025612091e-01
6.104206766875466261e-01
7.998642619521801889e-01
7.938005540782608893e-01
5.000000000000000000e-01
5.764138452808775792e-01
7.602777066945558548e-01
7.327851889762903026e-01
5.000000000000000000e-01
6.945671402663581295e-01
7.444453098054051310e-01
8.140388744868100046e-01
6.250403320019136677e-01
7.856062038963496086e-01
8.051602710310528099e-01
7.965375671736445451e-01
8.121585687424204281e-01
7.971049967178094331e-01
7.105441760589237266e-01
7.364234137006420156e-01
7.519999109914441426e-01
7.914307012761601090e-01
7.480612823907697440e-01
7.433994592730226447e-01
8.089542607283125575e-01
7.148054606749074669e-01
7.517217592541083349e-01
8.092880428131155046e-01
8.088207478943914008e-01
7.508650519031141446e-01
7.194672837926545661e-01
8.020115933644120787e-01
6.631582460864051676e-01
7.937337976613003665e-01
7.870247777567619396e-01
8.098109680793066367e-01
8.100223633996819217e-01
7.955139687802490478e-01
7.540804859867155097e-01
8.123143337153282406e-01
8.022452408237742416e-01
7.428876600763247851e-01
8.086538568519898718e-01
5.138630825888138576e-01
7.566839862481781198e-01
7.463144894803012130e-01
8.002091701064764084e-01
8.067290468296264283e-01
7.467261540515581775e-01
8.105675408048598207e-01
8.103672715539782523e-01
8.071407114008835038e-01
7.990631849486532490e-01
7.972718877602109622e-01
8.056164398802834192e-01
8.001869179674896415e-01
7.488067290468297665e-01
8.006208346777334839e-01
8.037917644833609820e-01
8.046929761123289282e-01
7.921984000712067875e-01
8.061171130074878954e-01
8.083757051146540640e-01
7.961147765328943082e-01
7.877924765518087291e-01
8.047263543208091896e-01
7.979839562077906123e-01
7.984512511265144941e-01
7.516883810456280735e-01
7.517328853236017183e-01
8.001646658285027636e-01
8.055051791853491405e-01
8.014886680982210576e-01
8.019337108779581724e-01
8.015665505846748529e-01
7.941343361630637254e-01
8.122475772983677178e-01
8.071740896093637652e-01
8.034357302595711570e-01
8.097887159403197588e-01
7.511209515014630744e-01
8.125034768967166476e-01
7.858899186684319416e-01
8.006542128862137453e-01
8.054272966988952343e-01
7.603444631115165997e-01
8.053939184904150839e-01
7.539247210138074751e-01
7.971495009957831890e-01
8.117023998931895967e-01
7.932108723951089013e-01
7.982954861536065705e-01
8.054272966988951232e-01
8.076191323891008800e-01
7.957587423091044831e-01
7.498637056487054142e-01
7.983288643620868319e-01
7.736401161561655693e-01
7.858899186684320526e-01
8.024232579356691542e-01
7.956252294751833265e-01
7.955250948497424313e-01
8.097553377318394974e-01
8.061616172854615403e-01
8.074856195551797233e-01
7.519999109914439206e-01
7.606893712658130413e-01
8.057165745057244255e-01
7.581081231433370871e-01
8.057722048531915648e-01
8.098332202182936257e-01
8.041366726376573126e-01
7.748973620089230074e-01
7.847328074411152876e-01
7.484061905450660745e-01
7.854003716107210709e-01
8.163197187329632731e-01
8.036805037884267033e-01
7.995193537978839693e-01
7.928882163797994487e-01
7.888494531536843768e-01
7.858231622514713077e-01
7.948575306801365370e-01
7.963818022007365105e-01
7.389490314756504974e-01
7.966488278685788238e-01
7.899286818945470134e-01
7.870804081042289679e-01
7.421867176982386294e-01
7.447568397512210892e-01
7.850443373869313568e-01
7.389712836146375974e-01
7.435552242459305683e-01
7.445454444308459152e-01
7.931107377696680061e-01
7.835868222832920171e-01
8.032910913561567279e-01
7.861458182667809824e-01
7.471711968312954033e-01
7.467150279820646830e-01
7.461921027158735509e-01
7.873696859110581592e-01
7.493630325215010490e-01
8.032243349391960940e-01
7.357002191835690930e-01
8.056386920192701862e-01
8.087317393384438891e-01
7.522446845202994670e-01
8.050823885445990147e-01
7.409962282624417140e-01
8.113908699473735275e-01
7.617018435897149331e-01
7.503532527064163959e-01
8.096663291758920966e-01
8.050378842666250367e-01
8.088096218248979064e-01
7.995304798673772417e-01
7.459918334649917604e-01
8.025233925611099384e-01
8.008099778591216689e-01
8.061282390769812789e-01
8.024232579356691542e-01
8.075635020416337406e-01
8.039141512477885332e-01
7.965153150346577782e-01
7.526229708830760590e-01
8.108568186116889009e-01
8.060392305210338781e-01
7.540693599172221262e-01
7.549483194072030834e-01
8.092880428131155046e-01
8.167313833042201265e-01
7.496300581893434734e-01
7.492851500350471428e-01
7.988851678367582254e-01
8.068625596635476960e-01
8.007098432336807736e-01
8.048932453632104966e-01
7.999532705081275896e-01
7.988851678367583364e-01
7.559941699395854586e-01
7.359449927124245283e-01
7.441560319985758287e-01
8.087762436164176449e-01
7.950577999310184385e-01
8.110793400015575694e-01
8.037027559274134703e-01
8.074967456246732178e-01
8.032243349391960940e-01
7.517217592541083349e-01
7.937449237307938610e-01
8.063730126058368253e-01
7.972385095517305897e-01
8.083200747671870356e-01
8.018335762525173882e-01
7.926434428509441243e-01
8.066066600651986551e-01
8.025678968390835832e-01
8.088207478943914008e-01
7.834199312408907101e-01
8.057165745057243145e-01
8.001312876200225022e-01
7.980507126247510241e-01
8.014775420287275631e-01
8.030796960357815539e-01
8.170429132500360847e-01
8.115688870592685511e-01
7.533906696781229595e-01
8.001980440369831360e-01
7.876144594399138166e-01
7.952246909734197455e-01
8.112351049744656040e-01
8.115911391982553180e-01
8.071852156788570376e-01
7.945348746648271954e-01
7.866353653244917421e-01
8.102560108590439736e-01
8.112684831829458654e-01
8.018224501830238937e-01
8.089987650062862024e-01
7.907520110370609423e-01
8.065955339957052717e-01
8.031575785222353492e-01
8.115021306423080283e-01
7.919425004728578577e-01
7.902735900488433440e-01
7.956141034056898320e-01
7.876923419263677228e-01
8.103338933454977688e-01
8.042701854715785803e-01
8.089097564503389126e-01
7.884266625129339179e-01
8.118247866576173699e-01
7.894947651843033931e-01
8.002202961759700139e-01
8.130820325103751411e-01
7.919313744033645852e-01
7.903180943268172109e-01
7.967489624940197190e-01
8.185338065621559078e-01
8.012105163608851388e-01
7.883376539569866281e-01
7.549816976156832338e-01
7.998308837436998164e-01
7.465592630091568704e-01
7.855561365836291055e-01
7.479277695568485873e-01
8.061282390769812789e-01
7.891164788215266901e-01
8.007209693031742681e-01
7.521668020338454497e-01
7.972718877602109622e-01
7.582416359772582437e-01
8.032354610086895885e-01
7.999087662301538337e-01
7.921427697237395371e-01
7.945793789428010623e-01
7.966488278685788238e-01
7.560052960090789531e-01
8.068514335940543125e-01
8.040476640817096898e-01
7.780571657450572332e-01
7.619577431880639740e-01
7.482726777111450289e-01
7.150891754469899109e-01
7.429989207712592858e-01
7.893835044893691144e-01
7.563279520243882947e-01
7.520332891999244040e-01
7.917311051524826837e-01
7.504978916098310471e-01
7.991633195740941442e-01
7.522780627287797284e-01
8.029016789238865304e-01
8.020004672949185842e-01
8.076191323891008800e-01
8.074856195551797233e-01
8.095661945504513124e-01
8.120250559084991604e-01
8.038028905528544765e-01
7.348546379020681751e-01
7.164743710989219805e-01
8.028126703679389076e-01
7.450906218360239253e-01
7.595990164554566881e-01
8.027236618119915068e-01
7.544365202105051127e-01
7.065054128328085437e-01
8.024566361441494156e-01
8.104451540404321586e-01
8.030685699662880594e-01
8.088318739638847843e-01
7.990186806706794931e-01
8.043369418885389921e-01
8.102893890675241240e-01
8.122364512288744454e-01
8.082533183502262908e-01
8.072630981653112769e-01
8.104674061794189255e-01
8.052270274480135548e-01
8.068625596635475850e-01
8.046373457648616778e-01
6.108379042935502268e-01
8.037138819969069647e-01
8.075857541806206186e-01
6.885813148788927363e-01
7.458916988395508652e-01
8.016555591406222536e-01
8.111127182100377198e-01
8.093547992300759164e-01
8.052715317259870886e-01
8.079084101959301822e-01
5.000000000000000000e-01
7.932442506035892738e-01
7.497413188842777521e-01
7.999977747861013455e-01
8.062506258414090521e-01
6.732940953949198004e-01
8.128150068425327168e-01
8.072853503042980439e-01
8.074299892077126950e-01
8.089431346588190630e-01
8.062728779803959300e-01
8.069738203584818637e-01
8.030240656883143036e-01
8.143949087105999407e-01
8.042813115410718527e-01
8.015220463067010970e-01
8.088096218248979064e-01
8.107678100557416112e-01
8.094549338555168116e-01
7.897951690606259678e-01
8.005985825387464949e-01
8.082088140722526459e-01
8.038918991088018773e-01
8.104674061794190365e-01
8.093325470910890385e-01
7.946683874987482410e-01
5.603032966543909366e-01
8.068625596635476960e-01
7.956029773361965596e-01
8.014441638202471907e-01
8.152627421310872924e-01
7.974721570110927527e-01
7.992745802690282009e-01
7.916087183880551326e-01
8.069293160805081078e-01
7.987850332113174412e-01
8.017890719745435213e-01
8.136383359850466457e-01
8.120918123254599053e-01
8.023231233102282589e-01
8.080419230298513389e-01
8.035024866765319018e-01
8.010992556659508601e-01
8.056943223667376586e-01
7.989630503232123537e-01
7.991855717130808001e-01
8.009101124845625641e-01
7.802823796437431403e-01
7.586087962705415633e-01
7.900733207979616646e-01
8.043146897495522252e-01
8.070962071229096368e-01
8.000867833420488573e-01
7.941454622325569979e-01
8.044148243749931204e-01
7.598660421232990014e-01
7.862904571701955225e-01
7.995082277283904748e-01
7.790028816519988242e-01
7.653289422445732626e-01
8.060948608685010175e-01
7.983622425705669823e-01
8.089320085893256795e-01
8.112128528354788370e-01
8.050935146140921761e-01
7.467484061905451664e-01
7.941454622325571089e-01
8.036582516494398254e-01
7.827968713492584607e-01
7.972162574127437118e-01
8.123699640627953800e-01
7.748528577309493626e-01
7.583751488111795114e-01
8.016778112796092426e-01
7.987294028638503018e-01
7.809054395353753897e-01
7.384483583484462432e-01
7.948909088886169094e-01
5.000000000000000000e-01
7.973942745246387354e-01
6.128461598371143237e-01
6.316937215589848442e-01
7.965820714516183010e-01
7.848106899275693049e-01
7.537578299714060570e-01
7.379588112907353725e-01
7.874809466059925489e-01
7.627031898441238855e-01
8.032243349391960940e-01
8.014886680982209466e-01
8.023008711712412699e-01
8.036471255799463309e-01
8.049488757106777470e-01
8.111906006964919591e-01
8.010881295964574766e-01
8.105007843878992979e-01
8.049488757106776360e-01
7.556492617852890170e-01
8.091767821181810039e-01
8.078305277094760539e-01
8.098109680793065257e-01
8.086093525740161159e-01
8.029350571323669028e-01
7.935557805494053429e-01
7.962927936447889987e-01
8.134158145951779773e-01
8.003315568709041816e-01
8.090210171452731913e-01
8.152849942700741703e-01
7.968268449804736253e-01
8.098888505657606540e-01
8.015999287931550032e-01
7.923319129051280552e-01
8.059502219650863664e-01
7.986292682384095176e-01
7.941343361630637254e-01
8.044593286529667653e-01
7.928103338933455424e-01
7.998308837436998164e-01
7.959256333515059012e-01
7.977058044704548045e-01
8.072408460263242880e-01
8.093547992300759164e-01
8.009879949710165814e-01
8.033912259815975121e-01
8.157967934667720300e-01
8.021562322678267298e-01
7.963706761312432381e-01
8.086204786435097214e-01
8.090098910757796968e-01
8.088318739638847843e-01
8.027459139509784958e-01
7.985958900299290342e-01
8.036916298579200868e-01
7.969047274669278647e-01
8.113574917388934882e-01
7.924320475305688394e-01
8.092435385351416377e-01
7.942010925800242482e-01
7.907408849675676699e-01
7.501196052470542330e-01
7.968490971194607253e-01
7.869802734787881837e-01
8.070517028449358810e-01
7.978782585476028588e-01
8.005095739827990942e-01
7.448458483071683789e-01
7.982176036671524422e-01
8.043146897495521142e-01
7.992745802690284229e-01
7.941120840240768475e-01
7.969826099533816599e-01
7.717041800643086313e-01
7.966599539380724293e-01
7.976279219840006762e-01
7.934778980629513256e-01
8.033467217036236452e-01
7.796148154741373570e-01
7.955918512667030651e-01
7.562945738159081444e-01
7.432881985780882550e-01
7.899064297555601355e-01
7.992078238520677891e-01
7.930884856306811281e-01
7.498414535097185363e-01
8.144505390580669690e-01
7.902068336318828212e-01
7.436442328018781911e-01
7.410963628878826093e-01
7.639159314189076788e-01
7.520555413389111710e-01
7.969714838838883875e-01
7.552264711445386691e-01
7.501529834555347165e-01
7.606782451963194358e-01
7.921427697237396481e-01
7.936892933833264996e-01
7.453465214343728551e-01
7.452463868089320709e-01
7.917088530134959168e-01
7.388488968502098242e-01
7.925989385729703685e-01
7.459695813260048824e-01
7.719044493151904218e-01
7.432548203696078826e-01
7.469152972329466955e-01
7.990854370876401269e-01
7.462143548548604288e-01
7.357002191835688709e-01
7.538357124578599633e-01
7.375360206499850246e-01
7.642942177816842708e-01
7.422868523236796356e-01
7.482838037806384124e-01
7.665528098888505504e-01
7.367238175769645903e-01
7.531792743577476745e-01
7.426428865474693497e-01
7.300147976724262744e-01
7.828191234882453386e-01
7.500083445521200654e-01
7.550262018936569897e-01
7.483283080586120573e-01
7.319062294863092344e-01
7.334082488679223299e-01
7.749863705648706302e-01
7.490515025756850909e-01
7.459584552565114990e-01
7.458249424225904534e-01
7.572291636533561299e-01
7.448124700986882285e-01
7.480501563212764715e-01
7.183991811212853129e-01
7.474270964296443331e-01
7.287909300281489866e-01
7.381479544721236685e-01
8.121029383949531777e-01
8.086983611299636276e-01
8.074299892077126950e-01
7.430322989797394362e-01
7.965375671736445451e-01
8.054718009768689901e-01
8.130152760934145073e-01
8.032243349391959830e-01
8.006764650252005122e-01
8.063396343973565639e-01
8.038140166223477490e-01
8.134046885256845938e-01
8.078305277094759429e-01
8.039141512477886442e-01
8.104229019014452806e-01
8.043703200970193645e-01
8.081531837247855066e-01
8.109347010981430293e-01
8.090098910757796968e-01
8.089320085893256795e-01
8.082866965587066632e-01
8.146174301004684981e-01
8.045260850699273991e-01
8.099111027047476430e-01
7.998976401606604503e-01
8.053716663514280949e-01
7.980173344162707627e-01
8.053827924209214784e-01
8.071629635398702707e-01
8.099222287742409154e-01
8.077860234315024091e-01
8.115243827812947952e-01
8.019225848084646779e-01
8.057610787836980704e-01
8.103450194149912633e-01
7.948797828191235260e-01
8.070071985669622361e-01
8.100112373301883162e-01
7.976390480534940597e-01
8.057944569921783318e-01
8.023342493797216424e-01
8.096106988284248462e-01
8.128261329120262113e-01
8.078750319874498098e-01
8.020227194339055732e-01
8.171430478754770910e-01
7.978170651653890832e-01
8.024677622136427990e-01
7.993524627554822182e-01
8.008767342760823027e-01
7.740184025189420502e-01
7.999643965776210841e-01
8.040921683596836678e-01
7.956252294751832155e-01
8.004873218438122162e-01
8.117469041711633526e-01
8.038028905528544765e-01
7.894057566283557703e-01
8.103227672760043854e-01
7.977391826789350660e-01
7.954583384327817974e-01
8.054272966988952343e-01
8.238854459884956682e-01
7.998865140911670668e-01
7.995527320063641197e-01
7.946795135682416245e-01
7.998976401606605613e-01
7.736178640171785803e-01
7.611900443930171845e-01
7.833976791019036101e-01
7.893167480724084806e-01
7.806940442150003268e-01
7.768555502397667123e-01
7.923541650441148221e-01
7.931886202561220234e-01
7.562500695379343885e-01
7.686222588146286450e-01
7.964596846871907498e-01
7.925433082255033401e-01
7.980840908332313965e-01
7.523003148677666063e-01
7.646057477275003400e-01
7.883154018179997502e-01
8.008767342760823027e-01
7.891609830995004460e-01
7.908743978014887155e-01
7.800376061148878160e-01
7.593876211350816252e-01
8.018669544609976496e-01
7.555825053683284942e-01
7.532237786357213194e-01
7.462254809243538123e-01
7.901178250759355315e-01
7.877702244128216291e-01
7.615460786168068985e-01
7.933777634375105414e-01
7.366348090210170785e-01
7.480279041822895936e-01
7.634597625696770695e-01
7.612345486709910514e-01
7.793811680147754162e-01
7.538802167358338302e-01
7.768221720312865619e-01
7.550262018936571007e-01
7.544698984189854851e-01
7.863127093091824005e-01
8.047708585987828345e-01
7.554489925344073376e-01
7.454021517818401055e-01
7.431324336051802204e-01
7.450349914885567859e-01
8.029573092713535587e-01
7.559496656616115917e-01
7.908521456625018375e-01
7.568953815685532938e-01
7.512210861269039697e-01
7.514436075167725271e-01
7.499304620656660481e-01
7.389601575451438809e-01
7.532460307747081973e-01
7.375916509974521640e-01
7.405178072742242268e-01
7.433438289255553943e-01
7.465815151481436374e-01
7.394608306723483571e-01
7.495076714249155891e-01
7.326628022118626404e-01
7.500083445521200654e-01
8.137495966799809244e-01
8.097108334538658525e-01
8.069849464279753581e-01
8.058389612701521987e-01
8.023453754492151369e-01
7.988851678367582254e-01
7.979839562077905013e-01
8.101224980251227059e-01
8.051825231700396879e-01
8.119694255610320210e-01
8.057610787836980704e-01
8.065732818567186158e-01
8.050490103361185312e-01
8.082978226282002687e-01
8.119249212830583762e-01
8.133601842477107269e-01
8.112684831829458654e-01
8.088763782418585402e-01
7.965820714516183010e-01
8.107010536387810884e-01
8.099778591217082768e-01
8.079640405433972106e-01
8.146508083089487595e-01
7.990075546011861096e-01
8.139721180698493708e-01
8.113686178083867606e-01
8.026346532560444391e-01
8.129040153984801176e-01
7.986403943079029011e-01
8.079195362654235657e-01
8.078750319874498098e-01
8.111906006964919591e-01
8.072853503042980439e-01
8.040365380122165284e-01
8.048042368072629849e-01
8.005985825387464949e-01
8.083534529756671860e-01
7.971717531347700669e-01
8.059057176871126105e-01
8.047931107377697124e-01
8.041589247766440796e-01
8.154630113819690829e-01
8.027792921594588682e-01
7.564280866498291900e-01
7.974387788026124912e-01
8.046484718343550613e-01
8.044148243749931204e-01
8.002981786624239202e-01
8.072630981653112769e-01
8.128372589815197058e-01
8.001424136895158856e-01
8.052159013785200603e-01
7.963261718532693711e-01
8.045038329309404102e-01
7.941454622325571089e-01
7.992189499215612836e-01
7.961592808108679531e-01
7.875699551619398386e-01
8.068514335940542015e-01
7.856006408616028613e-01
7.995527320063640087e-01
8.071963417483505321e-01
8.024677622136427990e-01
8.081865619332658790e-01
7.877702244128217401e-01
8.089987650062862024e-01
7.808053049099346055e-01
7.753980351361273726e-01
7.965486932431380396e-01
7.900510686589747866e-01
7.612568008099778183e-01
8.029795614103406587e-01
7.973497702466649795e-01
8.029350571323667918e-01
8.015554245151815804e-01
8.066289122041856441e-01
7.978504433738693447e-01
7.858454143904582967e-01
8.027347878814851123e-01
8.008211039286150523e-01
7.520332891999242930e-01
7.980173344162707627e-01
7.850332113174377513e-01
7.879482415247165417e-01
7.889050835011515161e-01
7.925210560865163512e-01
8.029239310628735193e-01
8.012772727778457726e-01
7.786134692197288487e-01
7.958254987260651170e-01
7.571624072363956071e-01
7.857564058345108959e-01
7.962037850888417090e-01
7.973831484551452409e-01
7.892722437944348357e-01
7.895948998097441773e-01
7.536243171374849004e-01
7.433660810645423833e-01
7.578633496144816517e-01
7.550484540326438676e-01
7.503198744979360235e-01
7.639270574884011733e-01
7.333081142424816568e-01
7.537355778324190680e-01
7.422979783931730191e-01
8.075746281111273461e-01
7.678768121585688444e-01
7.565949776922307191e-01
7.661633974565804639e-01
7.465703890786501429e-01
7.513323468218382484e-01
7.739738982409685164e-01
7.545811591139198748e-01
7.348657639715616696e-01
7.595433861079896598e-01
7.475717353330588733e-01
7.588758219383837655e-01
7.419530702388767995e-01
7.941120840240768475e-01
7.435552242459306793e-01
7.455579167547480290e-01
7.549038151292293275e-01
7.498970838571856756e-01
7.493519064520076656e-01
7.964151804092167719e-01
7.271331456736278565e-01
7.561610609819868767e-01
7.879927458026902976e-01
6.978270786279331395e-01
5.917566951123176544e-01
6.711467639826877996e-01
6.984612645890586613e-01
5.817376695334839365e-01
6.665405712124077287e-01
6.716140589014119033e-01
6.829849019236974295e-01
6.909734198199801725e-01
6.716585631793855482e-01
7.462366069938473068e-01
6.811379743877880033e-01
6.769323201192714023e-01
6.721258580981097630e-01
6.760978649072642011e-01
6.625129340557860402e-01
6.728045483372089297e-01
7.395832174367762413e-01
7.443674273189511137e-01
7.556270096463021391e-01
7.298256544910378674e-01
6.728713047541694525e-01
6.691774496823508223e-01
6.818722949743545314e-01
6.933432726220808417e-01
7.419196920303965381e-01
6.604323590605147842e-01
6.724818923218994771e-01
7.115900265913062128e-01
6.775442539414100462e-01
7.185883243026734979e-01
5.710788949587779495e-01
6.429866820948163531e-01
6.608217714927847597e-01
6.701454177282791802e-01
7.509429343895681619e-01
7.189554845959567064e-01
7.935891587578856043e-01
7.269662546312264384e-01
8.038140166223478600e-01
7.471600707618020198e-01
6.992512155230921067e-01
7.491738893401129751e-01
7.062606393039529973e-01
6.010747783130653277e-01
7.981953515281656752e-01
7.989296721147319813e-01
6.590972307213029957e-01
6.679980863160470683e-01
7.193894013062005488e-01
7.473047096652165600e-01
7.954583384327817974e-01
8.030908221052748264e-01
8.050211951623849060e-01
7.311274046217691724e-01
7.202794868656747784e-01
6.573448747760879396e-01
8.043035636800588417e-01
7.786690995671959881e-01
7.583751488111795114e-01
7.531681482882541800e-01
8.045149590004341267e-01
7.392049310739996493e-01
7.445454444308460262e-01
7.782463089264455292e-01
5.947106665628233424e-01
7.470154318583874797e-01
7.955807251972096816e-01
6.941777278340880430e-01
6.686656504856528516e-01
7.859121708074188195e-01
7.927769556848651700e-01
7.871026602432158459e-01
7.433327028560621219e-01
7.315946995404933872e-01
7.960480201159336744e-01
7.622915252728668101e-01
7.467984735032653365e-01
7.325626675864216342e-01
8.030685699662879484e-01
6.659063852512823178e-01
7.264767075735154567e-01
6.722371187930440417e-01
7.494297889384616829e-01
6.635921627966487879e-01
8.030018135493274256e-01
8.060058523125536167e-01
8.049878169539046446e-01
7.340201826900611959e-01
6.876022207634708838e-01
7.611789183235239120e-01
7.554156143259269651e-01
8.003983132878648155e-01
7.809721959523359125e-01
7.566394819702043639e-01
7.894391348368361427e-01
7.299647303597058823e-01
6.796248289366815243e-01
7.738403854070472487e-01
6.839028026569055063e-01
7.924988039475295842e-01
8.177772338366025018e-01
5.864662490681916696e-01
8.032465870781828610e-01
7.472824575262297930e-01
6.286229263787981303e-01
7.526452230220630479e-01
7.347767554156143799e-01
7.514213553777857602e-01
7.378920548737746277e-01
6.391815663280633331e-01
7.491405111316326026e-01
7.327740629067969191e-01
7.283903915263855167e-01
7.494075367994749159e-01
6.432203295541782939e-01
7.548926890597358330e-01
7.331968535475473780e-01
7.541694945426629104e-01
6.625630013685065434e-01
6.763537645056130199e-01
6.772716652388209857e-01
6.574728245752623490e-01
6.666407058378486239e-01
6.194661711857052389e-01
7.536688214154585452e-01
7.449793611410895355e-01
7.428097775898708788e-01
7.349992768054828263e-01
8.046929761123288172e-01
6.524660933032188082e-01
7.331523492695735111e-01
6.705459562300426501e-01
7.444675619443918979e-01
6.760088563513168003e-01
7.120684475795235890e-01
6.719144627777344780e-01
4.983922829581993730e-01
7.203239911436486453e-01
6.823840941710521690e-01
7.089976523993368751e-01
5.871783175157712087e-01
6.816052693065121071e-01
6.738503988695913050e-01
7.207467817843991043e-01
6.791019036704903922e-01
7.363455312141879983e-01
7.278118359127270232e-01
6.710021250792732594e-01
7.262096819056732544e-01
7.360673794768523015e-01
6.718198911870403300e-01
8.030240656883143036e-01
7.261429254887125095e-01
7.089642741908566137e-01
8.006764650252007343e-01
7.565282212752700852e-01
6.618119916776999956e-01
6.629245986270430047e-01
6.678089431346587723e-01
7.379588112907353725e-01
7.445899487088196711e-01
7.962371632973219704e-01
7.419697593431167082e-01
6.991288287586644445e-01
7.151726209681905644e-01
7.318172209303618336e-01
6.761145540115044428e-01
7.139821315323935380e-01
8.075412499026469737e-01
8.020783497813728236e-01
8.089097564503385795e-01
7.471600707618020198e-01
7.976613001924809376e-01
7.383816019314857204e-01
7.052759821537845086e-01
8.026902836035114674e-01
7.041355600307079854e-01
6.714471678590104853e-01
6.203673828146730740e-01
8.099222287742409154e-01
6.827512544643352665e-01
7.822516939440803396e-01
7.465258848006764980e-01
8.004094393573581989e-01
6.683541205398368934e-01
8.186561933265834590e-01
5.715795680859822037e-01
7.952691952513935014e-01
7.710421789294494843e-01
8.078305277094761649e-01
6.399603911926035060e-01
6.527442450405545049e-01
7.372022385651819665e-01
7.431324336051803314e-01
6.477820180464847200e-01
7.273834822372300390e-01
6.890374837281232345e-01
7.976613001924810487e-01
8.009879949710166924e-01
7.686445109536154119e-01
6.329787825854760186e-01
7.258313955428965514e-01
7.730615605425072978e-01
6.813827479166434387e-01
6.945671402663580185e-01
8.132489235527764482e-01
7.566617341091911308e-01
6.927647170084224593e-01
6.695223578366470418e-01
7.957698683785979776e-01
6.898496868011437799e-01
7.938116801477541618e-01
7.938228062172476562e-01
8.159859366481604370e-01
7.153061338021117210e-01
7.969603578143947820e-01
6.632806328508327187e-01
7.309605135793677544e-01
7.418306834744490263e-01
6.545466682984901752e-01
8.061838694244485293e-01
6.371232434717787330e-01
7.544587723494921017e-01
5.000000000000000000e-01
8.132044192748026923e-01
8.086761089909768607e-01
7.965709453821249175e-01
6.593865085281322980e-01
6.203228785366994291e-01
6.812492350827221710e-01
7.122353386219250071e-01
7.436887370798518360e-01
7.681605269306511774e-01
6.481269262007811616e-01
6.637590538390503170e-01
7.604668498759444839e-01
7.557716485497167902e-01
7.593542429266012528e-01
7.453743366081062582e-01
7.774341058534252058e-01
7.460252116734721328e-01
7.333971227984289465e-01
7.966043235906051789e-01
7.417416749185015146e-01
5.087784688303162994e-01
7.876589637178874614e-01
6.671413789650529891e-01
7.169972963651130016e-01
7.504867655403375526e-01
7.238064508950923237e-01
7.077515326160727094e-01
7.476496178195128905e-01
5.318817521334238130e-01
7.122019604134446347e-01
7.690784276638591432e-01
7.050868389723962126e-01
7.410407325404155809e-01
6.646380133290311631e-01
7.319952380422567462e-01
6.722037405845637803e-01
6.460296621012694418e-01
6.803591495232479414e-01
6.588079529144739155e-01
7.290913339044714503e-01
5.794011949398636396e-01
6.718699584997607221e-01
7.549928236851768393e-01
6.668409750887304144e-01
6.735666840975087499e-01
5.000000000000000000e-01
6.780671792076012894e-01
8.049488757106777470e-01
5.762858954817031698e-01
7.374025078160637570e-01
5.814372656571613618e-01
6.731828346999855217e-01
6.286674306567718862e-01
7.350549071529502987e-01
7.279564748161418963e-01
7.283458872484116498e-01
7.279008444686745349e-01
6.856329064631336845e-01
6.639593230899319964e-01
6.770880850921794369e-01
6.979272132533739237e-01
6.910624283759276842e-01
7.475995505067923874e-01
6.283670267804493115e-01
7.861569443362743659e-01
7.897284126436654450e-01
8.072630981653110549e-01
7.017212029506336712e-01
5.357202461086572054e-01
7.407013874208658866e-01
7.086638703145340390e-01
7.905294896471924959e-01
6.873129429566416926e-01
8.043369418885391031e-01
5.796125902602387026e-01
6.979828436008410630e-01
7.449793611410897576e-01
7.109892188386608414e-01
6.968702366514981650e-01
7.898285472691062292e-01
7.264488923997818315e-01
6.954906040343127316e-01
7.382147108890841913e-01
8.087762436164175339e-01
7.356000845581283087e-01
6.633028849898195967e-01
6.558706705682084692e-01
5.000000000000000000e-01
7.035681304865430974e-01
7.378141723873206104e-01
7.986626464468897790e-01
6.683096162618631375e-01
6.521044960446822358e-01
7.941454622325571089e-01
6.788905083501151072e-01
6.865118659531147527e-01
8.072297199568307935e-01
8.049488757106776360e-01
7.433104507170752440e-01
6.638814406034780902e-01
6.680759688025010856e-01
7.956085403709431958e-01
7.469375493719334624e-01
6.655614770969859872e-01
7.160849586666517830e-01
7.198400071206844109e-01
7.484284426840530635e-01
8.016555591406223646e-01
8.091879081876744984e-01
6.834243816686877970e-01
6.833965664949543939e-01
8.052604056564938162e-01
8.011215078049378491e-01
8.092435385351417487e-01
7.305099077648837813e-01
6.505913505935758678e-01
6.055752734231578671e-01
6.614670835234036650e-01
7.170084224346064961e-01
7.236173077137040277e-01
6.398658196019093580e-01
7.021439935913840191e-01
8.070405767754424975e-01
6.944670056409172343e-01
6.660176459462165965e-01
6.669299836446778151e-01
6.736612556882030090e-01
6.614225792454299091e-01
8.002091701064764084e-01
6.736556926534563727e-01
5.625563257268104689e-01
4.736645935090511017e-01
6.823062116845981517e-01
7.330188364356522435e-01
6.734943646458015909e-01
7.806717920760133378e-01
6.037895392694623276e-01
7.991521935046006497e-01
8.057388266447111924e-01
5.304687413077582292e-01
7.133479455712681272e-01
5.000000000000000000e-01
7.388934011281833580e-01
6.488278685788670952e-01
5.330944937082077173e-01
5.470966521656894788e-01
6.585743054551118636e-01
4.967344986036782983e-01
7.923096607661410662e-01
6.221976212463423694e-01
6.954349736868457033e-01
6.604212329910212897e-01
7.516883810456278514e-01
5.142469319863371968e-01
7.226048353898019139e-01
5.518252317003971008e-01
7.459584552565114990e-01
7.412632539302841383e-01
7.400950166334738789e-01
6.939663325137128691e-01
6.746292237341314779e-01
6.667185883243027522e-01
6.754414268071518013e-01
5.780438144616650842e-01
6.679980863160471793e-01
6.837526007187441079e-01
5.757740962850053101e-01
7.337531570222188826e-01
6.723038752100044535e-01
6.678645734821259117e-01
6.740506681204729844e-01
8.072964763737913163e-01
7.295475027537021706e-01
7.526229708830759479e-01
6.658507549038150675e-01
7.304153361741896333e-01
6.474704881006687618e-01
7.204908821860501744e-01
7.493630325215011601e-01
8.039920337342426615e-01
7.351995460563646168e-01
8.128038807730392223e-01
6.789016344196086017e-01
7.436776110103584525e-01
5.955228696358436657e-01
6.527998753880217553e-01
7.508761779726076391e-01
7.165188753768956254e-01
8.037917644833609820e-01
7.190889974298779741e-01
7.076291458516450472e-01
7.520444152694176765e-01
7.983511165010737098e-01
7.949354131665905543e-01
7.684998720502009828e-01
7.429544164932853079e-01
7.398391170351249491e-01
7.900065643810011418e-01
7.888939574316580217e-01
7.438667541917466375e-01
8.088096218248979064e-01
8.096663291758920966e-01
8.056275659497770247e-01
8.033133434951434948e-01
7.262653122531403938e-01
7.461587245073932895e-01
6.951123176715361396e-01
7.957364901701177162e-01
8.026124011170573391e-01
7.563390780938816782e-01
8.015999287931552253e-01
8.050378842666250367e-01
7.948686567496301425e-01
7.963150457837758767e-01
7.470710622058546191e-01
8.031575785222354602e-01
8.118692909355911258e-01
7.845992946071941310e-01
8.069515682194949857e-01
8.002091701064765195e-01
7.529122486899052502e-01
8.155965242158903505e-01
7.404621769267570874e-01
8.050156321276381588e-01
7.277784577042467618e-01
7.946906396377351189e-01
8.062506258414089411e-01
8.072519720958176714e-01
7.456246731717084408e-01
8.059168437566061050e-01
8.098665984267736651e-01
8.056275659497769137e-01
7.408738414980140519e-01
7.591539736757195733e-01
7.957031119616371218e-01
7.601553199301283037e-01
8.007988517896282854e-01
8.007877257201349019e-01
7.307602443284860749e-01
7.964485586176971443e-01
7.920203829593119860e-01
7.955362209192358147e-01
7.504867655403375526e-01
7.855227583751487330e-01
8.143059001546524289e-01
7.942789750664782655e-01
8.093881774385562888e-01
8.045149590004339046e-01
8.094104295775431668e-01
8.085314700875622096e-01
5.288665873007042384e-01
7.989407981842254758e-01
7.645389913105398172e-01
7.424426172965875592e-01
7.510096908065286847e-01
8.010102471100034593e-01
7.615015743388332536e-01
8.095439424114643234e-01
7.971161227873029276e-01
7.946016310817878292e-01
7.917088530134959168e-01
8.000311529945816069e-01
8.062394997719156686e-01
6.531169683685842386e-01
7.435107199679570344e-01
7.971717531347700669e-01
7.401061427029672624e-01
7.992857063385216954e-01
8.054718009768688791e-01
7.947907742631761252e-01
7.603667152505034776e-01
7.830638970171008850e-01
7.443117969714838633e-01
7.371911124956886940e-01
7.339534262731006731e-01
7.580803079696035729e-01
7.694455879571424628e-01
7.517885156710689687e-01
8.039809076647492780e-01
8.089765128672993244e-01
7.680325771314767680e-01
7.505312698183113085e-01
7.962927936447891097e-01
7.876589637178873504e-01
8.089320085893256795e-01
7.615349525473136261e-01
7.441894102070560901e-01
7.429210382848050465e-01
7.499527142046529260e-01
7.367015654379777123e-01
6.921527831862837044e-01
6.599205598638169246e-01
6.658841331122954399e-01
8.022786190322543920e-01
6.482938172431824686e-01
6.972262708752878790e-01
6.534896916966144165e-01
6.774663714549560289e-01
6.646491393985246576e-01
7.485953337264543705e-01
7.448458483071684899e-01
7.179875165500284595e-01
7.452130086004518095e-01
7.698016221809321769e-01
8.067624250381069118e-01
7.435329721069436903e-01
7.161739672225992948e-01
8.047597325292892290e-01
7.586199223400349467e-01
7.601664459996216872e-01
6.727934222677154352e-01
8.006653389557071288e-01
6.579289934244929583e-01
7.815507515659942950e-01
5.000000000000000000e-01
8.114687524338277669e-01
6.628244640016021094e-01
7.344986036782785721e-01
6.663403019615260492e-01
8.123477119238087241e-01
8.048376150157432463e-01
8.123477119238086130e-01
7.905183635776988904e-01
7.579301060314422855e-01
7.456135471022150574e-01
8.065510297177316268e-01
8.062617519109025466e-01
7.479277695568486983e-01
7.902068336318829322e-01
8.068291814550674346e-01
7.572291636533563519e-01
7.973831484551453519e-01
8.071184592618965148e-01
7.830360818433672598e-01
7.458583206310707148e-01
7.991076892266268938e-01
8.062951301193828080e-01
8.038807730393083828e-01
7.455690428242414125e-01
7.752979005106865884e-01
7.868801388533472885e-01
8.038362687613347379e-01
8.098220941488000202e-01
7.963818022007365105e-01
7.983956207790473547e-01
8.016054918279018615e-01
7.956808598226503548e-01
7.434662156899832786e-01
7.396165956452563917e-01
8.108011882642218726e-01
7.967378364245263356e-01
8.076413845280877579e-01
7.991076892266268938e-01
7.992968324080151898e-01
7.464368762447288752e-01
7.525339623271286582e-01
7.972941398991978401e-01
7.347656293461207744e-01
7.992078238520677891e-01
7.993858409639627016e-01
7.567841208736187930e-01
8.039697815952558946e-01
8.071073331924031313e-01
8.107678100557416112e-01
7.978393173043759612e-01
7.987238398291035546e-01
8.033467217036236452e-01
8.055385573938294019e-01
7.510430690150091682e-01
7.973497702466649795e-01
8.075301238331534792e-01
7.461086571946728974e-01
8.044259504444863929e-01
8.116912738236963243e-01
7.349547725275091814e-01
8.005207000522924776e-01
7.974276527331189968e-01
7.804826488946250418e-01
7.973052659686912236e-01
8.061949954939420238e-01
8.147064386564158989e-01
7.961481547413744586e-01
7.847328074411152876e-01
8.001869179674896415e-01
7.951356824174724558e-01
7.993302106164955623e-01
7.138708708374592593e-01
7.855783887226159834e-01
7.523893234237141181e-01
8.084647136706015758e-01
4.995271420465292600e-01
8.133379321087240710e-01
8.097887159403198698e-01
7.417639270574885035e-01
8.038362687613347379e-01
7.984289989875277271e-01
8.063507604668498363e-01
7.580079885178961918e-01
7.856673972785633842e-01
7.671536176414958108e-01
7.882931496790128723e-01
7.804492706861446694e-01
7.979394519298167454e-01
7.322066333626320311e-01
7.793811680147755272e-01
7.560609263565459814e-01
8.039920337342427725e-01
8.110459617930774190e-01
7.962149111583350924e-01
7.985124445087283807e-01
8.096885813148788635e-01
7.799708496979272931e-01
7.933221330900432910e-01
7.850888416649048906e-01
7.950800520700052054e-01
6.929093559118369994e-01
7.569510119160205441e-01
6.740061638424993395e-01
7.118125479811748813e-01
7.409072197064943133e-01
7.427986515203773843e-01
7.361118837548259464e-01
7.441449059290824453e-01
7.345431079562523280e-01
7.311051524827822945e-01
7.119905650930695717e-01
7.084858532026391265e-01
7.363789094226682597e-01
7.440892755816151949e-01
7.461809766463800564e-01
6.711022597047140437e-01
6.719255888472279725e-01
6.804147798707150807e-01
8.007988517896282854e-01
7.513434728913316318e-01
7.965153150346577782e-01
8.051157667530792761e-01
8.024788882831361825e-01
6.859221842699629867e-01
7.417639270574885035e-01
6.649829214833276048e-01
8.082088140722527569e-01
8.054495488378820012e-01
7.480167781127960991e-01
8.064620211617841150e-01
7.312942956641707015e-01
5.826500072319451551e-01
8.113352395999067213e-01
7.143270396866897576e-01
8.005985825387464949e-01
8.121251905339400556e-01
8.065176515092512544e-01
8.027125357424982344e-01
8.113241135304130047e-01
8.052270274480134438e-01
7.964040543397233884e-01
7.990854370876400159e-01
8.039141512477886442e-01
8.007988517896282854e-01
7.979171997908298675e-01
8.022674929627608975e-01
8.015554245151815804e-01
8.139164877223823424e-01
8.116912738236962133e-01
8.137050924020070575e-01
6.722482448625374252e-01
5.272978115021306200e-01
8.030351917578077980e-01
8.054606749073754957e-01
6.413900911225092205e-01
8.071740896093637652e-01
5.091734442973331332e-01
8.092101603266613763e-01
8.079862926823840885e-01
7.485174512400003533e-01
8.039252773172821387e-01
6.506803591495232686e-01
7.506369674784989510e-01
8.120918123254599053e-01
8.062617519109025466e-01
7.553711100479533203e-01
7.966377017990855514e-01
7.915975923185616381e-01
8.048264889462499738e-01
6.886146930873729977e-01
5.000000000000000000e-01
7.951690606259527172e-01
8.014775420287274521e-01
8.076191323891008800e-01
7.939118147731951680e-01
8.065287775787447488e-01
6.779225403041867493e-01
8.046150936258747999e-01
8.034913606070381853e-01
8.036916298579200868e-01
8.046039675563813054e-01
8.126592418696245712e-01
8.032243349391959830e-01
7.923207868356345607e-01
8.122698294373545957e-01
7.874364423280186820e-01
8.000534051335684849e-01
7.959478854904927791e-01
6.885368106009189804e-01
7.898174211996128458e-01
8.019670890864384338e-01
6.726376572948074006e-01
8.110459617930774190e-01
7.984289989875277271e-01
7.989853024621993427e-01
7.971606270652766835e-01
8.008878603455757972e-01
8.079529144739038271e-01
8.106009190133400821e-01
7.949242870970971708e-01
5.186194772972552158e-01
8.014552898897407962e-01
5.000000000000000000e-01
7.865018524905706965e-01
8.061504912159681568e-01
7.788026124011171447e-01
6.690550629179229380e-01
6.342582805772203347e-01
8.076858888060615138e-01
8.141278830427575164e-01
7.504311351928704132e-01
8.072519720958176714e-01
7.744523192291860036e-01
7.438222499137728816e-01
6.437933221330900402e-01
7.848885724140233222e-01
7.928548381713192983e-01
6.108267782240567323e-01
7.842988907308714452e-01
7.359116145039442669e-01
5.111872628756439774e-01
5.200769924008945555e-01
7.955473469887293092e-01
7.518330199490426136e-01
6.027881930150534862e-01
7.084413489246653706e-01
7.676876689771805484e-01
7.955028427107555533e-01
7.385262408349001495e-01
8.164309794278974408e-01
7.374247599550506349e-01
8.082644444197197853e-01
8.037027559274135813e-01
8.089208825198321851e-01
7.027114231355487961e-01
7.511877079184237083e-01
8.034802345375450239e-01
8.082199401417460294e-01
8.050490103361185312e-01
8.061838694244483072e-01
8.124812247577297697e-01
8.070183246364557306e-01
7.618019782151559394e-01
8.073076024432848108e-01
7.504088830538835353e-01
7.966933321465525797e-01
7.955250948497424313e-01
8.055163052548427460e-01
7.977836869569088218e-01
8.029239310628732973e-01
8.175769645857207113e-01
8.040699162206966788e-01
8.061838694244483072e-01
8.020560976423859456e-01
7.891721091689938294e-01
8.080864273078249838e-01
8.012772727778456616e-01
8.119249212830583762e-01
8.149845903937515956e-01
7.999198922996473282e-01
8.107678100557416112e-01
8.066622904126659055e-01
8.155965242158901285e-01
8.038696469698149993e-01
8.068069293160806676e-01
8.041700508461375740e-01
7.922317782796870489e-01
8.076413845280878689e-01
8.130041500239210128e-01
8.041255465681639292e-01
8.009657428320295924e-01
8.001646658285028746e-01
8.031019481747683209e-01
8.034357302595711570e-01
8.166423747482725037e-01
7.925099300170228567e-01
8.129596457459473680e-01
7.975389134280532755e-01
8.086983611299636276e-01
8.063507604668499473e-01
8.020338455033990677e-01
8.006764650252006232e-01
7.488289811858165335e-01
8.056386920192704082e-01
8.079640405433972106e-01
8.055941877412966523e-01
8.070405767754424975e-01
7.403842944403030701e-01
7.999421444386340951e-01
8.082088140722525349e-01
7.953804559463278911e-01
8.093436731605826440e-01
7.584864095061137901e-01
7.618242303541428173e-01
8.107455579167547333e-01
7.883487800264801226e-01
8.065065254397578709e-01
7.765440202939508652e-01
8.002870525929304257e-01
7.336418963272844929e-01
8.049711278496646250e-01
8.011437599439246160e-01
8.072742242348045494e-01
7.585309137840874349e-01
7.841431257579635217e-01
8.052381535175068272e-01
8.089653867978059409e-01
7.824185849864817577e-01
7.870470298957488176e-01
7.958922551430256398e-01
7.374358860245441294e-01
7.922540304186740379e-01
7.573292982787970251e-01
7.504422612623639077e-01
7.515993724896805617e-01
7.524004494932075016e-01
8.024677622136427990e-01
7.497190667452908741e-01
7.542585030986104222e-01
7.902735900488435661e-01
8.087873696859111394e-01
8.060169783820470002e-01
7.445120662223656538e-01
7.945682528733074568e-01
7.789695034435184517e-01
7.707807162963540293e-01
7.599105464012729794e-01
7.493519064520076656e-01
7.444453098054049089e-01
8.020004672949186952e-01
7.801377407403287112e-01
8.083757051146540640e-01
7.860679357803268541e-01
7.811947173422044699e-01
7.560831784955328594e-01
7.761323557226939007e-01
7.383816019314856094e-01
7.929438467272665880e-01
7.383370976535119645e-01
7.985736378909422672e-01
7.499082099266790591e-01
7.426206344084824718e-01
7.441671580680693232e-01
7.731950733764283434e-01
7.528232401339578495e-01
7.304820925911503782e-01
7.458471945615773313e-01
7.875254508839661938e-01
7.496523103283303513e-01
7.380589459161761567e-01
7.513434728913317429e-01
7.823407025000277404e-01
7.753757829971406057e-01
7.371688603567019271e-01
7.574294329042379204e-01
7.503866309148966574e-01
8.045372111394208936e-01
8.088207478943914008e-01
7.547035458783477591e-01
8.179218727400172639e-01
7.578132823017612596e-01
7.997975055352195550e-01
8.013217770558195285e-01
8.056053138107900358e-01
8.056386920192704082e-01
8.124478465492495083e-01
8.164977358448581857e-01
8.103116412065108909e-01
7.600885635131677809e-01
7.963372979227628656e-01
8.098777244962671595e-01
8.047041021818223117e-01
8.080196708908644609e-01
8.125591072441840090e-01
8.043035636800586197e-01
8.106120450828335766e-01
7.516216246286673286e-01
8.076914518408081500e-01
8.133490581782174544e-01
8.059613480345798608e-01
8.139609920003558763e-01
8.062840040498894245e-01
8.074967456246733288e-01
8.099333548437344099e-01
8.038807730393083828e-01
8.093436731605825329e-01
8.070850810534162534e-01
7.540916120562088931e-01
8.019114587389712945e-01
8.063285083278630694e-01
8.032020828002091051e-01
8.071518374703768872e-01
8.059279698260995994e-01
8.157411631193047796e-01
8.040699162206967898e-01
7.930996117001746226e-01
8.134825710121385001e-01
8.062951301193825859e-01
8.044927068614470267e-01
8.128150068425327168e-01
8.083757051146541750e-01
7.979394519298167454e-01
8.020449715728924511e-01
8.042034290546177244e-01
8.132044192748029143e-01
8.025678968390836943e-01
7.446233269172999325e-01
8.056498180887639027e-01
7.905183635776988904e-01
8.061059869379945120e-01
7.971940052737569449e-01
8.035247388155185577e-01
8.110793400015576804e-01
8.144727911970537360e-01
8.019448369474516669e-01
8.043369418885391031e-01
7.990965631571335104e-01
8.144394129885734745e-01
8.101336240946159784e-01
8.053827924209213673e-01
7.877702244128216291e-01
7.877924765518085071e-01
8.066066600651988772e-01
7.896394040877181553e-01
8.001980440369831360e-01
8.060503565905272616e-01
8.075189977636600958e-01
8.008767342760823027e-01
7.960702722549205523e-01
7.958922551430255288e-01
8.022007365458004857e-01
8.060392305210338781e-01
7.447345876122343222e-01
8.050045060581447753e-01
7.953025734598738739e-01
8.121808208814071950e-01
7.960480201159335634e-01
7.972162574127438228e-01
7.994971016588968693e-01
8.026235271865509446e-01
8.037361341358938427e-01
7.987627810723304522e-01
8.061616172854615403e-01
7.956808598226505769e-01
7.904738592997252455e-01
8.035469909545054357e-01
7.945237485953338119e-01
8.141278830427574054e-01
7.998865140911670668e-01
8.072742242348044384e-01
8.094883120639970731e-01
8.071407114008835038e-01
8.043925722360061314e-01
7.958922551430256398e-01
7.533684175391359705e-01
8.110125835845971576e-01
8.038918991088018773e-01
7.988851678367584475e-01
7.778012661467084143e-01
8.038362687613346269e-01
7.752200180242325711e-01
7.525562144661154251e-01
8.096440770369051076e-01
8.068514335940543125e-01
7.907520110370609423e-01
7.486732162129083878e-01
7.860011793633663313e-01
7.907742631760477092e-01
7.511098254319696910e-01
7.898507994080931072e-01
7.520666674084046655e-01
7.493630325215011601e-01
7.924431736000623339e-01
7.775231144093726066e-01
7.527119794390235707e-01
7.732840819323756332e-01
8.082199401417460294e-01
7.372356167736622279e-01
7.840318650630291319e-01
7.615905828947807654e-01
7.511988339879170917e-01
7.814617430100468942e-01
7.871137863127093404e-01
7.447679658207144726e-01
8.148510775598305500e-01
8.148622036293238224e-01
8.056831962972441641e-01
7.988072853503044302e-01
8.150179686022319681e-01
8.163197187329633842e-01
8.048376150157434683e-01
8.042813115410718527e-01
8.069849464279754692e-01
8.042479333325917024e-01
8.139943702088363597e-01
8.083645790451607915e-01
8.014664159592340686e-01
7.995416059368706252e-01
8.023787536576952872e-01
8.079974187518774720e-01
8.105341625963795593e-01
7.943123532749586380e-01
8.080753012383314893e-01
7.566506080396978584e-01
8.078527798484629319e-01
8.013106509863260341e-01
8.070071985669622361e-01
8.056386920192702972e-01
8.035803691629856971e-01
8.095550684809577069e-01
8.088875043113519236e-01
8.110793400015576804e-01
8.053160360039608445e-01
8.089653867978059409e-01
8.223834266068825727e-01
8.059724741040733553e-01
8.069515682194949857e-01
8.054384227683887287e-01
8.093770513690629054e-01
8.114465002948407779e-01
8.103783976234715247e-01
8.143837826411064462e-01
8.154073810345019435e-01
8.092546646046351322e-01
8.052826577954805831e-01
8.098888505657606540e-01
8.004761957743187217e-01
8.197131699284593287e-01
8.065399036482383544e-01
8.096218248979183407e-01
8.028126703679391296e-01
7.977058044704548045e-01
8.015554245151814694e-01
8.152849942700741703e-01
8.152071117836202641e-01
8.024788882831361825e-01
7.942122186495176317e-01
8.074188631382190895e-01
8.075523759721402461e-01
8.111460964185182032e-01
8.081420576552921231e-01
7.977169305399480770e-01
8.034691084680514184e-01
8.078416537789694374e-01
7.995082277283904748e-01
8.021784844068136078e-01
8.027681660899653737e-01
8.060392305210337671e-01
8.185004283536755354e-01
7.843545210783386956e-01
7.948797828191235260e-01
7.994414713114299520e-01
7.962594154363087373e-01
8.061059869379945120e-01
8.099222287742409154e-01
8.012772727778456616e-01
8.008544821370955358e-01
7.978170651653890832e-01
7.991966977825744056e-01
8.051825231700397989e-01
8.143726565716129517e-01
7.997084969792721543e-01
7.852891109157869032e-01
8.010992556659508601e-01
8.013440291948064065e-01
7.919981308203251080e-01
8.074299892077125840e-01
7.924876778780360898e-01
7.589203262163575214e-01
8.070294507059492251e-01
8.127037461475985491e-01
7.941120840240767365e-01
7.997641273267392936e-01
8.003538090098911706e-01
7.991410674351071552e-01
7.873251816330845143e-01
8.010102471100034593e-01
7.924320475305688394e-01
7.981953515281655642e-01
8.038807730393082718e-01
8.027014096730049619e-01
7.982732340146196925e-01
7.852891109157869032e-01
8.045038329309405212e-01
8.072408460263243990e-01
7.936559151748461272e-01
7.910301627743967501e-01
7.688002759265233355e-01
7.277895837737402562e-01
7.579968624484026973e-01
7.643609741986447936e-01
7.938339322867410397e-01
7.532794089831885698e-01
7.787024777756761384e-01
8.067958032465871732e-01
7.921650218627265261e-01
7.905183635776988904e-01
7.485174512400003533e-01
7.392716874909601721e-01
8.078527798484629319e-01
7.959923897684664240e-01
7.909522802879427328e-01
8.068069293160804456e-01
7.553711100479533203e-01
7.631259804848740114e-01
7.534796782340702492e-01
8.085982265045226214e-01
7.947128917767221079e-01
7.531570222187606856e-01
7.349325203885223035e-01
7.347545032766273909e-01
7.601998242081018375e-01
