2.123493975899999886e-01 2.575301204820000245e-01 2.733433734940000082e-01 2.567771084339999788e-01
2.228915662650000074e-01 2.206325301200000033e-01 3.072289156629999796e-01 2.492469879520000098e-01
2.929216867469999763e-01 2.040662650600000017e-01 2.402108433729999992e-01 2.628012048189999894e-01
2.605421686750000188e-01 2.620481927709999992e-01 2.364457831329999926e-01 2.409638554219999951e-01
1.280120481929999943e-02 3.765060240959999978e-03 9.774096385539999821e-01 6.024096385539999716e-03
2.259036144580000172e-03 9.743975903610000433e-01 1.204819277110000079e-02 1.129518072290000043e-02
9.367469879519999543e-01 2.936746987950000082e-02 2.259036144580000086e-02 1.129518072290000043e-02
6.777108433730000270e-03 9.570783132529999682e-01 2.484939759039999849e-02 1.129518072290000043e-02
6.777108433730000270e-03 5.271084337350000031e-03 9.826807228920000359e-01 5.271084337350000031e-03
2.259036144580000172e-03 7.530120481929999986e-04 3.765060240959999978e-03 9.932228915659999657e-01
0.000000000000000000e+00 0.000000000000000000e+00 1.000000000000000000e+00 0.000000000000000000e+00
0.000000000000000000e+00 1.000000000000000000e+00 0.000000000000000000e+00 0.000000000000000000e+00
