1.855955678669999886e-01 2.262234533699999939e-01 3.536472760850000174e-01 2.345337026780000000e-01
2.437673130190000093e-01 1.948291782090000035e-01 2.502308402589999980e-01 3.111726685130000170e-01
8.808864265929999826e-01 5.540166204989999815e-03 1.108033241000000030e-01 2.770083102490000001e-03
7.848568790400000106e-01 1.486611264999999904e-01 5.447830101569999667e-02 1.200369344409999914e-02
3.416435826409999765e-02 9.178208679589999752e-01 2.862419205909999889e-02 1.939058171750000087e-02
8.938134810710000044e-01 2.123730378580000050e-02 5.447830101569999667e-02 3.047091412739999852e-02
3.859649122809999944e-01 8.125577100649999940e-02 4.893813481070000138e-01 4.339796860569999915e-02
8.864265927980000126e-02 5.669436749770000450e-01 1.449676823640000112e-01 1.994459833799999970e-01
4.801477377649999989e-02 6.094182825479999704e-02 1.385041551250000037e-02 8.771929824559999700e-01
4.432132963990000063e-02 5.170821791320000249e-02 8.679593721139999829e-01 3.601108033239999728e-02
2.031394275159999901e-02 4.893813481070000138e-02 2.585410895660000125e-02 9.048938134809999534e-01
2.677746999079999926e-02 2.751615881810000053e-01 4.616805170820000026e-02 6.518928901199999570e-01
1.948291782090000035e-01 3.047091412740000060e-01 2.770083102490000226e-01 2.234533702679999956e-01
3.425669436750000130e-01 3.665743305629999838e-01 2.003693444140000057e-01 9.048938134810000089e-02
