2.877120000000000233e-01 2.117880000000000040e-01 3.706289999999999862e-01 1.298700000000000132e-01
4.984979999999999967e-01 1.241239999999999982e-01 3.483479999999999910e-01 2.902899999999999925e-02
1.998000000000000123e-02 1.098900000000000050e-02 9.230770000000000364e-01 4.595400000000000179e-02
5.094900000000000123e-02 6.993000000000000084e-03 8.031970000000000498e-01 1.388610000000000122e-01
4.604599999999999665e-02 1.341340000000000032e-01 1.281279999999999919e-01 6.916919999999999735e-01
7.000000000000000146e-03 8.239999999999999547e-01 3.099999999999999978e-02 1.380000000000000115e-01
5.919999999999999707e-01 3.799999999999999906e-02 3.430000000000000271e-01 2.699999999999999969e-02
2.482479999999999964e-01 6.006000000000000227e-02 8.708699999999999775e-02 6.046049999999999480e-01
2.000000000000000042e-03 6.900000000000000577e-02 5.000000000000000104e-03 9.240000000000000435e-01
7.000000000000000666e-02 8.200000000000000344e-02 8.359999999999999654e-01 1.200000000000000025e-02
9.260000000000000453e-01 5.399999999999999939e-02 1.700000000000000122e-02 3.000000000000000062e-03
1.570000000000000007e-01 8.299999999999999600e-01 2.000000000000000042e-03 1.099999999999999936e-02
3.996000000000000246e-02 9.360640000000000072e-01 3.996000000000000420e-03 1.998000000000000123e-02
5.000000000000000104e-03 5.350000000000000311e-01 2.299999999999999961e-02 4.369999999999999996e-01
1.038960000000000022e-01 4.725269999999999748e-01 1.798200000000000076e-01 2.437560000000000004e-01
