2.578680203050000008e-01 2.497461928930000130e-01 2.477157360410000009e-01 2.446700507610000130e-01
2.720812182740000029e-01 2.436548223349999931e-01 2.060913705580000033e-01 2.781725888320000228e-01
2.345177664970000131e-01 2.598984771569999852e-01 2.822335025380000029e-01 2.233502538069999932e-01
0.000000000000000000e+00 0.000000000000000000e+00 0.000000000000000000e+00 1.000000000000000000e+00
1.000000000000000000e+00 0.000000000000000000e+00 0.000000000000000000e+00 0.000000000000000000e+00
1.000000000000000000e+00 0.000000000000000000e+00 0.000000000000000000e+00 0.000000000000000000e+00
0.000000000000000000e+00 0.000000000000000000e+00 0.000000000000000000e+00 1.000000000000000000e+00
0.000000000000000000e+00 1.000000000000000000e+00 0.000000000000000000e+00 0.000000000000000000e+00
0.000000000000000000e+00 1.000000000000000000e+00 0.000000000000000000e+00 0.000000000000000000e+00
2.730964467009999730e-01 2.578680203050000008e-01 1.939086294419999912e-01 2.751269035530000129e-01
2.690355329949999930e-01 2.598984771569999852e-01 2.355329949240000109e-01 2.355329949240000109e-01
2.477157360410000009e-01 2.893401015229999929e-01 2.324873096450000010e-01 2.304568527920000109e-01
2.730964467009999730e-01 2.446700507610000130e-01 2.142131979699999911e-01 2.680203045690000008e-01
2.426395939090000009e-01 2.548223350250000130e-01 2.598984771569999852e-01 2.426395939090000009e-01
