5.929487179489999898e-02 5.544871794869999926e-01 1.562500000000000000e-01 2.299679487179999982e-01
5.833333333329999704e-01 2.363782051280000074e-01 1.618589743590000130e-01 1.842948717949999954e-02
3.493589743589999852e-01 1.722756410259999871e-01 1.442307692309999917e-02 4.639423076920000111e-01
6.570512820509999408e-02 8.597756410260000148e-01 1.682692307690000083e-02 5.769230769230000028e-02
5.464743589739999852e-01 1.426282051280000074e-01 2.940705128209999963e-01 1.682692307690000083e-02
1.883012820509999963e-01 5.825320512820000296e-01 1.498397435899999908e-01 7.932692307689999389e-02
7.964743589739999852e-01 1.105769230769999972e-01 1.442307692309999917e-02 7.852564102560000148e-02
5.208333333330000120e-02 8.838141025639999482e-01 1.762820512820000018e-02 4.647435897439999852e-02
2.403846153849999862e-02 7.411858974360000518e-01 6.250000000000000000e-02 1.722756410259999871e-01
4.350961538459999778e-01 5.288461538460000055e-02 9.615384615379999819e-03 5.024038461540000222e-01
9.735576923080000444e-01 8.814102564100000092e-03 9.615384615379999819e-03 8.012820512820000365e-03
7.772435897439999852e-02 4.230769230770000111e-01 4.879807692309999778e-01 1.121794871790000002e-02
