3.151909017060000040e-01 2.924451665309999934e-02 5.751421608450000278e-01 8.042242079609999983e-02
3.655564581640000088e-02 2.404549147030000111e-01 2.680747359870000110e-02 6.961819658810000089e-01
5.930138099109999450e-01 2.437043054429999939e-02 1.226645004059999933e-01 2.599512591390000238e-01
9.423233143789999655e-01 1.299756295689999917e-02 7.311129163280000176e-03 3.736799350120000029e-02
3.005686433789999876e-02 2.112103980499999839e-02 2.079610073110000068e-01 7.408610885459999684e-01
4.183590576769999902e-01 4.484159220150000236e-01 5.036555645819999760e-02 8.285946385049999807e-02
2.047116165719999881e-01 6.986190089360000410e-01 4.630381803409999719e-02 5.036555645819999760e-02
3.249390739239999687e-02 1.047928513400000067e-01 2.688870836719999824e-01 5.938261575950000148e-01
1.454102355809999969e-01 3.574329813160000147e-02 3.062550771729999899e-01 5.125913891150000179e-01
1.705930138100000132e-02 9.277010560520000393e-01 3.818034118599999971e-02 1.705930138100000132e-02
1.462225832659999961e-02 6.580016246950000092e-01 3.103168155969999731e-01 1.705930138100000132e-02
5.182778229079999521e-01 1.299756295689999917e-02 3.785540211210000061e-01 9.017059301379999614e-02
