2.100456621000000024e-01 2.922374429219999903e-01 2.180365296800000074e-01 2.796803652970000220e-01
2.191780821919999955e-01 2.773972602740000237e-01 2.557077625570000068e-01 2.477168949770000017e-01
3.093607305939999885e-01 2.522831050229999983e-01 2.431506849320000108e-01 1.952054794520000081e-01
2.066210045659999939e-01 2.134703196349999887e-01 3.299086757990000174e-01 2.500000000000000000e-01
2.910958904109999801e-01 2.500000000000000000e-01 2.020547945210000029e-01 2.568493150680000170e-01
2.203196347030000057e-01 2.922374429219999903e-01 2.648401826480000221e-01 2.226027397260000040e-01
1.255707762560000045e-02 1.598173515980000001e-02 1.027397260270000029e-02 9.611872146119999627e-01
9.817351598169999916e-01 7.990867579910000684e-03 3.424657534249999930e-03 6.849315068490000047e-03
9.828767123289999796e-01 6.849315068490000047e-03 6.849315068490000047e-03 3.424657534249999930e-03
0.000000000000000000e+00 5.707762557080000090e-03 0.000000000000000000e+00 9.942922374429999932e-01
0.000000000000000000e+00 1.000000000000000000e+00 0.000000000000000000e+00 0.000000000000000000e+00
0.000000000000000000e+00 1.000000000000000000e+00 0.000000000000000000e+00 0.000000000000000000e+00
2.945205479449999886e-01 1.997716894980000046e-01 2.579908675800000051e-01 2.477168949770000017e-01
