2.681704260650000227e-01 1.035923141189999952e-01 2.472848788639999962e-01 3.809523809520000137e-01
3.943191311609999805e-01 1.060985797829999966e-01 3.091060985799999883e-01 1.904761904760000069e-01
4.177109440270000175e-03 2.506265664160000142e-03 9.883040935669999971e-01 5.012531328320000285e-03
5.012531328320000285e-03 9.331662489559999774e-01 9.189640768589999592e-03 5.263157894739999704e-02
8.212197159570000515e-01 1.395154553050000079e-01 1.837928153720000055e-02 2.088554720129999834e-02
7.602339181290000691e-02 8.905597326649999923e-01 1.754385964910000137e-02 1.587301587299999941e-02
1.219715956560000064e-01 6.683375104430000491e-02 6.524644945699999976e-01 1.587301587299999872e-01
3.759398496239999693e-02 3.341687552210000078e-02 3.341687552210000078e-02 8.955722639930000506e-01
3.592314118630000191e-02 1.503759398500000011e-02 9.406850459479999538e-01 8.354218880529999669e-03
8.939014202169999479e-02 6.023391812870000361e-01 3.759398496239999693e-02 2.706766917289999963e-01
1.595655806179999969e-01 1.370091896410000065e-01 3.099415204679999980e-01 3.934837092730000263e-01
3.416875522139999899e-01 6.599832915620000573e-02 1.821219715959999930e-01 4.101921470339999765e-01
