4.522998296419999953e-01 1.337308347529999886e-01 2.223168654169999925e-01 1.916524701869999903e-01
1.567291311750000082e-01 2.768313458259999971e-01 2.836456558770000247e-01 2.827938671210000199e-01
5.110732538330000144e-03 5.962521294720000281e-03 9.718909710390000178e-01 1.703577512779999928e-02
1.022146507669999954e-02 9.088586030659999704e-01 3.833049403750000278e-02 4.258943781940000006e-02
8.211243611580000268e-01 8.943781942079999381e-02 6.388415672910000009e-02 2.555366269170000065e-02
8.603066439520000441e-02 8.339011925039999662e-01 2.385008517889999902e-02 5.621805792159999954e-02
1.073253833049999939e-01 4.599659284500000334e-02 8.049403747869999792e-01 4.173764906300000271e-02
3.833049403750000278e-02 6.729131175470000337e-02 7.069846678020000330e-02 8.236797274279999970e-01
6.218057921640000180e-02 9.795570698470000559e-02 7.819420783649999596e-01 5.792163543440000117e-02
7.921635434410000121e-02 8.219761499150000095e-01 7.666098807499999689e-03 9.114139693360000238e-02
1.533219761500000111e-01 7.325383304940000229e-02 3.551959114139999762e-01 4.182282793870000237e-01
1.729131175470000059e-01 9.710391822830000130e-02 6.729131175470000337e-02 6.626916524699999478e-01
