3.128729752769999761e-01 2.787723785169999857e-01 2.540494458650000009e-01 1.543052003410000095e-01
1.790281329919999886e-01 2.114236999150000129e-01 5.063938618929999524e-01 1.031543052000000044e-01
6.035805626600000418e-01 6.223358908780000226e-02 3.205456095479999878e-01 1.364023870419999937e-02
2.728047740839999874e-02 2.216538789430000031e-02 8.985507246380000090e-01 5.200341005970000180e-02
4.518329070760000038e-02 5.200341005970000180e-02 6.990622335889999928e-01 2.037510656440000012e-01
1.364023870420000006e-01 2.924126172209999819e-01 2.037510656440000012e-01 3.674339300939999942e-01
2.003410059680000022e-01 6.300085251489999649e-01 5.967604433080000298e-02 1.099744245520000024e-01
7.220801364019999724e-01 5.967604433080000298e-02 1.867007672630000004e-01 3.154305200339999754e-02
5.456095481670000108e-02 7.075873827789999626e-02 3.623188405800000234e-01 5.123614663259999924e-01
4.433077578860000062e-02 1.142369991470000012e-01 4.347826086960000086e-02 7.979539641939999983e-01
5.285592497870000156e-02 2.472293265129999959e-02 9.113384484230000471e-01 1.108269394710000022e-02
9.957374254049999873e-01 2.557544757030000022e-03 1.705029838020000015e-03 0.000000000000000000e+00
3.665814151749999944e-02 9.002557544760000363e-01 1.449275362320000086e-02 4.859335038359999942e-02
