2.264631043260000032e-01 1.764206955050000025e-01 3.528413910090000272e-01 2.442748091599999949e-01
5.496183206110000219e-01 1.043256997460000057e-01 3.172179813400000103e-01 2.883799830359999941e-02
0.000000000000000000e+00 1.696352841389999920e-03 9.983036471589999961e-01 0.000000000000000000e+00
8.481764206960000496e-03 3.562340966920000268e-02 8.939779474129999626e-01 6.191687871079999683e-02
1.153519932150000038e-01 1.933842239190000090e-01 1.195928753180000026e-01 5.716709075489999625e-01
3.562340966920000268e-02 7.964376590330000116e-01 6.530958439360000367e-02 1.026293469039999962e-01
4.698897370649999794e-01 2.798982188300000104e-02 4.368108566580000129e-01 6.530958439360000367e-02
3.511450381680000232e-01 1.017811704830000052e-01 7.888040712469999993e-02 4.681933842239999755e-01
7.803223070400000516e-02 1.594571670909999961e-01 3.901611535200000258e-02 7.234944868529999962e-01
1.662425784559999897e-01 1.704834605599999942e-01 5.351993214589999548e-01 1.280746395250000058e-01
8.405428329090000039e-01 4.919423240029999894e-02 5.767599660730000216e-02 5.258693808309999884e-02
2.510602205260000219e-01 4.673452078029999845e-01 3.307888040709999755e-02 2.485156912639999993e-01
2.544529262090000112e-03 9.957591178970000012e-01 8.481764206960000279e-04 8.481764206960000279e-04
3.392705682779999839e-03 6.047497879559999845e-01 4.071246819339999906e-02 3.511450381680000232e-01
