1.437699680510000008e-02 8.817891373799999766e-01 3.913738019170000249e-02 6.469648562299999683e-02
0.000000000000000000e+00 7.947284345049999699e-01 2.004792332270000088e-01 4.792332268369999676e-03
9.049520766769999502e-01 9.504792332269999811e-02 0.000000000000000000e+00 0.000000000000000000e+00
2.316293929710000130e-02 5.111821086260000258e-02 0.000000000000000000e+00 9.257188498399999688e-01
1.509584664539999899e-01 0.000000000000000000e+00 4.624600638979999845e-01 3.865814696489999758e-01
1.000000000000000000e+00 0.000000000000000000e+00 0.000000000000000000e+00 0.000000000000000000e+00
7.987220447280000317e-04 6.797124600639999903e-01 3.162939297119999882e-01 3.194888178909999991e-03
1.621405750799999879e-01 4.081469648559999941e-01 4.792332268369999676e-02 3.817891373799999766e-01
2.292332268370000092e-01 3.226837060700000204e-01 2.755591054309999843e-01 1.725239616610000082e-01
1.837060702880000118e-01 2.755591054309999843e-01 2.436102236419999956e-01 2.971246006389999805e-01
2.196485622999999887e-01 2.476038338659999893e-01 1.269968051120000108e-01 4.057507987219999834e-01
4.065495207670000166e-01 1.405750798719999917e-01 2.188498402559999889e-01 2.340255591050000028e-01
