1.769480519480000069e-01 2.102272727270000086e-01 4.845779220779999896e-01 1.282467532469999949e-01
5.803571428570000190e-01 3.571428571429999810e-01 8.116883116880000554e-03 5.438311688309999808e-02
1.241883116879999999e-01 2.922077922079999862e-02 7.573051948050000259e-01 8.928571428569999358e-02
1.136363636360000068e-01 5.487012987010000398e-01 3.027597402600000209e-01 3.490259740260000243e-02
3.814935064939999759e-02 3.733766233770000054e-02 1.055194805189999946e-01 8.189935064940000453e-01
2.272727272730000123e-02 8.839285714290000540e-01 3.165584415580000033e-02 6.168831168830000294e-02
5.373376623379999550e-01 3.685064935060000102e-01 4.870129870130000121e-02 4.545454545449999911e-02
4.464285714289999846e-02 8.912337662339999689e-01 2.516233766229999946e-02 3.896103896099999825e-02
2.840909090910000157e-02 8.262987012989999602e-01 1.014610389610000052e-01 4.383116883120000140e-02
2.353896103899999828e-02 3.628246753250000123e-01 5.925324675319999512e-01 2.110389610390000018e-02
6.030844155840000553e-01 1.314935064939999898e-01 2.321428571430000087e-01 3.327922077920000138e-02
3.612012987009999843e-01 8.360389610389999671e-02 1.176948051950000018e-01 4.375000000000000000e-01
