7.730516191515178770e-01
6.631897674522158059e-01
6.598167670403313201e-01
7.191058765904865258e-01
6.077412029254933845e-01
7.474591176765260636e-01
5.063341162850241162e-01
5.000000000000000000e-01
7.241208491500706890e-01
7.417372621923389309e-01
8.103327359152185938e-01
7.666618427936904290e-01
6.955171377364162133e-01
6.529705780855161734e-01
7.551402077233917431e-01
6.563547105119612590e-01
6.351092607229130715e-01
8.755218131825316386e-01
8.803085794436218414e-01
9.024724204339258371e-01
8.881121216506551175e-01
8.977413142456389661e-01
9.260277632443143503e-01
9.165432868386191867e-01
8.847391212387705206e-01
8.818114014093130226e-01
6.267992118533691759e-01
9.202057196290813756e-01
8.790896238492280634e-01
7.930669813316115757e-01
9.046654273023788662e-01
8.645456468257058935e-01
9.299128363259898666e-01
7.966180939764668789e-01
9.114225601407086597e-01
9.487036769044094875e-01
9.493493337489284922e-01
4.982578397212543697e-01
9.383063753047388156e-01
9.514198884572141468e-01
9.304917010831449398e-01
9.569413676793088186e-01
9.437165343812269347e-01
9.415123954982133059e-01
8.510647771927284388e-01
9.489040531665013933e-01
9.515757366610635426e-01
9.387516558871658034e-01
9.601919159310259300e-01
9.541138359808974956e-01
9.642328372165510642e-01
9.656354710511960704e-01
9.576092885529494669e-01
9.654684908327860748e-01
9.611381371686833486e-01
9.657690552259242667e-01
9.541694960537008274e-01
9.574089122908573390e-01
9.657356591822422454e-01
9.616056817802317580e-01
9.495163139673387098e-01
9.561175986018189965e-01
9.620064343044160138e-01
9.578541928732843269e-01
9.706226135743785122e-01
9.722033596419943358e-01
9.643441573621578389e-01
9.725818481370573920e-01
9.543587403012322445e-01
9.694203560018256338e-01
9.679286660506951634e-01
9.745188186706147393e-01
9.631418997896048495e-01
9.732831650543799507e-01
9.639322728234127613e-01
9.515200765882602107e-01
9.615277576783070046e-01
9.727265643263461881e-01
9.593792788680968187e-01
9.700882768754661711e-01
9.774020104418296162e-01
9.695650721911144299e-01
9.762442809275194699e-01
9.743518384522047437e-01
9.733165610980619720e-01
9.720141153944630297e-01
9.742071222629158367e-01
9.739622179425810877e-01
9.745856107579788929e-01
9.694092239872649230e-01
9.678507419487704100e-01
9.717803430886887694e-01
9.712348743752157176e-01
9.718026071178100800e-01
9.718026071178100800e-01
9.690752635504448209e-01
9.717914751032494802e-01
9.750754193986486129e-01
9.738063697387315809e-01
9.416014516146986590e-01
9.682848905166367981e-01
9.739844819717023983e-01
9.741514621901125048e-01
9.703888412686044740e-01
9.752090035733766982e-01
9.758435284033351031e-01
9.716467589139606842e-01
9.675724415847536397e-01
9.619173781879306606e-01
9.760327726508666313e-01
9.729603366321203373e-01
9.642105731874297536e-01
9.752535316316193192e-01
9.765337133060970620e-01
9.760995647382307849e-01
9.752423996170586085e-01
9.683962106622435728e-01
9.735837294475181425e-01
9.769010697865992965e-01
9.673943293517828224e-01
9.755986240830002432e-01
9.733944851999866144e-01
9.767786176264318110e-01
7.495296723848114961e-01
9.683739466331221513e-01
9.722701517293584894e-01
9.697320524095245364e-01
9.735725974329574317e-01
5.000000000000000000e-01
7.292805378989435372e-01
6.336787968518662328e-01
5.341084926139083588e-01
6.798321292204250188e-01
5.136478498513875612e-01
5.887889481359441790e-01
5.217575224588393290e-01
6.064443232291747421e-01
7.722278500740279439e-01
5.072636395008405241e-01
4.984025559105431102e-01
7.604390466542729765e-01
7.234974563346728837e-01
5.759426033329252403e-01
5.015974440894568342e-01
4.868419587892821032e-01
8.900936202424553079e-01
9.073204127750998937e-01
9.007580901915820393e-01
7.878349344880943850e-01
5.643987042335052440e-01
9.309147176364507281e-01
6.859770012579176068e-01
5.763377898498290852e-01
6.060213066758691758e-01
9.153521612806269081e-01
5.946833498458216072e-01
9.277309614720975484e-01
5.751633623136778173e-01
9.166100789259833403e-01
9.335307410582092125e-01
7.733521835446560688e-01
9.486368848170454449e-01
9.311373579276641665e-01
9.411561710322716712e-01
9.374269461544455506e-01
9.391746724404715918e-01
9.480023599870868178e-01
9.242800369582884201e-01
9.301354766172035271e-01
9.431376696240718616e-01
9.480246240162082394e-01
9.304471730249024297e-01
9.515646046465029428e-01
5.000000000000000000e-01
9.524662978259176294e-01
9.522436575347040799e-01
9.531230866849973449e-01
9.604145562222394794e-01
9.601696519019047305e-01
9.655130188910286959e-01
9.636762364885173016e-01
9.542975142211486128e-01
9.578653248878449267e-01
9.523104496220681225e-01
9.465218020505170582e-01
9.575202324364640027e-01
9.566519353007314486e-01
9.663924480413220719e-01
9.606371965134530289e-01
9.636094444011532589e-01
9.605592724115282754e-01
9.631752958332869818e-01
9.655130188910286959e-01
9.703109171666796096e-01
9.689862074339594677e-01
9.705669535015751803e-01
9.720475114381450510e-01
9.733276931126225717e-01
9.634647282118644629e-01
9.693980919727043233e-01
9.678841379924524313e-01
9.612717213434114338e-01
9.704333693268470951e-01
9.647671739154635162e-01
9.721588315837517147e-01
9.696096002493570509e-01
9.706448776034999337e-01
9.693090358562189701e-01
9.742293862920372582e-01
9.730493927486056904e-01
9.726263761953001241e-01
9.722256236711157573e-01
9.745856107579788929e-01
9.743518384522046327e-01
9.652347185270118146e-01
9.729492046175596265e-01
9.724037359040866857e-01
9.746301388162215140e-01
9.705669535015751803e-01
9.760773007091093634e-01
9.682292304438333552e-01
9.761552248110340058e-01
9.715910988411572413e-01
9.701773329919515243e-01
9.737173136222463388e-01
7.602609344213022702e-01
9.731050528214091333e-01
9.749863632821631487e-01
9.745076866560541395e-01
9.730271287194844909e-01
9.758323963887745034e-01
9.755652280393182219e-01
5.000000000000000000e-01
9.737061816076855170e-01
9.713795905645045137e-01
9.715243067537931987e-01
9.716022308557179521e-01
9.725039240351326386e-01
9.705001614142111377e-01
9.698879006133739322e-01
9.778695550533780256e-01
9.773129543253442630e-01
9.718248711469315015e-01
9.754761719228327577e-01
9.788603043492780653e-01
5.000000000000000000e-01
9.724148679186471744e-01
9.775467266311185233e-01
9.784038917522903667e-01
9.742961783794014119e-01
9.782369115338802601e-01
9.765337133060969510e-01
9.735169373601540999e-01
9.764891852478542189e-01
9.748472131001546526e-01
9.727488283554674986e-01
7.545279469225546487e-01
8.047667286348811899e-01
5.882824414734334484e-01
7.077233917021963361e-01
8.107557524685242711e-01
5.282808829913949733e-01
5.000000000000000000e-01
8.503078002026026594e-01
5.215293161603455907e-01
5.000000000000000000e-01
6.109360911044071640e-01
8.035867350914495111e-01
6.194854782870056198e-01
5.014638599147287490e-01
6.582471529872760962e-01
4.827286794091126820e-01
8.271866059600805343e-01
9.207511883425543164e-01
5.651389832017900128e-01
5.015974440894568342e-01
7.207422827309059032e-01
5.789037192060646486e-01
5.000000000000000000e-01
9.184245972993732021e-01
6.153443688704344217e-01
8.645345148111454048e-01
6.327103115850876147e-01
6.557869777693670077e-01
6.688170008126370636e-01
6.111475993810600027e-01
8.069263394596519756e-01
7.293473299863076909e-01
9.518985650833231560e-01
9.452527523906000262e-01
8.508755329451971328e-01
9.422582404737785966e-01
9.548485489419019645e-01
9.473900991862497234e-01
6.576794202446816229e-01
7.358818225334239349e-01
6.113145795994702203e-01
7.473032694726764458e-01
9.463436898175462408e-01
9.582549453974685827e-01
9.549042090147054074e-01
8.338992107401677067e-01
9.491934855450792075e-01
9.511081920495151332e-01
7.704244637151984598e-01
9.685854549097751010e-01
7.234417962618695519e-01
9.640769890127016684e-01
9.684741347641683262e-01
9.663701840122007614e-01
9.616390778239136683e-01
9.521434694036580160e-01
9.643441573621578389e-01
9.620843584063407672e-01
9.554719417572998807e-01
9.573643842326144959e-01
9.621511504937049208e-01
9.637986886486846760e-01
9.667932005655063277e-01
9.612049292560475022e-01
9.711346862441695427e-01
9.708563858801526614e-01
9.649341541338736228e-01
6.168416248288453030e-01
9.670047088421592774e-01
7.666674088009706178e-01
9.734056172145472141e-01
9.666818804198996640e-01
9.706671416326212443e-01
9.676614977012389929e-01
9.720809074818269613e-01
9.679286660506952744e-01
7.952766862219055044e-01
9.718248711469315015e-01
9.708675178947133722e-01
6.067337556077522231e-01
9.592456946933686224e-01
9.743407064376440330e-01
9.765893733789003939e-01
9.747971190346317316e-01
9.714575146664291561e-01
9.722812837439190892e-01
9.715910988411573523e-01
9.750976834277699234e-01
9.656688670948782027e-01
4.912168405116273950e-01
9.640435929690196470e-01
9.762554129420800697e-01
9.734390132582293464e-01
9.733165610980619720e-01
9.752535316316194303e-01
9.741291981609911943e-01
9.739399539134596662e-01
9.740735380881878624e-01
9.745299506851755611e-01
9.735392013892754104e-01
9.717580790595674589e-01
9.741069341318698838e-01
9.754093798354688261e-01
9.721699635983124255e-01
5.000000000000000000e-01
9.737841057096102704e-01
9.713127984771404710e-01
6.206432078013157660e-01
9.767674856118711002e-01
9.735837294475181425e-01
9.718137391323707908e-01
9.750308913404057698e-01
9.744297625541294972e-01
9.780031392281061109e-01
9.721031715109483828e-01
9.761663568255948276e-01
9.722812837439190892e-01
9.738842938406562233e-01
9.760884327236699631e-01
9.729714686466810480e-01
9.770903140341308246e-01
7.750442497578786671e-01
9.775912546893610333e-01
9.738397657824136022e-01
9.722144916565551576e-01
9.765003172624150407e-01
7.748661375249078498e-01
9.778027629660138720e-01
6.536718950028386210e-01
7.466019525553539982e-01
7.849962707751221291e-01
7.833932606783849950e-01
7.236811345749241120e-01
7.119925192862152086e-01
7.897830370362124430e-01
8.098206632454275633e-01
7.828923200231546753e-01
8.185704266901181470e-01
7.953100822655876367e-01
7.243156594048825170e-01
6.638465563112956325e-01
8.498736516347362713e-01
7.704689917734413029e-01
8.188709910832562278e-01
9.206064721532656314e-01
8.951252908238803707e-01
9.094521935634691800e-01
9.159866861105855351e-01
9.274192650643987568e-01
9.138270752858145274e-01
9.116563324464826978e-01
9.129921741937637725e-01
9.204506239494161246e-01
9.263060636083311206e-01
8.878672173303201465e-01
9.177678084402934866e-01
9.178346005276574182e-01
9.001569614053056556e-01
8.870211842237090138e-01
9.182353530518417850e-01
9.235787200409658615e-01
9.531008226558759233e-01
9.342654540192139034e-01
9.536017633111063541e-01
9.511304560786365547e-01
9.331188565194643569e-01
9.342877180483352140e-01
9.379167547951152706e-01
9.452750164197214477e-01
9.459652013224832956e-01
9.078825795104140672e-01
9.575647604947066238e-01
9.398871213723547502e-01
9.511972481660005974e-01
9.540693079226547635e-01
9.530674266121939020e-01
9.510080039184691802e-01
9.482472643074216778e-01
9.685520588660929686e-01
9.520766773162939733e-01
9.674945174828287753e-01
9.624294508577216911e-01
9.631641638187262711e-01
9.566630673152920483e-01
9.544923244759604408e-01
9.560953345726976860e-01
9.547038327526131685e-01
9.629192594983914111e-01
9.643552893767184386e-01
9.641326490855050002e-01
9.516647927775488958e-01
9.655352829201501175e-01
9.653460386726185893e-01
9.705224254433324482e-01
9.579209849606483695e-01
9.688414912446705607e-01
9.626632231634959513e-01
9.683628146185615515e-01
9.685854549097749899e-01
9.705446894724537588e-01
9.680065901526199168e-01
9.721810956128731362e-01
9.705335574578931590e-01
9.545257205196424621e-01
9.653237746434971678e-01
9.671160289877660521e-01
9.614164375327002299e-01
9.696763923367212046e-01
9.732720330398192399e-01
9.683182865603188194e-01
9.679064020215738529e-01
9.736505215348820741e-01
9.699546927007380859e-01
9.719139272634167437e-01
9.746301388162215140e-01
9.723035477730405107e-01
9.748750431365563740e-01
9.618394540860060182e-01
9.738063697387315809e-01
9.607151206153778933e-01
9.709565740111988363e-01
9.724148679186472854e-01
9.742071222629159477e-01
9.676948937449210142e-01
9.738842938406563343e-01
9.713461945208223813e-01
9.733054290835012612e-01
9.740290100299451304e-01
9.733054290835012612e-01
9.705446894724538698e-01
9.751533435005732553e-01
9.703665772394830524e-01
9.688192272155491391e-01
9.641215170709442894e-01
9.770791820195700028e-01
9.755429640101970223e-01
9.727043002972247665e-01
9.739844819717025093e-01
9.743295744230834332e-01
9.647894379445848267e-01
9.724927920205720389e-01
9.781255913882734854e-01
9.619062461733699498e-01
9.749863632821631487e-01
9.718805312197348334e-01
9.741403301755517941e-01
9.760995647382307849e-01
9.719807193507808973e-01
9.719361912925382763e-01
9.745299506851754501e-01
9.756431521412430863e-01
9.749529672384812384e-01
9.727265643263460770e-01
9.716467589139605732e-01
9.781701194465162175e-01
9.715354387683539095e-01
8.084736894835857779e-01
8.216873907671070620e-01
7.914639712348743306e-01
5.017365942714653304e-01
7.697008827687545907e-01
7.663724104151128369e-01
8.362035377542273995e-01
8.393093698166557148e-01
8.163774198216652289e-01
8.197838162772315140e-01
7.659716578909283591e-01
8.014716523249212354e-01
7.981543119858400814e-01
7.512106065834733837e-01
7.622090369694203282e-01
8.337210985071968894e-01
9.095078536362725119e-01
9.305250971268269611e-01
9.273858690207166244e-01
9.203838318620520820e-01
9.012145027885695159e-01
9.207511883425543164e-01
8.649909274081329924e-01
8.603934053945742066e-01
9.289443510592112485e-01
9.261390833899210140e-01
9.044650510402867383e-01
9.268292682926829729e-01
9.224989146285803576e-01
9.168661152608788001e-01
9.060903251661454050e-01
9.241575847981209346e-01
9.488372610791374617e-01
9.526666740880096462e-01
9.314045262771204481e-01
9.542808161993077132e-01
9.534347830926962475e-01
9.513419643552893934e-01
9.482250002783003673e-01
9.464884060068350369e-01
9.412563591633177351e-01
9.470116106911867782e-01
9.396978771248233331e-01
9.454086005944496440e-01
9.511415880931972655e-01
9.566741993298527591e-01
9.470338747203080887e-01
9.546036446215671045e-01
9.687969631864278286e-01
9.617726619986419756e-01
9.640101969253376257e-01
9.658692433569703306e-01
9.642773652747937962e-01
9.571974040142043894e-01
9.663813160267614721e-01
9.658469793278490201e-01
9.646224577261748312e-01
9.650677383086017080e-01
9.671494250314479624e-01
9.640769890127016684e-01
9.598134274359630957e-01
9.669713127984771450e-01
9.525776179715244041e-01
9.535683672674244438e-01
9.711012902004876324e-01
9.697097883804031149e-01
9.702775211229975882e-01
9.642884972893543960e-01
9.698322405405706004e-01
9.670826329440839197e-01
9.695316761474322975e-01
9.678507419487704100e-01
9.696096002493571619e-01
9.670715009295232090e-01
9.723592078458439536e-01
9.689194153465953141e-01
9.708341218510313508e-01
9.743184424085227224e-01
9.686745110262603431e-01
9.692088477251727952e-01
9.716578909285213950e-01
9.738620298115350238e-01
9.690641315358841101e-01
9.723814718749650421e-01
9.697988444968886901e-01
9.737395776513676493e-01
9.733499571417438823e-01
9.731607128942124652e-01
9.753091917044227621e-01
9.756320201266822645e-01
9.724816600060111060e-01
9.724371319477687070e-01
9.743963665104474758e-01
9.764557892041723086e-01
9.745856107579788929e-01
9.661141476773051906e-01
9.774020104418296162e-01
9.747414589618282887e-01
9.746078747871003145e-01
9.737284456368069385e-01
9.742405183065979690e-01
9.763556010731262447e-01
9.721143035255089826e-01
9.719695873362201866e-01
9.741291981609910833e-01
9.761663568255947165e-01
9.723926038895258639e-01
9.742627823357192796e-01
9.746857988890249569e-01
9.730159967049236691e-01
9.750642873840879021e-01
9.700437488172234390e-01
9.696429962930390722e-01
9.742961783794013009e-01
9.761663568255947165e-01
9.714575146664292671e-01
9.775578586456791230e-01
9.738954258552169341e-01
9.736393895203214743e-01
9.746746668744642461e-01
9.761663568255947165e-01
9.752423996170586085e-01
9.754873039373934684e-01
9.740290100299451304e-01
9.743963665104473648e-01
9.731384488650911546e-01
9.753537197626654942e-01
9.733944851999866144e-01
8.171232647972304086e-01
8.227560641649318551e-01
7.924324565016531707e-01
8.248488829023388202e-01
7.634780866293373602e-01
8.482372454943172269e-01
8.062250225423295280e-01
8.081508610613262755e-01
8.024512696062606754e-01
7.722389820885885436e-01
8.532689160757421787e-01
8.224666317863542631e-01
8.055904977123710120e-01
7.199630417116587022e-01
8.178691097727955883e-01
8.111565049927084159e-01
9.279313377341897873e-01
9.294564237290023900e-01
9.218198617403792205e-01
9.328962162282508075e-01
9.228328750654005708e-01
6.868341663790896723e-01
9.253153143124310809e-01
9.151851810622168015e-01
9.270964366421390324e-01
9.154857454553551044e-01
9.175006400908373161e-01
9.126136856987009383e-01
9.408778706682547899e-01
9.217642016675757777e-01
9.255268225890839195e-01
9.246139973951086333e-01
9.561064665872581747e-01
9.558170342086809157e-01
9.274081330498380460e-01
9.537019514421525290e-01
9.593904108826574184e-01
9.558059021941199829e-01
9.460653894535293595e-01
9.585666418051675963e-01
9.546259086506885261e-01
9.494383898654139564e-01
9.503289510302679322e-01
9.384510914940277226e-01
9.567187273880953802e-01
9.374937382418095932e-01
9.555832619029065444e-01
9.573755162471753177e-01
9.640101969253375147e-01
9.670047088421591663e-01
9.657133951531209348e-01
9.660362235753805482e-01
9.704778973850896051e-01
9.686745110262604541e-01
9.677839498614064784e-01
9.651901904687690825e-01
9.648228339882668481e-01
9.670826329440838087e-01
9.643218933330364173e-01
9.726486402244213236e-01
9.682403624583940660e-01
9.685075308078502365e-01
9.651122663668443291e-01
9.707228017054246871e-01
9.746190068016609143e-01
9.710790261713662108e-01
9.678062138905277889e-01
9.676392336721175713e-01
9.734501452727899462e-01
9.727933564137101197e-01
9.732831650543799507e-01
9.733610891563047041e-01
9.709231779675167040e-01
9.727154323117854773e-01
9.697543164386459580e-01
9.702441250793155669e-01
9.652903785998151465e-01
9.700882768754661711e-01
9.701216729191481924e-01
9.743741024813259433e-01
9.744520265832508077e-01
9.718360031614921013e-01
9.742739143502799903e-01
9.732831650543799507e-01
9.736839175785642064e-01
9.745188186706147393e-01
9.724593959768899065e-01
9.735392013892754104e-01
9.678507419487704100e-01
9.754205118500294258e-01
9.661698077501085224e-01
9.739510859280203769e-01
9.707561977491065974e-01
9.712014783315336963e-01
9.692756398125368378e-01
9.729826006612416478e-01
9.762554129420801807e-01
9.766672974808250363e-01
9.756542841558036860e-01
9.770457859758880925e-01
9.696875243512818043e-01
9.762999410003229128e-01
9.742182542774765475e-01
9.743073103939620117e-01
9.757322082577284394e-01
9.722924157584797999e-01
9.765114492769756405e-01
9.752535316316194303e-01
9.752869276753013406e-01
9.732052409524551972e-01
9.753871158063475155e-01
9.759659805635025887e-01
9.745188186706148503e-01
9.745299506851754501e-01
9.771237100778128459e-01
9.746190068016609143e-01
9.777804989368925614e-01
9.757656043014103497e-01
9.733165610980618609e-01
9.752090035733766982e-01
9.745410826997361609e-01
9.768120136701138323e-01
9.765782413643395721e-01
9.754427758791508474e-01
9.772461622379802204e-01
9.760105086217452097e-01
9.740178780153844196e-01
9.751644755151339661e-01
7.246718838708241517e-01
6.778840266723069607e-01
7.433959323618796189e-01
7.563090692522626002e-01
7.694671104629805525e-01
7.897496409925304217e-01
7.494406162683260320e-01
6.750898910175775480e-01
6.771938417695451129e-01
6.095668533134441791e-01
7.055136868119022964e-01
6.759247921096280809e-01
6.698355801449388247e-01
7.485277910743508567e-01
7.431844240852266692e-01
6.979884449688860126e-01
8.859525108258842208e-01
8.714697598824459046e-01
8.604935935256203816e-01
8.638999899811868888e-01
8.815442330598568521e-01
8.560185236722289703e-01
8.767129387405239171e-01
9.022386481281516879e-01
8.337322305217576002e-01
9.026282686377754549e-01
8.867317518451314218e-01
8.604045374091349174e-01
9.021718560407876453e-01
8.726052253676347403e-01
9.024390243902439268e-01
8.479589451303003456e-01
9.392637285569569450e-01
9.242355089000456880e-01
9.306364172724337358e-01
9.134597188053121819e-01
9.132816065723413645e-01
9.249256938028074249e-01
9.220870300898353911e-01
9.414010753526066422e-01
9.096525698255613079e-01
9.343990381939419887e-01
9.089957809664814814e-01
9.273858690207168465e-01
9.148623526399571881e-01
9.203615678329307714e-01
9.252485222250670382e-01
9.044539190257260275e-01
9.547038327526132795e-01
9.514310204717746355e-01
9.462101056428181556e-01
9.169329073482428427e-01
9.485366966859992699e-01
9.457202970021485466e-01
9.542474201556254698e-01
9.589228662711090090e-01
9.495608420255814419e-01
9.452416203760394264e-01
9.406886264207232617e-01
9.550266611748727819e-01
9.532566708597255412e-01
9.391858044550323026e-01
9.478687758123587326e-01
9.538911956896840572e-01
9.564738230677606312e-01
9.608375727755451567e-01
9.537798755440771714e-01
9.520766773162938623e-01
9.563291068784718352e-01
9.533902550344535154e-01
9.439169106433190626e-01
9.551602453496008671e-01
9.595573911010675250e-01
9.527000701316916675e-01
9.584330576304394000e-01
9.545145885050817514e-01
9.555053378009819021e-01
9.438835145996371523e-01
9.601362558582227091e-01
9.580323051062551443e-01
9.543587403012323556e-01
9.522659215638253905e-01
9.499949905934477190e-01
9.639879328962163152e-01
9.499170664915229656e-01
9.585555097906067745e-01
9.445625674878382894e-01
9.499727265643262974e-01
9.565072191114425415e-01
9.655018868764680962e-01
9.541027039663367848e-01
9.604924803241643438e-01
9.653349066580578786e-01
9.597355033340383423e-01
9.459540693079226958e-01
9.646113257116140094e-01
9.574757043782213817e-01
9.439391746724404841e-01
9.528447863209805746e-01
9.525887499860850038e-01
9.564849550823213420e-01
9.587224900090169921e-01
9.550043971457514713e-01
9.591900346205652905e-01
9.606817245716957610e-01
9.533457269762108943e-01
9.481582081909362136e-01
9.566741993298527591e-01
9.450746401576293199e-01
9.596909752757956102e-01
9.560730705435762644e-01
9.629971836003160535e-01
9.549042090147054074e-01
9.532566708597254301e-01
9.538244036023200145e-01
9.587224900090169921e-01
9.548262849127807650e-01
9.573421202034932964e-01
9.600249357126159344e-01
9.546593046943705474e-01
9.567521234317774015e-01
9.555832619029065444e-01
9.601362558582227091e-01
9.512751722679252397e-01
9.574645723636606709e-01
9.557725061504380726e-01
9.633200120225757779e-01
9.606149324843317183e-01
7.715710612149482284e-01
7.669178791285859997e-01
6.806225022542329306e-01
7.318742972915807110e-01
7.901837895603968098e-01
6.814907993899657068e-01
7.883692711870066150e-01
6.665627678641002918e-01
8.058020059890239617e-01
6.828266411372465594e-01
7.862096603622357183e-01
7.876456902405628568e-01
7.187941801827877342e-01
6.624773185203327586e-01
7.143859024167602545e-01
7.604390466542730875e-01
8.838485600739166559e-01
9.025614765504113013e-01
9.104986029321725516e-01
9.002237534926695872e-01
8.677739310483019164e-01
8.994556444879829860e-01
8.747871002215270586e-01
9.121350090725919291e-01
8.856296824036246074e-01
8.991773441239661047e-01
9.118789727376963583e-01
9.047544834188642193e-01
8.998786610412887743e-01
8.532577840611814679e-01
9.100421903351848529e-01
7.778495174271689017e-01
9.304471730249023187e-01
8.993554563569370330e-01
9.446961516625663746e-01
9.318052788013047039e-01
9.232002315459029163e-01
9.365029889459095536e-01
9.431933296968751934e-01
9.430486135075865084e-01
9.348665828054902871e-01
9.397646692121873757e-01
9.416793757166234125e-01
9.397312731685053544e-01
9.361133684362858975e-01
9.374937382418094822e-01
9.445180394295955573e-01
9.189032739254823223e-01
9.409446627556189435e-01
9.451748282886753838e-01
9.509746078747871589e-01
9.506963075107701666e-01
9.397758012267479755e-01
9.485144326568778483e-01
9.501731028264184253e-01
9.518651690396411347e-01
9.571194799122797470e-01
9.484699045986352273e-01
9.517093208357916279e-01
9.398871213723547502e-01
9.481804722200576352e-01
9.517538488940343600e-01
9.456089768565416609e-01
9.572085360287651001e-01
9.632198238915297139e-01
9.561509946455009068e-01
9.520432812726119520e-01
9.574757043782213817e-01
9.563068428493504136e-01
9.600360677271766452e-01
9.566964633589740696e-01
9.556834500339527194e-01
9.626966192071779727e-01
9.622847346684328951e-01
9.534459151072569583e-01
9.470450067348687995e-01
9.568745755919447760e-01
9.578653248878450377e-01
9.572641961015684320e-01
9.455533167837384401e-01
9.604479522659215007e-01
9.631085037459228282e-01
9.590007903730337624e-01
9.651567944250870612e-01
9.630083156148767642e-01
9.610713450813193059e-01
9.626854871926172619e-01
9.605481403969675647e-01
9.594460709554608613e-01
9.594572029700214610e-01
9.650009462212376654e-01
9.621066224354621887e-01
9.525108258841602504e-01
9.592122986496866011e-01
9.528113902772985533e-01
9.609711569502733530e-01
9.527112021462524893e-01
9.594572029700214610e-01
9.631641638187262711e-01
9.607373846444990928e-01
9.564849550823212310e-01
9.674611214391468650e-01
9.627745433091026150e-01
9.504291391613141071e-01
9.589451303002304305e-01
9.472899110552036595e-01
9.589339982856698308e-01
9.585332457614854640e-01
9.590341864167157837e-01
9.611492691832441704e-01
9.538355356168805033e-01
9.558392982378020042e-01
9.639322728234128723e-01
9.450078480702651662e-01
9.619396422170520822e-01
9.607373846444990928e-01
9.602698400329507944e-01
9.645556656388106775e-01
9.701884650065122351e-01
9.649341541338736228e-01
9.564404270240786099e-01
9.623403947412363379e-01
9.625073749596464445e-01
9.581213612227403864e-01
9.623403947412363379e-01
9.550266611748727819e-01
9.598134274359630957e-01
9.602364439892687731e-01
8.085850096291927747e-01
7.737752000979617462e-01
7.738753882290078101e-01
6.505326668967283954e-01
7.031091716667966507e-01
7.603945185960303554e-01
8.121027262303658345e-01
7.742650087386313551e-01
7.301599670492369132e-01
8.342776992352305410e-01
7.857421157506874199e-01
6.661174872816733039e-01
7.861762643185536970e-01
6.872349189032740391e-01
8.188709910832563388e-01
7.852634391245782997e-01
9.101757745099130492e-01
9.087508766461467324e-01
8.717369282319020751e-01
9.056895726419610382e-01
8.901938083735014828e-01
9.146285803341831500e-01
9.046988233460608875e-01
8.947690663579388470e-01
8.998118689539246207e-01
9.103761507720050661e-01
8.948135944161814681e-01
8.878115572575169256e-01
9.049659916955172800e-01
8.506862886976656046e-01
9.111665238058130889e-01
8.864089234228719194e-01
9.404437221003885128e-01
9.416237156438200806e-01
9.452972804488427583e-01
9.440950228762898799e-01
9.417795638476694764e-01
9.386625997706804503e-01
9.407442864935265936e-01
9.450969041867506304e-01
9.255045585599627200e-01
9.512974362970465503e-01
9.224543865703376255e-01
9.308479255490865745e-01
9.338535694804688259e-01
9.442286070510179652e-01
9.395420289209738263e-01
9.372822299651567546e-01
9.563068428493504136e-01
9.576426845966313772e-01
9.608487047901058675e-01
9.416237156438199696e-01
9.547706248399774331e-01
9.585889058342887958e-01
9.599136155670091597e-01
9.507630995981343203e-01
9.491378254722756536e-01
9.561509946455010178e-01
9.519653571706871986e-01
9.572308000578864107e-01
9.619062461733699498e-01
9.542919482138682019e-01
9.519542251561265989e-01
9.535906312965457543e-01
9.557836381649986723e-01
9.615500217074284262e-01
9.627856753236633258e-01
9.585889058342887958e-01
9.571417439414011685e-01
9.584775856886820211e-01
9.568077835045808444e-01
9.583106054702720256e-01
9.572864601306899646e-01
9.601139918291012876e-01
9.578653248878449267e-01
9.570192917812335720e-01
9.569079716356267973e-01
9.601807839164654412e-01
9.620064343044161248e-01
9.599136155670091597e-01
9.650232102503590870e-01
9.654462268036646533e-01
9.587002259798956816e-01
9.601251238436618873e-01
9.626632231634959513e-01
9.607151206153777823e-01
9.566741993298527591e-01
9.579321169752089693e-01
9.578875889169663482e-01
9.620732263917801674e-01
9.639990649107770260e-01
9.631196357604836500e-01
9.582772094265898932e-01
9.609043648629091994e-01
9.629749195711948540e-01
9.530785586267547238e-01
9.626966192071778616e-01
9.608709688192271781e-01
9.620843584063407672e-01
9.615500217074284262e-01
9.582215493537864504e-01
9.631752958332868708e-01
9.617281339403992435e-01
9.671048969732052303e-01
9.604479522659216117e-01
9.602698400329506834e-01
9.620175663189768356e-01
9.599692756398126026e-01
9.636873685030780123e-01
9.639100087942914508e-01
9.641326490855048892e-01
9.638654807360488297e-01
9.611270051541227488e-01
9.568077835045808444e-01
9.608264407609845570e-01
9.644888735514465239e-01
9.602587080183900836e-01
9.632754839643330458e-01
9.619173781879306606e-01
9.651011343522837294e-01
9.604034242076788797e-01
9.647894379445849378e-01
9.634090681390611310e-01
9.612160612706081020e-01
9.629526555420734324e-01
9.629637875566340321e-01
9.620954904209014780e-01
9.653349066580579896e-01
5.000000000000000000e-01
7.124489318832027962e-01
6.669523883737240588e-01
6.739989535906313334e-01
7.087753670781800075e-01
6.678652135676993451e-01
7.325756142089033807e-01
6.618205296612527100e-01
6.887043448252829769e-01
7.188164442119090447e-01
4.995547194175730676e-01
6.963965668867094783e-01
6.528369939107880882e-01
5.811412541327604098e-01
5.731095056272333954e-01
5.394407275884716135e-01
7.736861439814762820e-01
6.759637541605904021e-01
7.155992920038739546e-01
8.188932551123776493e-01
7.882134229831573302e-01
7.150983513486436349e-01
7.227850074027897254e-01
7.758234907771258682e-01
5.622724894524162575e-01
6.157339893800580777e-01
8.617960392292193239e-01
6.466420278077723571e-01
7.871224855562111156e-01
7.363716311740936549e-01
8.896928677182709411e-01
8.206521134129642903e-01
9.033184535405373028e-01
8.787946254633701715e-01
9.421580523427323106e-01
8.373612672685377678e-01
9.122240651890772822e-01
6.362781222517839286e-01
9.311707539713460768e-01
8.340216629003350812e-01
8.301922498914630077e-01
8.839821442486447411e-01
7.314067526800325236e-01
7.783226280459973889e-01
8.627088644231947212e-01
7.776380091505160630e-01
9.305584931705089824e-01
9.324064075875810875e-01
9.491600895013970751e-01
9.138048112566932168e-01
9.427146530707662953e-01
9.560062784562122218e-01
6.508944573699503300e-01
9.448742638955371920e-01
8.477919649118901280e-01
9.661809397646692332e-01
7.419932985272343906e-01
4.998608498179916149e-01
8.708018390088053673e-01
9.483029243802251207e-01
9.498057463459161909e-01
7.492012779552714719e-01
9.471340628513542637e-01
9.020160078369381385e-01
9.571862719996437896e-01
9.607930447173025357e-01
9.599136155670091597e-01
9.566853313444134699e-01
9.624517148868431127e-01
9.491211274504346429e-01
9.556611860048311868e-01
9.649341541338735118e-01
9.366143090915163283e-01
7.964733777871780829e-01
9.567743874608988230e-01
9.557947701795594941e-01
9.623737907849182482e-01
7.553517160000444708e-01
9.629526555420735434e-01
9.670937649586445195e-01
9.746969309035856677e-01
9.721476995691910039e-01
9.720363794235843402e-01
9.738508977969743130e-01
9.723369438167226431e-01
7.534481415101690338e-01
9.733388251271832825e-01
9.680065901526199168e-01
9.654684908327859638e-01
9.675056494973894861e-01
9.702107290356336566e-01
9.698099765114494009e-01
9.659916955171377051e-01
9.729380726029989157e-01
9.617170019258385327e-01
9.721699635983124255e-01
9.748861751511170848e-01
7.703465396132738174e-01
9.738731618260957346e-01
9.691977157106120844e-01
9.703999732831650737e-01
9.675501775556322182e-01
9.752201355879372979e-01
9.757099442286070179e-01
9.756431521412429753e-01
9.685854549097749899e-01
9.635649163429106379e-01
9.601807839164653302e-01
9.640435929690196470e-01
9.766339014371431260e-01
9.539468557624872780e-01
9.694426200309470554e-01
9.654350947891039425e-01
9.764557892041723086e-01
9.741959902483552369e-01
9.743963665104473648e-01
6.338680410993977610e-01
9.773240863399049738e-01
9.678841379924525423e-01
9.711903463169729855e-01
9.780365352717881322e-01
9.661252796918659014e-01
7.399672718771915791e-01
9.671048969732051193e-01
9.734835413164719675e-01
7.650643987042334837e-01
9.781923834756375280e-01
9.703443132103615199e-01
7.049125580256259127e-01
5.623671115761819106e-01
5.357448987543276253e-01
6.539446293595752024e-01
5.278356024089679854e-01
6.022753837762019335e-01
5.051318587124712378e-01
6.748672507263639986e-01
6.918547049459540244e-01
5.478620966036223949e-01
6.908750876646146954e-01
5.000000000000000000e-01
6.664013536529705961e-01
6.894947178590911108e-01
5.572797809219535159e-01
5.000000000000000000e-01
6.882312342064543786e-01
6.412986608186483917e-01
6.641693847335552459e-01
7.346127728735070139e-01
5.293495563892197664e-01
7.770368803642395683e-01
5.484854894190202002e-01
8.032583406619095978e-01
5.844808585009628743e-01
5.674934042813727375e-01
8.024290055771392538e-01
6.458961828322071774e-01
8.642450824325678127e-01
8.225334238737183057e-01
6.510558715810800257e-01
6.943315781857042346e-01
9.265287038995447810e-01
7.486725072636395417e-01
7.509545702485778129e-01
7.494740123120081643e-01
5.050706326323874951e-01
8.484153577272879332e-01
5.640981398403669411e-01
7.401787801538444178e-01
7.276886598167670028e-01
7.414923578720040709e-01
9.190813861584530287e-01
7.355478620966036107e-01
7.271932851688170940e-01
9.269405884382896366e-01
7.735191637630660644e-01
7.280059222317463163e-01
9.163763066202090801e-01
5.995536062161169744e-01
7.779608375727755654e-01
5.057329874987476215e-01
9.440504948180472589e-01
7.599492380136032565e-01
9.521434694036579049e-01
9.504959312486780387e-01
7.577450991305896277e-01
7.654707172356981504e-01
9.486034887733634235e-01
7.658380737162003848e-01
4.361578964945285741e-01
7.535260656120938982e-01
7.857365497434070090e-01
7.452327147643909022e-01
9.597911634068417852e-01
9.651679264396478830e-01
9.721254355400696934e-01
9.646335897407353199e-01
9.704667653705291164e-01
9.551157172913581350e-01
5.000000000000000000e-01
9.630751077022408069e-01
5.000000000000000000e-01
9.407776825372087259e-01
9.680511182108626489e-01
9.649118901047522012e-01
9.652458505415726364e-01
7.644577039106768002e-01
9.686411149825784328e-01
5.709665928243033983e-01
9.457091649875877248e-01
7.005543743251216871e-01
7.473366655163585781e-01
9.656466030657568922e-01
7.552069998107558968e-01
6.075686566998029781e-01
5.074027896828489093e-01
9.687190390845030752e-01
9.587892820963809237e-01
5.000000000000000000e-01
9.623960548140396698e-01
6.452004319221650297e-01
9.731718449087731759e-01
9.631752958332869818e-01
9.690641315358841101e-01
9.687246050917834861e-01
9.623069986975543166e-01
9.735503334038361212e-01
9.747971190346317316e-01
9.682960225311973979e-01
7.686878694437332404e-01
9.735392013892754104e-01
6.038171677928554359e-01
4.982578397212543697e-01
9.708786499092740829e-01
7.708697442976255587e-01
9.726375082098607239e-01
7.702018234239851324e-01
7.490509957587024870e-01
7.332101390388618967e-01
9.689973394485200675e-01
9.662365998374725651e-01
8.993331923278156115e-01
9.757099442286070179e-01
9.709009139383953935e-01
9.733944851999867254e-01
9.725818481370573920e-01
5.620331511393616974e-01
9.778472910242568261e-01
5.000000000000000000e-01
7.346573009317496350e-01
7.596152775767830434e-01
9.761997528692767379e-01
9.744408945686902079e-01
9.194487426389553741e-01
9.575647604947067348e-01
9.727376963409067878e-01
9.731384488650911546e-01
5.000000000000000000e-01
6.181830325834066775e-01
4.997105676214224079e-01
5.560107312620365949e-01
4.985584041143926171e-01
7.177811668577662729e-01
6.745666863332256957e-01
5.616769266734200627e-01
7.151985394796896989e-01
6.530596342020016376e-01
6.372466075185626577e-01
6.923055515356614231e-01
6.670470104974897119e-01
6.973372221170865970e-01
8.117465017644243108e-01
5.230265721187562500e-01
5.763823179080718173e-01
5.031948881789136685e-01
6.855317206754906190e-01
8.739521991294765257e-01
5.079872204472842823e-01
7.439803631263151029e-01
7.217330320268058319e-01
6.806948603488772731e-01
6.958288341441150049e-01
5.624728657145082744e-01
8.137725284144672333e-01
7.367501196691564891e-01
5.764880720463982922e-01
5.612873061637965177e-01
7.333938172791130139e-01
7.913081230310248237e-01
7.469470450067348111e-01
7.382084135766049382e-01
6.685164364194987607e-01
5.047144081664457493e-01
4.982578397212543697e-01
5.448341886431187220e-01
7.555075642038939776e-01
5.678607607618750830e-01
9.019826117932563392e-01
7.589696207322638166e-01
4.841201812291970330e-01
6.812904231278733569e-01
7.266645144771849418e-01
5.824436998363593521e-01
5.000000000000000000e-01
7.615856441540225230e-01
5.344647170798498825e-01
7.001257917645355988e-01
7.446315859781145186e-01
9.563291068784718352e-01
9.494829179236565775e-01
9.546815687234918579e-01
7.740980285202213595e-01
9.497500862731128590e-01
8.066035110373924732e-01
7.725172824526054249e-01
7.615411160957797909e-01
5.017421602787456303e-01
6.740434816488740655e-01
7.690329618951141644e-01
5.300954013647849461e-01
7.572998185481625288e-01
4.568022174973004335e-01
7.603388585232269126e-01
9.646892498135387628e-01
7.652146809008024686e-01
9.660807516336230583e-01
6.442653426990682108e-01
5.276407921541561574e-01
5.657456779953468073e-01
9.699101646424952428e-01
7.505204216807115358e-01
7.673186316527701445e-01
5.000000000000000000e-01
5.000000000000000000e-01
9.644554775077645026e-01
6.029655686789638924e-01
9.688414912446704497e-01
9.702552570938762777e-01
9.730939208068484225e-01
9.758657924324565247e-01
9.691309236232481528e-01
9.715577027974752200e-01
7.486446772272378203e-01
9.722534537075174788e-01
7.609511193240641180e-01
9.704111052977257845e-01
9.664815041578074251e-01
9.752535316316193192e-01
9.696763923367212046e-01
5.000000000000000000e-01
9.694426200309469444e-01
7.457670514633032433e-01
7.578675512907571132e-01
9.730605247631662902e-01
9.683628146185614405e-01
9.721810956128730252e-01
9.715354387683539095e-01
7.684540971379589802e-01
7.621088488383742643e-01
9.713907225790651134e-01
9.709343099820775258e-01
9.700660128463448606e-01
7.434404604201222400e-01
9.702663891084369885e-01
5.000000000000000000e-01
9.734056172145473251e-01
9.646335897407354310e-01
7.652926050027273330e-01
9.758657924324565247e-01
9.696207322639178727e-01
5.189132927385868843e-01
7.816566664069196646e-01
7.741202925493426701e-01
9.737507096659282491e-01
9.634202001536218418e-01
9.743073103939621227e-01
9.762331489129587592e-01
5.000000000000000000e-01
7.725117164453251251e-01
7.351526755796997659e-01
7.511215504669881415e-01
9.722144916565550465e-01
5.000000000000000000e-01
7.766472598546159123e-01
9.766116374080217044e-01
7.065267001369237576e-01
7.606060268726831941e-01
7.887143636383876499e-01
7.984548763789782733e-01
8.029076822032482630e-01
8.012824080773898183e-01
7.278667720497379312e-01
7.898275650944550641e-01
7.321525976555977033e-01
7.472030813416303818e-01
7.381416214892408956e-01
6.536273669445960000e-01
7.427725395464818137e-01
5.640424797675634982e-01
6.564548986430074340e-01
7.653816611192126862e-01
8.890138148300696930e-01
9.215081653326803179e-01
8.791285859001902736e-01
8.864757155102358510e-01
7.150204272467188815e-01
7.618973405617214256e-01
8.206075853547216692e-01
8.962162282508265854e-01
8.413687925103805476e-01
9.098084180294108148e-01
8.748984203671338333e-01
9.115338802863154344e-01
7.872004096581358690e-01
9.235341919827232404e-01
9.265175718849839592e-01
8.826463025013637775e-01
9.573198561743718749e-01
9.415346595273346164e-01
9.388073159599692463e-01
8.465563112956552283e-01
8.882345738108224920e-01
9.520989413454151729e-01
9.374937382418095932e-01
9.378722267368725385e-01
9.559951464416516220e-01
9.270073805256537902e-01
7.470694971669022966e-01
9.394195767608063408e-01
9.515757366610635426e-01
9.493048056906858712e-01
9.393305206443210986e-01
9.407220224644053941e-01
9.572141020360454000e-01
9.437944584831516881e-01
9.572975921452505643e-01
9.647003818280994736e-01
9.548819449855840968e-01
9.681513063419087128e-01
9.643998174349612817e-01
9.592122986496866011e-01
9.551602453496009781e-01
9.641771771437477323e-01
9.409335307410582327e-01
9.511749841368792868e-01
9.642996293039151068e-01
9.677282897886030355e-01
9.643441573621578389e-01
9.623960548140395588e-01
9.705335574578931590e-01
9.691754516814907738e-01
9.719695873362201866e-01
9.645890616824926989e-01
9.705780855161358911e-01
9.742182542774765475e-01
9.723258118021618213e-01
9.692088477251727952e-01
9.751978715588159874e-01
9.591566385768832692e-01
9.677171577740423247e-01
9.663924480413219609e-01
9.654907548619073854e-01
9.701773329919515243e-01
9.753425877481047834e-01
9.724148679186472854e-01
9.632643519497723350e-01
9.704667653705291164e-01
9.692311117542942167e-01
9.763444690585655339e-01
9.707228017054245761e-01
9.748973071656777956e-01
9.508076276563769413e-01
9.753091917044227621e-01
9.766005053934609936e-01
9.731495808796517544e-01
9.718137391323707908e-01
9.726375082098608349e-01
9.719918513653416081e-01
9.711235542296089429e-01
9.746857988890249569e-01
9.721365675546304042e-01
9.743963665104473648e-01
9.652235865124511038e-01
9.736171254912001638e-01
9.749418352239205277e-01
9.746746668744641351e-01
9.762665449566407805e-01
9.766450334517037257e-01
9.726263761953000131e-01
9.708341218510314619e-01
9.743518384522047437e-01
9.751199474568912340e-01
9.719695873362202976e-01
9.750086273112845703e-01
9.747637229909497103e-01
9.744965546414934288e-01
9.734946733310327893e-01
9.755540960247576221e-01
9.769567298594026283e-01
9.772572942525409312e-01
9.719807193507808973e-01
9.753314557335441837e-01
9.747191949327069782e-01
9.750754193986486129e-01
9.707673297636671972e-01
9.748305150783137529e-01
9.771125780632521352e-01
9.739288218988989554e-01
9.754093798354688261e-01
9.753648517772262050e-01
9.752869276753013406e-01
9.761997528692767379e-01
9.749974952967238595e-01
8.140341307566429929e-01
6.751566831049414796e-01
7.063931159621956724e-01
8.376618316616758486e-01
7.832485444890961990e-01
8.294130088722156957e-01
7.088978192383477150e-01
7.826474157028198153e-01
5.905812024802128413e-01
8.069263394596520866e-01
8.031080584653405019e-01
6.068061137023966767e-01
7.709365363849894903e-01
7.485611871180327670e-01
8.424597299373268733e-01
7.972748828355467055e-01
9.171555476394562811e-01
8.345671316138082441e-01
8.382963564916342536e-01
8.977190502165176555e-01
8.541928732842783978e-01
9.123465173492447677e-01
9.229998552838106773e-01
8.795404704389353512e-01
8.728835257316516216e-01
9.044316549966047170e-01
9.226881588761118858e-01
8.983758390755974821e-01
9.116897284901649412e-01
9.059678730059779195e-01
9.084057841947658085e-01
8.861640191025369484e-01
9.524217697676747862e-01
9.492714096470037388e-01
9.453084124634034691e-01
9.455143547327760079e-01
9.559617503979696007e-01
9.411784350613930927e-01
9.490599013703510112e-01
9.359129921741937697e-01
9.334973450145271912e-01
9.486368848170452228e-01
9.478019837249948010e-01
9.559172223397268686e-01
9.557502421213167620e-01
9.458650131914372317e-01
9.478910398414800431e-01
9.499949905934477190e-01
9.674388574100254434e-01
9.375716623437343467e-01
9.630862397168015177e-01
9.637318965613208555e-01
9.706337455889391119e-01
9.611492691832440594e-01
9.592902227516113545e-01
9.660362235753804372e-01
9.525330899132816720e-01
9.655018868764680962e-01
9.402990059110997167e-01
9.635092562701073060e-01
9.620620943772194567e-01
9.636873685030779013e-01
9.679731941089378955e-01
9.642105731874297536e-01
9.716801549576425945e-01
9.710456301276841895e-01
9.705780855161357801e-01
9.708897819238347937e-01
9.719473233070989870e-01
9.676503656866782821e-01
9.701773329919516353e-01
9.701439369482695030e-01
9.708563858801526614e-01
9.730382607340450907e-01
9.703443132103617419e-01
9.697543164386459580e-01
9.614832296200642725e-01
9.738508977969743130e-01
9.605036123387249436e-01
9.713795905645045137e-01
9.712237423606550069e-01
9.745188186706147393e-01
9.738842938406563343e-01
9.763667330876868444e-01
9.733165610980619720e-01
9.734390132582292354e-01
9.616947378967172222e-01
9.720920394963876721e-01
9.745299506851755611e-01
9.717914751032494802e-01
9.736727855640034957e-01
9.730939208068485335e-01
9.754205118500295368e-01
9.733610891563045930e-01
9.701662009773908135e-01
9.667152764635815743e-01
9.752646636461801410e-01
9.756542841558036860e-01
9.750976834277698124e-01
9.755429640101969113e-01
9.741403301755517941e-01
9.752757956607407408e-01
9.623626587703576485e-01
9.709677060257594361e-01
9.742182542774766585e-01
9.734167492291080359e-01
9.707784617782279080e-01
9.754650399082722689e-01
9.720586434527056507e-01
9.680065901526199168e-01
9.747080629181462674e-01
9.741625942046732156e-01
9.752535316316194303e-01
9.717135510013247268e-01
9.777359708786499404e-01
9.741848582337945262e-01
9.771571061214948672e-01
9.765782413643396831e-01
9.773352183544655736e-01
9.773018223107836633e-01
9.768676737429172752e-01
9.737061816076855170e-01
9.759103204906992568e-01
9.773686143981475949e-01
9.733944851999867254e-01
9.776691787912858977e-01
9.746635348599036464e-01
9.759325845198205673e-01
5.015974440894568342e-01
6.881700081263706359e-01
8.211975821264374531e-01
7.841613696830714852e-01
6.584196992129666137e-01
6.840344647170799597e-01
8.178468457436742778e-01
8.204962652091148945e-01
6.776001603010095575e-01
6.384210350547138146e-01
8.203515490198260984e-01
5.857165121171977740e-01
8.166891162293640205e-01
7.755340583985483871e-01
6.580746067615856898e-01
7.660161859491710912e-01
9.128585900190357982e-01
5.165143436007614275e-01
9.329296122719328288e-01
9.287217107679976991e-01
9.287328427825582988e-01
9.023388362591978629e-01
9.274192650643986457e-01
9.253153143124311919e-01
9.104652068884905303e-01
8.932551123776869550e-01
7.060535895180950483e-01
5.715009295232158504e-01
9.207957164007971596e-01
5.225812915363293731e-01
8.719484365085549138e-01
8.907838051452171557e-01
9.523549776803108546e-01
9.521434694036581270e-01
6.246507330431588789e-01
9.405439102314345767e-01
7.065267001369237576e-01
9.525664859569636933e-01
9.452861484342821585e-01
9.486814128752880659e-01
9.520432812726118410e-01
9.517315848649130494e-01
9.466999142834877645e-01
9.514866805445781894e-01
9.568189155191414441e-01
9.536796874130311075e-01
9.553383575825717955e-01
9.578541928732842159e-01
9.634869922409859955e-01
9.651011343522837294e-01
9.666150883325355103e-01
9.675613095701929289e-01
9.683405505894401299e-01
9.681624383564694236e-01
9.693312998853402807e-01
9.583996615867573787e-01
9.634424641827431524e-01
9.635537843283499271e-01
9.690641315358841101e-01
9.629081274838307003e-01
9.660139595462591267e-01
9.681735703710301344e-01
9.652569825561331252e-01
9.654239627745432317e-01
9.737841057096102704e-01
9.668933886965522806e-01
9.673275372644187797e-01
9.742850463648407011e-01
9.698545045696920219e-01
9.691754516814908849e-01
9.662922599102760080e-01
9.717469470450067481e-01
9.712571384043370282e-01
9.587113579944562813e-01
9.634981242555464842e-01
9.699212966570559535e-01
9.766672974808251473e-01
9.671048969732051193e-01
9.713684585499438029e-01
9.755095679665148900e-01
9.731495808796517544e-01
9.770903140341307136e-01
9.736171254912001638e-01
9.740846701027484622e-01
9.744186305395687864e-01
9.728824125301955839e-01
9.735948614620787422e-01
9.744408945686900969e-01
9.764891852478543299e-01
9.752312676024980087e-01
9.716356268993998624e-01
9.764669212187330194e-01
9.750308913404058808e-01
9.761218287673519844e-01
9.728378844719528518e-01
9.710456301276841895e-01
9.768454097137958536e-01
9.759103204906991458e-01
9.757990003450923711e-01
9.733276931126225717e-01
9.738175017532924027e-01
9.756431521412429753e-01
9.714241186227471347e-01
9.760327726508666313e-01
9.751644755151339661e-01
9.705001614142111377e-01
9.772572942525409312e-01
9.751644755151338551e-01
9.754316438645901366e-01
9.756654161703643968e-01
9.773686143981475949e-01
9.759993766071846100e-01
9.705558214870144695e-01
9.753648517772262050e-01
9.756654161703642858e-01
9.752757956607406298e-01
9.767452215827497897e-01
9.748082510491923314e-01
9.767452215827499007e-01
9.768008816555531215e-01
9.716133628702786629e-01
9.750420233549665916e-01
9.775244626019971017e-01
9.764891852478543299e-01
9.753759837917868047e-01
9.708897819238347937e-01
9.764557892041723086e-01
9.772016341797375993e-01
7.322750498157650778e-01
8.409123799133928490e-01
8.315058276096224388e-01
7.297814785541739679e-01
7.999020382718660116e-01
7.663724104151128369e-01
7.178590909596910263e-01
6.698689761886208460e-01
6.734312208480370820e-01
7.708586122830648479e-01
6.546292482550566394e-01
8.001246785630795610e-01
6.632008994667764057e-01
7.805879930090948715e-01
6.757800759203391738e-01
8.467010274849439133e-01
7.997350580534557940e-01
8.848170453406953850e-01
9.133261346305840966e-01
8.269750976834279177e-01
9.183912012556912918e-01
9.139495274459819019e-01
9.141165076643920084e-01
9.139606594605426126e-01
9.293562355979562151e-01
9.101869065244737600e-01
9.146285803341830389e-01
9.092852133450590735e-01
9.185025214012980666e-01
9.219868419587892161e-01
9.087731406752679320e-01
9.052776881032160716e-01
9.487816010063341299e-01
9.508855517583018058e-01
9.452861484342821585e-01
9.507853636272556308e-01
9.562734468056685033e-01
9.491155614431543430e-01
9.521879974619006370e-01
9.524662978259176294e-01
9.499504625352050979e-01
9.258162549676616226e-01
9.520544132871725518e-01
9.480691520744509715e-01
9.476572675357058939e-01
9.316049025392125760e-01
9.465663301087597903e-01
9.497055582148701269e-01
9.615834177511104475e-01
9.639879328962162042e-01
9.652235865124512149e-01
9.452972804488428693e-01
9.563068428493504136e-01
9.642105731874297536e-01
9.544700604468390193e-01
9.682403624583940660e-01
9.626854871926171509e-01
9.607039886008171825e-01
9.606928565862563607e-01
9.624517148868431127e-01
9.631418997896049605e-01
9.642996293039151068e-01
9.630305796439981858e-01
9.566853313444133589e-01
9.756097560975609539e-01
9.685854549097749899e-01
9.694314880163862336e-01
9.654239627745433427e-01
9.671828210751299837e-01
9.702107290356335456e-01
9.655575469492714280e-01
9.723480758312831318e-01
9.645000055660073457e-01
9.645222695951285452e-01
9.702552570938762777e-01
9.642217052019903534e-01
9.704111052977257845e-01
9.709009139383953935e-01
9.660362235753804372e-01
9.727488283554674986e-01
9.734835413164719675e-01
9.727043002972247665e-01
9.745076866560541395e-01
9.642328372165510642e-01
9.693312998853402807e-01
9.758435284033351031e-01
9.712682704188977389e-01
9.671605570460086732e-01
9.737395776513675383e-01
9.705892175306964909e-01
9.697320524095245364e-01
9.746078747871002035e-01
9.675279135265109076e-01
9.648784940610702909e-01
9.753314557335440727e-01
9.723369438167225320e-01
9.734835413164719675e-01
9.737061816076855170e-01
9.718805312197348334e-01
9.748193830637531532e-01
9.748750431365564850e-01
9.722144916565549355e-01
9.717803430886887694e-01
9.727154323117853663e-01
9.747191949327069782e-01
9.758212643742137926e-01
9.782814395921229922e-01
9.739510859280203769e-01
9.753203237189834729e-01
9.740067460008237088e-01
9.704222373122863843e-01
9.725818481370573920e-01
9.744408945686900969e-01
9.743184424085227224e-01
9.746190068016610253e-01
9.789604924803241293e-01
9.771348420923734457e-01
9.765114492769756405e-01
9.699880887444199962e-01
9.717692110741280587e-01
9.736059934766394530e-01
9.753537197626654942e-01
9.718248711469315015e-01
9.736950495931248062e-01
9.767897496409925218e-01
9.752090035733766982e-01
9.745967427725394927e-01
9.725261880642539492e-01
7.684540971379592023e-01
7.752223619908495955e-01
8.361924057396666887e-01
7.774265008738631133e-01
7.728067148311830170e-01
8.209192817624205718e-01
6.512562478431722646e-01
8.023622134897753222e-01
8.176353374670214391e-01
8.542374013425209078e-01
8.117687657935457324e-01
8.176019414233393068e-01
6.993688147744095973e-01
7.457002593759392006e-01
7.418040542797030845e-01
8.281773552559807960e-01
9.278311496031436123e-01
9.278979416905077660e-01
9.077712593648074035e-01
8.980196146096559584e-01
9.188476138526788795e-01
9.152742371787023767e-01
9.225545747013836895e-01
9.263951197248164737e-01
9.315492424664091331e-01
8.644899867529026727e-01
8.990103639055559981e-01
9.094299295343477585e-01
8.885796662622035269e-01
9.094744575925906016e-01
9.208959045318432235e-01
9.029844931037169786e-01
9.560062784562122218e-01
9.482027362491790567e-01
9.511415880931973765e-01
9.557168460776346297e-01
9.522325255201433691e-01
9.567632554463381123e-01
9.563291068784718352e-01
9.507185715398915882e-01
9.477129276085092258e-01
9.485366966859992699e-01
9.536685553984703967e-01
9.565851432133674059e-01
9.502955549865857998e-01
9.474680232881744768e-01
9.511415880931971545e-01
9.473344391134463915e-01
9.657913192550455772e-01
9.662588638665939866e-01
9.643107613184758176e-01
9.638988767797308510e-01
9.619062461733699498e-01
9.638877447651702512e-01
9.644109494495218815e-01
9.681513063419087128e-01
9.626966192071778616e-01
9.641994411728690428e-01
9.623849227994790700e-01
9.640101969253376257e-01
9.637652926050026547e-01
9.699101646424953538e-01
9.678952700070131421e-01
9.572975921452504533e-01
9.715577027974752200e-01
9.714129866081864240e-01
9.623737907849183593e-01
9.712014783315336963e-01
9.730827887922877117e-01
9.707673297636671972e-01
9.629971836003161645e-01
9.699992207589808180e-01
9.629749195711948540e-01
9.732609010252585291e-01
9.705446894724538698e-01
9.715465707829145092e-01
9.641883091583083321e-01
9.714686466809898668e-01
9.719584553216595868e-01
9.664815041578074251e-01
9.717024189867640160e-01
9.747414589618283998e-01
9.758769244470171245e-01
9.699769567298593964e-01
9.758880564615778352e-01
9.706226135743785122e-01
9.755318319956362005e-01
9.752423996170587195e-01
9.740846701027485732e-01
9.717358150304461484e-01
9.695873362202358514e-01
9.659249034297736625e-01
9.794169050773118279e-01
9.752535316316194303e-01
9.734835413164720785e-01
9.741180661464304835e-01
9.750086273112844593e-01
9.733944851999866144e-01
9.739733499571416875e-01
9.744965546414935398e-01
9.757210762431676176e-01
9.771905021651768886e-01
9.733276931126225717e-01
9.748750431365564850e-01
9.735280693747146996e-01
9.746746668744643571e-01
9.750086273112844593e-01
9.755318319956363116e-01
9.778361590096960043e-01
9.749418352239205277e-01
9.750642873840879021e-01
9.745633467288574714e-01
9.722256236711157573e-01
9.757099442286070179e-01
9.768788057574778749e-01
9.748639111219957742e-01
9.773908784272689054e-01
9.765114492769756405e-01
9.764780532332936192e-01
9.765671093497789723e-01
9.737841057096102704e-01
9.667709365363849061e-01
9.787990782691944336e-01
9.773018223107835523e-01
9.755206999810754898e-01
9.724259999332078852e-01
9.772350302234195096e-01
9.752869276753014516e-01
8.073493560129576530e-01
8.231568166891162219e-01
7.632220502944417895e-01
7.845175941490132310e-01
8.508977969743184433e-01
8.544711736482951681e-01
7.346350369026283245e-01
8.204962652091150055e-01
8.477474368536472848e-01
8.392982378020950041e-01
8.733733343723213416e-01
8.613507586467923360e-01
6.957175139985083412e-01
8.521111865614318104e-01
7.889815319878438205e-01
8.333426100121338331e-01
9.312264140441495197e-01
9.254266344580378556e-01
9.268181362781221511e-01
9.294452917144414572e-01
9.225991027596264216e-01
9.212632610123453469e-01
9.282875622001313110e-01
9.330631964466610251e-01
9.212521289977847472e-01
9.116563324464828089e-01
9.210851487793746406e-01
9.106321871069007479e-01
9.312932061315135623e-01
9.316160345537731757e-01
9.284211463748595072e-01
9.039863744141776181e-01
9.561175986018188855e-01
9.598022954214023850e-01
9.592234306642473118e-01
9.580100410771336117e-01
9.357794079994656844e-01
9.578987209315268370e-01
9.491266934577150538e-01
9.599581436252517808e-01
9.606483285280137396e-01
9.491712215159577859e-01
9.529561064665871273e-01
9.575870245238280454e-01
9.578207968296021946e-01
9.521768654473400373e-01
9.593236187952933758e-01
9.523995057385535867e-01
9.638320846923668084e-01
9.685409268515322578e-01
9.712905344480190495e-01
9.660696196190624585e-01
9.682626264875154876e-01
9.631530318041655603e-01
9.683962106622435728e-01
9.673498012935399792e-01
9.658469793278490201e-01
9.602475760038293728e-01
9.715799668265966416e-01
9.668265966091883490e-01
9.654573588182253641e-01
9.652235865124511038e-01
9.696986563658425151e-01
9.688359252373901498e-01
9.751088154423306342e-01
9.707450657345459977e-01
9.701662009773909245e-01
9.690641315358841101e-01
9.731607128942124652e-01
9.729826006612415368e-01
9.723035477730405107e-01
9.646558537698566305e-01
9.701105409045874817e-01
9.677394218031636353e-01
9.721031715109483828e-01
9.646781177989781630e-01
9.701439369482696140e-01
9.719918513653416081e-01
9.725261880642539492e-01
9.642551012456723747e-01
9.728935445447562946e-01
9.735058053455933891e-01
9.758323963887743924e-01
9.757322082577284394e-01
9.730159967049237801e-01
9.697097883804031149e-01
9.754205118500296479e-01
9.715910988411573523e-01
9.720141153944630297e-01
9.763110730148834016e-01
9.734167492291079249e-01
9.741625942046732156e-01
9.754761719228328687e-01
9.681290423127874023e-01
9.749529672384811274e-01
9.744186305395687864e-01
9.755540960247575111e-01
9.774354064855117485e-01
9.764335251750508871e-01
9.735837294475181425e-01
9.751533435005732553e-01
9.715354387683539095e-01
9.758880564615779463e-01
9.741848582337946372e-01
9.737618416804889598e-01
9.734724093019113678e-01
9.747303269472676890e-01
9.741180661464304835e-01
9.744297625541293861e-01
9.770569179904488033e-01
9.734278812436686357e-01
9.726041121661787026e-01
9.775689906602397228e-01
9.761774888401555383e-01
9.748305150783136419e-01
9.727488283554674986e-01
9.778138949805745828e-01
9.754316438645901366e-01
9.760550366799879418e-01
9.782480435484409709e-01
9.755986240830003542e-01
9.750865514132092127e-01
9.757099442286070179e-01
9.755429640101970223e-01
9.760105086217453207e-01
9.733610891563045930e-01
9.721699635983123144e-01
9.753314557335441837e-01
6.981888212309782515e-01
6.396566886709488253e-01
5.000000000000000000e-01
6.669078603154812157e-01
5.000000000000000000e-01
5.000000000000000000e-01
6.741659338090414400e-01
5.082989168549832959e-01
5.906535605748572948e-01
6.566775389342208724e-01
6.541394396143871415e-01
4.791608687424163682e-01
6.886932128107222661e-01
7.542830426022197887e-01
4.942837105230933337e-01
6.333726664514476301e-01
7.230688737740869065e-01
8.532577840611816899e-01
7.495463704066525068e-01
7.933564137101891678e-01
5.002671683494561705e-01
6.425510124567244130e-01
5.000000000000000000e-01
8.846723291514063670e-01
5.000000000000000000e-01
4.969553940176553719e-01
6.808451425454464800e-01
6.784183633712193018e-01
6.513898320179003498e-01
7.543554006968641312e-01
6.848137057363271607e-01
7.814674221593882475e-01
9.506963075107702776e-01
5.000000000000000000e-01
8.424931259810086726e-01
7.396444434549319658e-01
4.982578397212543697e-01
9.202168516436419754e-01
6.998307933786778179e-01
7.105230933642061597e-01
7.219890683617014027e-01
6.718560407877014473e-01
7.514889069474903760e-01
7.243156594048825170e-01
8.780487804878048808e-01
8.695661853925704676e-01
7.542496465585377674e-01
7.277053578386081245e-01
9.320835791653214741e-01
6.096058153644063893e-01
5.000000000000000000e-01
7.540270062673242180e-01
8.785831171867172218e-01
5.590942992953434887e-01
8.908283332034597768e-01
9.244748472131002481e-01
7.228295354610323464e-01
8.911734256548407007e-01
5.000000000000000000e-01
7.158163662878069822e-01
6.866170920951565337e-01
8.489274303970788527e-01
5.303792677360822383e-01
8.429384065634357714e-01
7.687991895893400152e-01
9.654684908327859638e-01
7.534815375538511661e-01
7.928332090258375375e-01
7.442308334539302628e-01
5.404147788625306426e-01
8.979082944640492947e-01
7.429562177867329309e-01
9.660362235753804372e-01
6.524473734011644321e-01
5.000000000000000000e-01
9.521434694036579049e-01
7.443421535995370375e-01
8.681190234996827293e-01
7.674410838129376300e-01
7.571105743006312228e-01
7.589584887177033279e-01
9.604590842804823225e-01
5.000000000000000000e-01
9.588894702274269877e-01
7.901392615021540777e-01
9.380058109116006237e-01
5.965423962774543121e-01
5.000000000000000000e-01
9.705669535015751803e-01
9.637096325321993229e-01
7.708920083267469803e-01
7.583963219823892654e-01
7.603945185960303554e-01
9.550043971457514713e-01
5.452850352328261208e-01
7.663167503423093940e-01
7.812336498536140983e-01
9.606149324843316073e-01
9.732720330398191289e-01
9.701439369482695030e-01
9.645000055660073457e-01
9.726041121661787026e-01
9.429539913838207443e-01
9.362358205964532720e-01
7.547839832574501084e-01
7.459562957108348824e-01
9.640547249835803578e-01
9.501508387972971148e-01
9.584998497178034427e-01
9.319833910342754102e-01
5.000000000000000000e-01
9.725929801516179918e-01
7.499638209526777732e-01
9.702997851521188988e-01
9.644332134786433031e-01
7.623314891295878137e-01
7.603054624795448913e-01
9.598690875087664276e-01
7.759570749518540644e-01
9.742182542774765475e-01
7.602831984504235807e-01
9.712348743752156066e-01
9.335752691164520556e-01
5.834177511104184921e-01
9.473010430697643702e-01
9.703665772394830524e-01
5.018980084825950261e-01
9.649230221193130230e-01
5.000000000000000000e-01
5.000000000000000000e-01
5.836737874453140629e-01
5.294441785129855305e-01
6.414489430152174876e-01
5.446449443955871939e-01
7.568434059511750522e-01
4.968051118210862760e-01
4.644220814640825923e-01
5.333403836092217576e-01
5.000000000000000000e-01
7.254678229119123634e-01
6.664124856675313069e-01
7.846177822800591839e-01
6.798877892932283507e-01
5.409880776124055268e-01
6.289977847291023938e-01
6.011900123565361298e-01
8.695550533780097568e-01
8.051730471663456346e-01
6.460854270797385945e-01
7.070165087775934776e-01
4.863688481704533939e-01
7.937905622780554449e-01
5.673097260411216203e-01
7.150426912758400810e-01
8.038205073972237713e-01
8.163106277343010753e-01
7.148924090792709851e-01
6.805891062105509093e-01
7.760461310683394176e-01
7.457670514633032433e-01
5.000000000000000000e-01
7.573554786209659717e-01
7.359486146207878665e-01
7.425165032115862429e-01
7.154323117854638481e-01
5.344090570070465507e-01
7.721053979138603474e-01
8.621633957097215584e-01
8.021284411840010620e-01
8.155425187296144740e-01
5.000000000000000000e-01
7.186160679498168058e-01
6.715499103872828446e-01
7.303436452894880304e-01
7.446037559417127971e-01
7.602275383776202489e-01
7.806213890527768928e-01
7.498747648361924201e-01
5.000000000000000000e-01
5.338079282207701670e-01
7.582683038149413690e-01
7.404348164887399886e-01
7.569936881477441482e-01
7.968852623259230494e-01
7.331099509078158327e-01
8.652469637430285632e-01
7.612405517026415991e-01
7.550177555632242576e-01
8.857966626220347139e-01
7.988222328594805077e-01
6.215615990025714632e-01
9.053723102269817247e-01
7.745321770880876366e-01
9.300241564715967524e-01
8.033807928220769723e-01
9.713795905645045137e-01
7.939575424964655515e-01
5.453518273201901634e-01
5.000000000000000000e-01
5.000000000000000000e-01
8.448865091115540515e-01
5.000000000000000000e-01
8.210306019080273465e-01
7.567877458783716094e-01
8.370607028753992429e-01
9.350335630239003937e-01
5.111264485533947299e-01
9.169217753336822430e-01
7.162783448920750917e-01
5.000000000000000000e-01
9.673831973372222226e-01
9.485255646714385591e-01
5.371697966180940531e-01
7.570660462423883796e-01
6.725796217341453165e-01
9.704778973850897161e-01
7.523794681123442407e-01
8.815108370161748308e-01
7.495519364139329177e-01
5.874030123231401834e-01
6.089323284834856631e-01
7.783615900969598211e-01
9.576092885529494669e-01
9.626966192071778616e-01
9.687190390845030752e-01
8.782380247353362979e-01
7.698010708998006546e-01
9.671382930168872516e-01
7.407298148745977695e-01
7.825472275717736403e-01
9.675167815119501968e-01
7.688103216039006149e-01
7.171633400496486566e-01
9.714686466809899779e-01
7.415480179448075138e-01
9.689082833320346033e-01
9.629081274838307003e-01
7.523794681123442407e-01
5.604691030935868845e-01
9.688971513174740036e-01
7.756008504859124297e-01
7.689105097349466789e-01
5.000000000000000000e-01
6.345415279803185982e-01
9.732275049815766188e-01
9.701995970210729459e-01
9.574757043782213817e-01
7.671516514343601489e-01
7.193674789326625074e-01
9.688414912446705607e-01
9.554496777281784592e-01
7.740312364328572059e-01
7.620142267146086112e-01
7.710701205597176866e-01
7.797753559461655382e-01
7.547951152720108192e-01
5.953011766539391125e-01
7.383030357003707023e-01
5.151395398025180317e-01
4.917790072469415130e-01
7.124823279268849285e-01
6.175485077534481615e-01
5.000000000000000000e-01
8.189934432434237133e-01
5.000000000000000000e-01
6.977157106121495422e-01
6.620654339815876810e-01
6.330554040364684276e-01
5.737718604935935218e-01
6.960626064498891541e-01
5.000000000000000000e-01
6.101568500851599630e-01
6.666740880097070665e-01
4.965156794425086839e-01
6.736761251683718310e-01
5.000000000000000000e-01
7.201968140174326294e-01
5.340361345192639053e-01
5.000000000000000000e-01
8.210306019080272355e-01
7.674021217619753088e-01
5.000000000000000000e-01
5.000000000000000000e-01
4.993877391991627945e-01
5.296723848114792688e-01
5.566341240774342891e-01
7.968073382239982960e-01
6.579354565795771936e-01
5.030334739677839728e-01
7.940799946566329259e-01
7.283120526321649191e-01
5.356669746524028719e-01
5.699034854337589051e-01
9.006690340750965751e-01
5.000000000000000000e-01
6.273836426178045489e-01
7.630105420177889508e-01
7.401565161247229963e-01
7.362269149848047478e-01
6.591210161302891724e-01
8.607440638532355415e-01
5.000000000000000000e-01
7.361267268537586839e-01
5.000000000000000000e-01
8.725273012657099869e-01
8.024401375916998536e-01
8.079616168137948584e-01
7.286515790762655431e-01
7.698233349289220762e-01
9.551936413932829995e-01
7.527134285491645649e-01
7.708140842248221158e-01
5.000000000000000000e-01
7.571996304171165759e-01
7.618583785107591044e-01
8.163328917634223858e-01
7.082465963865480774e-01
7.570771782569492014e-01
5.000000000000000000e-01
5.895793211697520908e-01
7.548619073593748618e-01
7.029199274192650115e-01
7.609733833531853175e-01
7.628546938139394440e-01
9.302913248210529229e-01
7.665839186917656756e-01
7.691442820407209391e-01
8.380848482149814149e-01
9.655575469492714280e-01
9.621511504937048098e-01
7.484443009651455814e-01
7.581402856474936947e-01
7.571328383297526443e-01
7.284456368068930043e-01
7.142411862274717915e-01
9.655575469492714280e-01
7.414923578720040709e-01
7.477374180405427229e-01
7.581458516547738835e-01
5.000000000000000000e-01
5.000000000000000000e-01
7.584352840333515866e-01
7.580512295310082305e-01
9.573198561743718749e-01
5.000000000000000000e-01
8.889692867718270719e-01
6.495586156226692554e-01
6.545958522113747291e-01
5.000000000000000000e-01
9.674054613663435331e-01
9.664703721432467143e-01
7.649419465440661092e-01
5.171154723870379222e-01
7.710812525742782864e-01
7.497968407342676667e-01
7.520677717046455601e-01
7.243824514922465596e-01
5.000000000000000000e-01
6.627778829134709504e-01
5.000000000000000000e-01
7.582794358295020798e-01
9.743852344958868761e-01
7.081464082555020134e-01
7.732408633990492941e-01
7.650310026605515734e-01
7.547171911700860658e-01
9.658302813060080094e-01
7.034320000890560420e-01
7.642573276485845613e-01
7.762687713595529670e-01
5.000000000000000000e-01
5.611314579599470109e-01
9.710678941568056111e-01
7.575113268248155896e-01
7.489897696786187442e-01
7.866549409446627061e-01
7.767140519419799549e-01
5.000000000000000000e-01
7.530696530151061996e-01
7.438133829079048853e-01
7.571662343734346656e-01
9.710011020694415684e-01
9.317830147721835043e-01
5.000000000000000000e-01
6.321203148133718308e-01
7.183488996003606353e-01
7.134285491645423471e-01
7.423829190368582687e-01
7.472476093998731139e-01
6.783460052765748483e-01
7.253954648172680209e-01
7.151317473923255452e-01
5.618606049136712910e-01
7.736416159232337719e-01
5.657623760171878180e-01
6.770157295365742955e-01
7.653371330609700651e-01
7.696563547105119696e-01
5.000000000000000000e-01
7.657267535705938322e-01
8.660596008059577855e-01
7.625207333771193419e-01
8.873885407042112483e-01
8.132715877592368026e-01
8.453095256648596179e-01
7.985216684663425379e-01
9.065801338068150139e-01
9.063129654573588434e-01
8.633433892531532372e-01
6.915764045819371431e-01
8.339103427547283065e-01
8.991105520366020620e-01
8.551836225801783264e-01
6.681546459462768262e-01
8.679520432812725117e-01
7.564760494706727068e-01
8.736182386926563126e-01
9.116006723736793660e-01
9.357905400140263952e-01
9.492825416615644496e-01
9.320056550633968317e-01
8.833921474769288462e-01
8.434504792332269130e-01
8.892364551212833534e-01
8.688871325043693306e-01
9.490376373412295896e-01
8.064253988044216559e-01
8.695216573343277355e-01
9.270407765693355895e-01
8.786610412886419752e-01
7.352417316961852300e-01
9.426033329251594095e-01
9.659249034297736625e-01
9.631418997896048495e-01
9.549598690875086282e-01
9.504402711758747069e-01
9.409335307410582327e-01
9.455199207400563077e-01
9.524217697676748973e-01
9.511638521223185760e-01
9.450078480702652772e-01
9.476572675357058939e-01
9.543030802284289127e-01
9.580100410771337227e-01
9.641215170709444005e-01
9.453863365653283335e-01
9.629081274838308113e-01
9.573866482617360285e-01
9.655909429929533383e-01
9.629081274838308113e-01
9.662811278957152972e-01
9.661920717792298330e-01
9.521657334327793265e-01
9.674388574100255545e-01
9.665371642306106459e-01
9.706448776034999337e-01
9.492380136033217175e-01
9.738397657824137132e-01
9.696207322639177617e-01
9.628858634547093898e-01
9.571306119268403467e-01
9.443510592111854507e-01
9.641326490855051112e-01
9.616947378967172222e-01
9.758546604178958139e-01
9.656354710511960704e-01
9.720363794235842292e-01
9.708007258073493295e-01
9.704445013414078058e-01
9.676169696429962608e-01
9.686522469971390326e-01
9.626632231634959513e-01
9.724148679186472854e-01
9.666818804198996640e-01
9.722701517293584894e-01
9.727599603700282094e-01
9.630305796439981858e-01
9.693535639144614802e-01
9.753314557335440727e-01
9.725261880642539492e-01
9.776580467767252980e-01
9.741848582337945262e-01
9.741069341318697727e-01
9.751310794714520558e-01
9.738286337678530025e-01
9.720029833799022079e-01
9.713907225790651134e-01
9.732275049815763968e-01
9.762442809275193589e-01
9.730159967049236691e-01
9.554162816844965489e-01
9.720141153944629187e-01
9.757990003450924821e-01
9.725929801516181028e-01
9.712237423606550069e-01
9.727710923845888091e-01
9.707673297636674192e-01
9.761218287673519844e-01
9.735169373601539888e-01
9.750086273112845703e-01
9.739622179425810877e-01
9.738508977969744240e-01
9.693201678707796809e-01
9.747303269472675780e-01
9.714686466809897558e-01
9.744408945686899859e-01
9.775133305874363909e-01
9.717914751032493692e-01
9.783370996649263240e-01
9.759993766071846100e-01
9.763444690585655339e-01
9.731273168505304438e-01
7.795193196112699674e-01
6.447328873106166203e-01
8.705791987175919289e-01
7.409914172167737512e-01
7.950150838797297448e-01
6.414266789860961770e-01
6.982110852600995621e-01
5.187017844619341567e-01
6.017466130845700034e-01
7.272656432634614365e-01
8.120470661575625027e-01
7.714152130110987216e-01
7.382640736494084921e-01
7.687769255602185936e-01
5.687290578976076372e-01
5.266389108436952959e-01
7.020738943126536569e-01
7.853413632265030531e-01
8.849951575736660914e-01
8.396210662243546174e-01
8.330197815898743308e-01
8.543821175318098149e-01
7.912135009072592817e-01
7.749384956195521923e-01
8.310716790417562727e-01
6.473934387906179477e-01
9.260722913025570824e-01
7.586189622736025928e-01
7.644688359252373999e-01
8.048446527368057213e-01
8.573209693758279126e-01
7.221894446237935306e-01
9.191593102603777821e-01
9.378833587514332493e-01
7.302044951074796453e-01
9.237790963030579894e-01
6.139027729848269832e-01
9.116785964756041194e-01
8.659148846166689895e-01
9.400874976344469891e-01
9.509078157874230053e-01
9.427257850853268950e-01
9.219645779296679056e-01
9.113335040242233065e-01
8.928320958243812777e-01
9.234340038516769544e-01
9.496832941857488164e-01
9.250481459629749104e-01
9.436386102793022923e-01
7.963230955906090980e-01
9.569302356647483299e-01
9.577094766839955309e-01
9.269628524674111691e-01
9.624851109305250230e-01
9.481693402054969244e-01
9.609377609065912207e-01
9.427814451581302269e-01
9.456312408856630825e-01
8.903329585555097569e-01
9.609377609065912207e-01
7.050517082076344089e-01
9.539579877770479888e-01
9.252039941668243062e-01
9.377052465184624319e-01
9.691420556378087525e-01
9.526110140152063144e-01
7.351582415869799547e-01
9.659694314880162835e-01
9.719250592779775655e-01
9.736171254912001638e-01
9.747191949327069782e-01
9.565962752279280057e-01
9.138048112566929948e-01
9.713461945208224924e-01
9.597243713194777426e-01
9.703109171666796096e-01
9.587113579944561703e-01
6.334784205897741050e-01
9.654128307599826320e-01
9.555721298883459447e-01
9.747303269472675780e-01
9.702886531375582990e-01
9.731161848359697331e-01
9.692533757834155272e-01
9.706671416326213553e-01
9.672273491333726048e-01
9.734167492291080359e-01
9.564404270240783879e-01
9.719250592779774545e-01
9.724927920205720389e-01
9.738397657824136022e-01
9.709899700548808577e-01
9.721922276274337360e-01
9.724705279914507283e-01
9.707116696908639764e-01
9.730939208068484225e-01
9.628635994255880792e-01
9.694426200309470554e-01
9.752535316316193192e-01
9.737952377241709812e-01
9.745410826997361609e-01
9.737952377241708701e-01
9.765559773352183726e-01
9.732942970689405504e-01
9.740958021173091730e-01
9.751978715588160984e-01
9.754205118500294258e-01
9.755206999810754898e-01
9.757210762431676176e-01
9.753871158063474045e-01
9.753425877481047834e-01
9.725595841079359705e-01
9.773018223107835523e-01
9.775021985728757912e-01
9.722033596419944468e-01
9.738842938406564453e-01
9.737284456368068275e-01
9.753759837917868047e-01
9.788825683783993759e-01
9.750308913404058808e-01
9.701995970210728348e-01
9.745633467288574714e-01
9.714352506373078455e-01
9.729492046175596265e-01
9.702441250793155669e-01
9.760216406363059205e-01
9.757322082577284394e-01
9.741514621901125048e-01
5.109205062840221911e-01
6.808061804944840478e-01
7.788180026939475198e-01
6.015017087642351434e-01
5.125958744754038898e-01
4.982578397212543697e-01
5.394629916175930351e-01
7.683427769923523165e-01
5.889893243980363069e-01
4.709955360621611575e-01
6.585087553294519669e-01
6.466253297859313465e-01
6.712103839431822205e-01
6.041733922587971817e-01
6.372410415112822468e-01
5.000000000000000000e-01
5.710723469626298732e-01
8.287228239694537368e-01
8.095089668377286607e-01
7.883470071578853045e-01
9.008248822789459709e-01
7.398225556879027831e-01
8.494061070231878618e-01
8.667275216795983228e-01
8.593024679676281030e-01
5.879818770802952566e-01
8.736182386926562016e-01
7.328984426311628830e-01
8.859079827676413776e-01
5.000000000000000000e-01
5.586434527056360899e-01
8.009818436842514044e-01
8.158096870790706445e-01
9.475459473900991192e-01
9.353229954024779857e-01
9.269517204528503473e-01
9.380614709844039556e-01
9.185359174449799768e-01
7.241820752301544317e-01
5.202992285513909909e-01
8.898821119658024692e-01
8.887466464806136335e-01
7.162004207901503383e-01
9.441061548908505907e-01
9.405773062751164870e-01
7.808328973294296205e-01
6.256915764045819506e-01
8.028074940722023101e-01
9.639879328962162042e-01
9.530785586267546128e-01
8.657145083545769726e-01
9.390076922220613742e-01
9.561287306163795963e-01
6.992574946288029336e-01
9.507742316126950310e-01
9.663590519976400506e-01
7.542051185002949243e-01
9.483808484821498741e-01
9.587336220235775919e-01
9.668933886965525026e-01
9.663590519976400506e-01
9.661809397646692332e-01
9.692088477251727952e-01
9.568523115628234654e-01
9.688303592301098499e-01
9.690641315358841101e-01
9.678396099342096992e-01
9.737841057096102704e-01
9.473678351571283018e-01
9.640769890127016684e-01
9.711792143024123858e-01
9.659471674588950840e-01
9.708229898364707511e-01
9.631530318041655603e-01
7.327258964054723656e-01
9.469559506183834463e-01
9.728712805156348731e-01
9.708563858801526614e-01
9.641437811000656000e-01
5.438434393472186823e-01
9.715131747392324879e-01
9.723703398604045534e-01
9.729603366321203373e-01
9.700214847881021285e-01
9.740846701027485732e-01
7.670848593469961063e-01
9.692756398125370598e-01
9.700437488172234390e-01
9.730605247631664012e-01
7.526689004909217218e-01
9.726152441807393023e-01
9.741959902483552369e-01
9.692645077979762380e-01
8.539702329930647373e-01
9.715131747392324879e-01
7.510714564014649985e-01
9.718693992051741226e-01
9.740178780153844196e-01
9.772016341797374883e-01
9.763889971168082660e-01
9.746524028453429356e-01
9.770235219467666710e-01
9.656132070220747599e-01
4.980797274882836079e-01
9.735837294475181425e-01
9.710344981131234787e-01
7.529249368258175146e-01
9.687301710990637860e-01
9.702441250793155669e-01
9.722812837439192002e-01
9.762220168983980484e-01
9.770123899322060712e-01
9.716356268993999734e-01
9.766005053934609936e-01
9.716690229430818837e-01
9.696207322639177617e-01
9.737952377241709812e-01
9.753425877481046724e-01
9.740401420445057301e-01
7.716712493459941813e-01
7.526021084035577902e-01
9.752423996170587195e-01
9.776135187184824549e-01
9.750531553695271914e-01
8.773029355122397011e-01
9.775355946165577015e-01
9.754205118500295368e-01
9.738286337678531135e-01
6.812959891351538788e-01
6.713272700960692951e-01
7.860315481292649009e-01
6.222462178980530112e-01
8.008148634658416309e-01
6.469815542518729812e-01
8.199062684373989995e-01
8.185036346027542153e-01
7.670514633033139740e-01
6.785853435896294084e-01
7.990671371798154787e-01
8.020727811111976191e-01
7.170241898676403824e-01
8.137613963999065225e-01
7.002148478810210630e-01
7.109683739466330366e-01
8.798632988611948536e-01
8.942013336153442626e-01
9.266400240451514447e-01
9.038305262103282223e-01
9.070810744620454447e-01
8.989880998764346876e-01
8.974852779107436174e-01
8.314501675368191069e-01
9.094521935634691800e-01
9.139161314022998805e-01
9.038639222540103546e-01
8.765125624784317893e-01
9.172557357705023451e-01
8.661486569224431387e-01
9.165655508677403862e-01
8.768576549298126022e-01
9.543364762721109340e-01
9.325177277331878622e-01
9.432155937259965039e-01
9.554162816844964379e-01
9.440393628034865481e-01
9.589896583584731626e-01
9.288330309136043628e-01
9.438167225122731097e-01
9.560619385290155536e-01
9.514755485300174787e-01
9.291892553795462195e-01
9.480134920016475286e-01
9.399761774888401034e-01
9.492714096470037388e-01
9.489931092829870796e-01
9.404103260567064915e-01
9.680288541817413384e-01
9.607707806881811141e-01
9.541806280682615382e-01
9.570749518540371259e-01
9.535794992819850435e-01
9.645556656388107886e-01
9.515534726319421210e-01
9.596687112466742997e-01
9.654684908327860748e-01
9.542696841847468914e-01
9.690641315358839991e-01
9.579543810043302798e-01
9.583773975576360682e-01
9.520321492580512412e-01
9.521100733599759947e-01
9.654128307599826320e-01
9.671716890605693839e-01
9.717914751032493692e-01
9.680065901526198058e-01
9.660807516336230583e-01
9.621845465373868311e-01
9.682514944729547768e-01
9.692645077979761270e-01
9.622958666829936059e-01
9.618505861005666180e-01
9.630083156148768753e-01
9.689639434048380462e-01
9.681958344001513339e-01
9.678841379924524313e-01
9.625741670470104872e-01
9.712126103460942961e-01
9.625964310761317977e-01
9.745076866560541395e-01
9.728601485010742733e-01
9.703220491812403203e-01
9.735392013892755214e-01
9.725595841079360815e-01
9.708897819238347937e-01
9.632866159788937566e-01
9.726597722389820344e-01
9.748527791074350635e-01
9.732831650543799507e-01
9.752646636461800300e-01
9.737395776513675383e-01
9.744408945686900969e-01
9.718693992051742336e-01
9.710567621422449003e-01
9.654350947891039425e-01
9.688971513174740036e-01
9.732163729670157970e-01
9.744074985250079646e-01
9.745633467288574714e-01
9.750976834277699234e-01
9.766784294953857470e-01
9.750197593258451700e-01
9.741291981609913053e-01
9.737395776513676493e-01
9.741069341318698838e-01
9.746078747871002035e-01
9.744854226269328290e-01
9.670381048858411877e-01
9.718693992051741226e-01
9.751422114860126555e-01
9.753314557335441837e-01
9.723035477730405107e-01
9.720475114381450510e-01
9.734278812436686357e-01
9.756208881121216647e-01
9.749752312676025490e-01
9.756654161703643968e-01
9.737841057096102704e-01
9.788269083055960440e-01
9.738397657824137132e-01
9.760550366799879418e-01
9.791163406841735251e-01
9.721922276274337360e-01
9.730493927486056904e-01
9.741959902483553480e-01
9.770235219467666710e-01
9.752535316316194303e-01
8.154089345548864998e-01
7.357037103004530065e-01
6.546849083278600823e-01
8.113012211819973230e-01
8.574434215359953981e-01
8.082399171778116287e-01
7.979094076655053325e-01
8.179470338747204528e-01
8.133940399194041770e-01
7.700682392492569361e-01
8.325967650365686534e-01
8.063474747024969025e-01
8.478921530429361919e-01
7.898275650944552861e-01
7.175919226102347448e-01
7.187162560808628697e-01
8.952254789549265457e-01
9.320167870779575425e-01
9.039418463559351080e-01
9.187808217653148368e-01
9.213857131725127214e-01
9.130255702374459048e-01
9.155859335864010573e-01
9.145061281740155534e-01
9.187696897507541260e-01
9.072925827386981723e-01
9.287551068116797204e-01
9.197270430029722554e-01
8.877113691264708617e-01
9.134374547761909824e-01
9.312264140441495197e-01
9.029622290745956681e-01
9.519764891852477984e-01
9.319277309614721894e-01
9.502176308846610464e-01
9.326847079515979688e-01
9.496944262003095272e-01
9.572308000578864107e-01
9.527445981899343996e-01
9.558392982378021152e-01
9.424140886776279924e-01
9.470227427057474889e-01
9.470450067348687995e-01
9.398871213723546392e-01
9.399205174160366605e-01
9.513197003261680829e-01
9.404771181440706451e-01
5.015974440894568342e-01
9.687524351281852075e-01
9.657579232113635559e-01
9.630639756876802071e-01
9.569079716356269083e-01
9.673831973372221116e-01
9.611381371686834596e-01
9.601585198873440197e-01
9.660362235753804372e-01
9.698099765114492898e-01
9.672050851042512942e-01
9.682292304438333552e-01
9.656243390366354706e-01
9.652347185270118146e-01
9.635537843283499271e-01
9.666039563179750216e-01
9.658915073860916412e-01
9.710122340840021682e-01
9.681179102982266915e-01
9.738397657824137132e-01
9.697431844240852472e-01
9.678618739633311208e-01
9.640324609544588252e-01
9.722144916565550465e-01
9.712014783315336963e-01
9.705780855161357801e-01
9.746746668744642461e-01
9.695650721911144299e-01
9.650009462212376654e-01
9.697877124823278683e-01
9.631864278478476926e-01
9.713795905645044026e-01
9.695539401765537191e-01
9.734167492291080359e-01
9.728044884282708304e-01
9.697431844240851362e-01
9.753759837917869158e-01
9.757322082577284394e-01
9.771682381360554670e-01
9.764223931604902873e-01
9.751533435005732553e-01
9.766339014371431260e-01
9.748416470928744637e-01
9.719250592779775655e-01
9.709454419966381256e-01
9.728601485010741623e-01
9.767786176264319220e-01
9.750197593258451700e-01
9.636873685030780123e-01
9.762108848838374486e-01
9.748416470928743527e-01
9.743407064376439219e-01
9.737061816076856280e-01
9.739622179425810877e-01
9.751088154423306342e-01
9.742739143502799903e-01
9.775578586456791230e-01
9.773240863399048628e-01
9.767340895681890789e-01
9.745633467288575824e-01
9.758212643742136816e-01
9.733499571417439933e-01
9.754761719228328687e-01
9.760773007091093634e-01
9.743295744230833222e-01
9.753314557335440727e-01
9.795616212666006239e-01
9.757210762431677287e-01
9.757433402722890392e-01
9.769455978448420286e-01
9.776914428204072083e-01
9.744074985250080756e-01
9.730159967049236691e-01
9.742182542774766585e-01
9.716801549576427055e-01
9.777693669223318507e-01
9.751756075296945658e-01
9.775133305874363909e-01
9.762776769712013802e-01
9.761886208547161381e-01
9.751756075296946769e-01
8.186149547483608790e-01
8.320735603522169122e-01
7.427948035756031242e-01
8.213868263739688702e-01
7.599047099553606355e-01
8.115349934877713611e-01
6.977435406485510416e-01
6.527145417506206027e-01
8.424485979227660515e-01
8.456434861016798310e-01
8.379512640402533297e-01
7.551624717525130537e-01
8.079838808429160579e-01
7.771148044661642107e-01
8.622858478698890439e-01
7.368781378366042745e-01
9.249702218610501570e-01
9.198940232213824730e-01
9.271075686566998542e-01
5.000000000000000000e-01
9.326958399661586796e-01
9.357794079994655734e-01
9.354343155480846494e-01
9.253709743852344127e-01
9.357014838975410420e-01
9.353007313733566752e-01
9.344658302813060313e-01
8.985539513085681884e-01
8.600928410014360148e-01
9.132593425432200540e-01
9.324175396021417983e-01
9.274749251372019776e-01
9.372710979505961548e-01
9.437944584831516881e-01
9.423695606193852603e-01
9.553383575825717955e-01
9.516425287484276963e-01
9.605481403969676757e-01
9.547038327526131685e-01
9.538911956896839461e-01
9.557502421213166510e-01
9.506295154234061240e-01
9.500283866371297403e-01
9.528002582627378425e-01
9.512417762242433295e-01
9.548596809564625643e-01
9.526555420734491575e-01
9.516536607629882960e-01
9.649452861484343336e-01
9.638098206632454978e-01
9.689639434048378241e-01
9.659471674588950840e-01
9.621845465373869422e-01
9.669935768275985666e-01
9.704333693268470951e-01
9.622513386247508738e-01
9.691086595941267312e-01
9.564738230677605202e-01
9.645334016096892560e-01
9.604312542440804901e-01
9.615500217074283151e-01
9.662143358083512545e-01
9.675501775556323292e-01
9.691754516814907738e-01
9.716690229430819947e-01
9.646781177989781630e-01
9.715688348120359308e-01
9.699658247152986856e-01
9.725484520933753707e-01
9.663813160267613611e-01
9.697320524095245364e-01
9.750754193986485019e-01
9.734724093019112567e-01
9.718916632342954331e-01
9.703220491812403203e-01
9.723091137803208106e-01
9.755763600538789326e-01
9.713907225790651134e-01
9.718137391323706797e-01
9.691643196669301741e-01
9.755652280393182219e-01
9.741625942046732156e-01
9.762220168983980484e-01
9.734946733310326783e-01
9.760216406363059205e-01
9.738063697387315809e-01
9.758991884761385460e-01
9.727043002972247665e-01
9.747191949327069782e-01
9.743184424085227224e-01
9.759437165343811671e-01
9.730271287194842689e-01
9.719361912925381652e-01
9.759325845198205673e-01
9.752646636461801410e-01
9.722590197147977786e-01
9.752869276753013406e-01
9.744854226269328290e-01
9.771682381360555780e-01
9.744186305395687864e-01
9.759882445926238992e-01
9.732497690106978183e-01
9.749974952967238595e-01
9.702329930647548561e-01
9.735280693747146996e-01
9.744074985250080756e-01
9.786487960726252266e-01
9.747637229909495993e-01
9.744297625541293861e-01
9.741180661464305945e-01
9.781701194465162175e-01
9.747414589618282887e-01
9.750420233549665916e-01
9.746857988890249569e-01
9.750754193986486129e-01
9.768120136701138323e-01
9.757433402722891502e-01
9.751867395442552766e-01
9.754316438645901366e-01
9.749863632821631487e-01
9.781701194465162175e-01
9.767452215827499007e-01
9.772461622379802204e-01
9.716133628702785519e-01
9.767006935245071686e-01
9.764557892041723086e-01
9.755318319956362005e-01
9.775021985728756801e-01
