8.980548977851867676e-01
9.336939454078674316e-01
8.815675973892211914e-01
9.237621426582336426e-01
7.871958613395690918e-01
8.446837067604064941e-01
9.212032556533813477e-01
9.291107654571533203e-01
9.248359203338623047e-01
9.278483986854553223e-01
9.136883616447448730e-01
9.235542416572570801e-01
8.779698610305786133e-01
9.384229779243469238e-01
9.154392480850219727e-01
8.344719409942626953e-01
9.435092210769653320e-01
9.408162236213684082e-01
9.417369961738586426e-01
8.887277245521545410e-01
9.188451766967773438e-01
9.395407438278198242e-01
9.148604869842529297e-01
9.162278771400451660e-01
9.166586399078369141e-01
8.945641517639160156e-01
8.286519646644592285e-01
7.778269648551940918e-01
9.030188322067260742e-01
8.081905245780944824e-01
9.056665301322937012e-01
8.582711815834045410e-01
8.719938397407531738e-01
9.036372900009155273e-01
9.500377178192138672e-01
9.296908378601074219e-01
8.836808204650878906e-01
8.613805770874023438e-01
9.360836148262023926e-01
8.964847922325134277e-01
9.402539730072021484e-01
9.380732178688049316e-01
9.350862503051757812e-01
9.357749819755554199e-01
9.400459527969360352e-01
9.341866970062255859e-01
9.051069617271423340e-01
9.349094629287719727e-01
9.536395072937011719e-01
9.303683042526245117e-01
9.364717006683349609e-01
9.175406694412231445e-01
9.144963026046752930e-01
9.158706068992614746e-01
9.218179583549499512e-01
9.130023121833801270e-01
9.371413588523864746e-01
9.307407140731811523e-01
9.326336383819580078e-01
8.892710804939270020e-01
9.390441775321960449e-01
9.395058155059814453e-01
9.356094598770141602e-01
9.383690357208251953e-01
9.380490779876708984e-01
9.298983812332153320e-01
9.484838247299194336e-01
9.493744373321533203e-01
9.355989098548889160e-01
9.229872822761535645e-01
9.337872862815856934e-01
9.322382807731628418e-01
8.998088240623474121e-01
9.451323747634887695e-01
9.414004087448120117e-01
9.434352517127990723e-01
9.326223731040954590e-01
9.348741769790649414e-01
9.420336484909057617e-01
9.418309926986694336e-01
9.363973736763000488e-01
9.321714639663696289e-01
9.392718076705932617e-01
9.352397918701171875e-01
9.419490098953247070e-01
9.305962920188903809e-01
9.400057792663574219e-01
9.232186675071716309e-01
9.306991100311279297e-01
9.340736269950866699e-01
9.199541211128234863e-01
9.228794574737548828e-01
9.147843718528747559e-01
9.379058480262756348e-01
9.387576580047607422e-01
9.387013912200927734e-01
9.272734522819519043e-01
9.249682426452636719e-01
9.379883408546447754e-01
9.296368360519409180e-01
9.184927344322204590e-01
9.462001919746398926e-01
9.169707298278808594e-01
9.503855705261230469e-01
9.310395717620849609e-01
9.016280770301818848e-01
9.395166635513305664e-01
9.158963561058044434e-01
9.285282492637634277e-01
9.344497323036193848e-01
9.079657793045043945e-01
9.081026315689086914e-01
8.897989392280578613e-01
9.190972447395324707e-01
9.034283757209777832e-01
9.165558815002441406e-01
8.684000968933105469e-01
9.020805358886718750e-01
8.982209563255310059e-01
9.156339764595031738e-01
8.837559819221496582e-01
8.642974495887756348e-01
8.895879983901977539e-01
9.172368645668029785e-01
8.376516103744506836e-01
9.349401593208312988e-01
9.165630340576171875e-01
9.349313974380493164e-01
9.260062575340270996e-01
9.303250312805175781e-01
9.340032935142517090e-01
9.095229506492614746e-01
9.100642204284667969e-01
9.337633252143859863e-01
9.231974482536315918e-01
9.324535131454467773e-01
9.385300278663635254e-01
9.412020444869995117e-01
9.350364804267883301e-01
9.213328957557678223e-01
9.359557628631591797e-01
9.257857799530029297e-01
9.300192594528198242e-01
9.036978483200073242e-01
9.427129626274108887e-01
9.405949115753173828e-01
9.206148982048034668e-01
9.215673804283142090e-01
9.247800707817077637e-01
9.078022241592407227e-01
9.125683903694152832e-01
9.082968235015869141e-01
8.796825408935546875e-01
9.093796610832214355e-01
9.004907608032226562e-01
8.947655558586120605e-01
9.065811634063720703e-01
9.120236039161682129e-01
9.144032597541809082e-01
8.945299983024597168e-01
8.997670412063598633e-01
8.854419589042663574e-01
8.966485857963562012e-01
9.151139855384826660e-01
