9.737284456368069385e-01
9.755318319956362005e-01
9.743184424085227224e-01
9.712905344480190495e-01
9.723258118021618213e-01
9.748305150783136419e-01
9.744631585978114074e-01
9.757990003450924821e-01
9.734167492291079249e-01
9.736839175785643175e-01
9.728824125301955839e-01
9.697320524095245364e-01
9.702775211229975882e-01
9.713684585499436919e-01
9.738286337678530025e-01
9.752869276753013406e-01
9.696875243512818043e-01
9.696318642784784725e-01
9.753425877481047834e-01
9.739065578697775338e-01
9.719361912925382763e-01
9.716133628702786629e-01
9.780254032572274214e-01
9.747748550055104211e-01
9.731495808796517544e-01
9.777693669223318507e-01
9.725261880642539492e-01
9.747748550055103101e-01
9.742739143502799903e-01
9.751756075296946769e-01
9.730716567777270010e-01
9.751088154423307452e-01
9.782369115338802601e-01
9.717469470450067481e-01
9.776469147621645872e-01
9.711569502732908532e-01
9.740067460008237088e-01
9.732386369961371075e-01
9.737952377241709812e-01
9.747748550055103101e-01
9.711903463169729855e-01
9.772461622379802204e-01
9.750197593258451700e-01
9.737729736950495596e-01
9.737618416804888488e-01
9.719473233070988760e-01
9.736171254912001638e-01
9.732609010252586401e-01
9.709009139383955045e-01
9.736171254912001638e-01
9.752312676024981197e-01
9.741069341318698838e-01
9.737507096659282491e-01
9.743852344958867651e-01
9.758991884761384350e-01
9.743629704667653435e-01
9.744631585978114074e-01
9.742961783794013009e-01
9.761218287673519844e-01
9.763110730148834016e-01
9.782146475047589496e-01
9.753314557335440727e-01
9.755429640101969113e-01
9.736171254912001638e-01
9.792833209025837427e-01
9.785597399561397625e-01
9.730939208068484225e-01
9.759882445926240102e-01
9.735837294475181425e-01
9.759437165343811671e-01
9.733944851999867254e-01
9.731607128942124652e-01
9.765448453206576618e-01
9.798176576014960837e-01
9.777804989368925614e-01
9.782480435484409709e-01
9.770012579176452494e-01
9.760216406363060315e-01
9.747637229909495993e-01
9.758101323596530818e-01
9.761218287673520955e-01
9.761774888401554273e-01
9.760773007091092524e-01
9.747414589618282887e-01
9.752869276753013406e-01
9.721922276274337360e-01
9.788603043492780653e-01
9.785931359998218948e-01
9.776246507330431657e-01
9.772684262671014199e-01
9.736616535494427849e-01
9.757210762431677287e-01
9.771014460486914244e-01
9.759882445926240102e-01
9.775355946165577015e-01
9.775133305874365020e-01
9.779586111698634898e-01
9.793835090336298066e-01
9.782703075775622814e-01
9.749640992530417272e-01
9.773797464127083057e-01
9.748639111219957742e-01
5.648940788814552638e-01
9.738508977969743130e-01
9.769233338157206070e-01
9.782480435484409709e-01
9.783370996649263240e-01
9.767563535973105004e-01
9.783593636940476346e-01
9.760773007091093634e-01
9.779252151261813575e-01
9.799289777471029694e-01
9.783370996649263240e-01
9.746301388162215140e-01
9.787267201745499801e-01
9.748973071656777956e-01
9.759771125780632994e-01
9.759993766071846100e-01
9.786821921163073590e-01
9.778695550533780256e-01
9.783037036212443027e-01
9.764557892041721976e-01
9.779474791553027790e-01
9.784818158542151201e-01
9.771237100778127349e-01
9.799401097616635692e-01
9.744408945686900969e-01
9.771793701506161778e-01
9.757656043014104608e-01
9.746524028453429356e-01
9.728044884282708304e-01
9.667709365363850171e-01
9.735670314256771318e-01
9.738508977969743130e-01
9.710456301276841895e-01
9.711235542296088319e-01
9.654016987454220322e-01
9.702552570938762777e-01
9.738397657824136022e-01
9.747859870200710208e-01
9.736393895203214743e-01
9.756654161703643968e-01
9.716801549576428165e-01
9.694092239872650341e-01
9.732831650543798396e-01
9.730271287194843799e-01
9.753203237189833619e-01
9.749974952967237485e-01
9.740290100299451304e-01
9.754984359519541792e-01
9.750086273112845703e-01
9.706894056617425548e-01
9.709120459529561042e-01
9.717914751032494802e-01
9.711012902004875214e-01
9.710901581859269216e-01
9.687524351281850965e-01
9.720586434527055397e-01
9.766895615099465688e-01
9.709231779675168150e-01
9.713795905645044026e-01
9.734501452727899462e-01
9.788714363638386651e-01
9.738175017532922917e-01
9.752757956607407408e-01
9.721143035255089826e-01
9.738175017532924027e-01
9.728601485010741623e-01
9.746190068016609143e-01
9.770012579176453604e-01
9.771014460486915354e-01
9.719361912925381652e-01
7.306776057263082436e-01
9.720029833799022079e-01
9.746746668744643571e-01
9.743629704667653435e-01
9.755429640101968003e-01
9.780810633300307533e-01
9.735169373601539888e-01
9.772127661942981991e-01
9.734612772873507680e-01
9.778138949805745828e-01
9.727488283554674986e-01
9.737952377241709812e-01
9.742516503211585688e-01
9.743741024813260543e-01
9.722701517293584894e-01
9.775133305874363909e-01
9.760773007091093634e-01
9.721143035255090936e-01
9.726263761953001241e-01
9.754984359519541792e-01
9.754205118500294258e-01
7.020015362180094254e-01
9.776691787912858977e-01
9.760327726508666313e-01
9.733499571417438823e-01
9.754539078937115582e-01
9.761329607819126952e-01
9.782035154901982388e-01
9.786154000289432053e-01
9.756320201266822645e-01
9.755763600538789326e-01
9.725818481370573920e-01
9.722478877002371789e-01
9.737841057096102704e-01
9.739510859280204880e-01
9.743629704667653435e-01
9.758435284033352142e-01
9.765225812915363512e-01
9.752646636461801410e-01
9.773240863399049738e-01
9.774354064855116375e-01
9.776023867039217441e-01
9.754316438645902476e-01
9.766784294953858581e-01
9.773240863399048628e-01
9.765337133060969510e-01
9.752201355879372979e-01
9.730605247631662902e-01
9.771682381360554670e-01
9.778695550533780256e-01
9.780031392281062219e-01
9.762888089857620910e-01
9.787935122619140227e-01
9.766227694225824152e-01
9.755652280393183329e-01
9.750420233549665916e-01
9.797286014850106195e-01
9.791831327715376787e-01
9.779474791553026680e-01
9.777248388640892296e-01
9.761997528692766268e-01
9.755095679665148900e-01
9.784261557814117882e-01
9.757544722868497500e-01
9.774465385000723483e-01
9.745744787434181822e-01
9.766339014371431260e-01
9.751644755151339661e-01
9.786154000289432053e-01
9.771793701506161778e-01
9.779697431844242006e-01
9.783482316794870348e-01
9.757099442286070179e-01
9.766895615099464578e-01
9.793946410481905174e-01
9.785597399561398735e-01
9.775244626019971017e-01
9.764446571896115978e-01
9.775355946165578125e-01
9.746301388162215140e-01
9.760995647382305629e-01
9.770346539613273817e-01
9.673831973372222226e-01
9.766895615099464578e-01
9.712014783315335853e-01
9.757990003450923711e-01
9.686633790116996323e-01
9.686856430408211649e-01
9.684518707350469047e-01
9.729492046175596265e-01
9.738954258552170451e-01
9.739622179425810877e-01
9.718805312197349444e-01
9.742071222629159477e-01
9.681179102982266915e-01
9.711792143024123858e-01
9.703331811958010311e-01
9.691977157106121954e-01
9.731050528214090223e-01
9.728156204428315412e-01
9.754761719228328687e-01
9.746746668744643571e-01
9.752423996170587195e-01
9.679731941089378955e-01
9.703999732831649627e-01
9.723369438167225320e-01
9.729380726029989157e-01
9.708229898364706401e-01
9.751644755151339661e-01
9.728378844719529628e-01
9.698990326279346430e-01
9.737952377241708701e-01
9.735280693747148106e-01
9.685520588660929686e-01
9.740846701027483512e-01
9.705335574578931590e-01
9.739288218988990664e-01
9.721143035255090936e-01
9.695428081619931193e-01
9.755652280393182219e-01
9.750420233549665916e-01
9.706671416326212443e-01
5.000000000000000000e-01
9.753537197626654942e-01
9.724593959768900175e-01
9.763667330876868444e-01
9.698990326279347540e-01
9.727488283554674986e-01
9.746412708307821138e-01
9.745410826997361609e-01
9.731161848359697331e-01
9.740178780153844196e-01
9.752757956607407408e-01
9.740624060736272627e-01
9.775133305874363909e-01
9.709454419966381256e-01
9.733833531854260146e-01
9.735503334038361212e-01
9.793501129899477853e-01
9.743295744230833222e-01
9.694092239872649230e-01
9.735058053455933891e-01
9.746190068016609143e-01
9.715465707829146202e-01
9.744742906123720072e-01
5.000000000000000000e-01
9.766339014371431260e-01
9.713127984771403600e-01
9.769344658302812068e-01
9.774799345437543696e-01
6.454286382206587680e-01
9.708675178947134832e-01
9.776691787912858977e-01
9.765559773352183726e-01
9.768231456846745431e-01
9.762554129420800697e-01
9.774576705146329481e-01
9.713127984771403600e-01
9.714241186227471347e-01
9.780254032572274214e-01
9.752312676024980087e-01
9.794725651501152708e-01
9.744631585978114074e-01
9.757322082577284394e-01
9.762888089857622020e-01
9.782146475047589496e-01
9.774242744709510378e-01
9.778250269951352935e-01
9.731050528214090223e-01
9.739733499571417985e-01
9.725484520933753707e-01
9.773908784272690164e-01
9.754205118500295368e-01
9.745076866560541395e-01
9.776135187184824549e-01
9.773686143981475949e-01
9.754650399082722689e-01
9.744854226269328290e-01
9.735837294475181425e-01
9.781367234028341962e-01
9.743407064376440330e-01
9.792053968006591003e-01
9.817101000768109209e-01
9.772016341797374883e-01
9.778918190824993362e-01
9.766339014371431260e-01
7.633333704400485642e-01
9.766116374080217044e-01
9.778584230388172038e-01
9.764780532332936192e-01
9.788269083055960440e-01
9.767786176264319220e-01
9.778250269951352935e-01
9.761997528692768489e-01
9.789159644220815082e-01
9.760550366799879418e-01
9.774910665583151914e-01
9.795616212666005129e-01
9.768454097137958536e-01
9.774354064855116375e-01
9.792944529171443424e-01
9.771793701506161778e-01
9.763333370440048231e-01
9.787601162182320014e-01
9.743629704667654545e-01
9.774131424563903270e-01
9.787044561454286695e-01
9.762888089857622020e-01
9.774799345437544806e-01
9.777916309514533832e-01
9.788937003929600866e-01
9.771905021651768886e-01
9.629081274838308113e-01
9.695205441328716978e-01
9.648339660028275588e-01
9.702775211229976993e-01
9.666596163907781314e-01
9.626298271198138190e-01
9.680845142545446702e-01
9.658692433569702196e-01
9.658692433569703306e-01
9.688860193029131818e-01
9.661698077501085224e-01
9.690752635504447099e-01
9.681179102982265805e-01
9.664592401286862255e-01
9.685520588660930796e-01
9.626298271198139300e-01
9.695094121183109870e-01
9.712460063897763174e-01
9.596019191593103681e-01
9.686188509534571223e-01
9.729046765593167834e-01
9.691643196669300631e-01
9.687635671427458073e-01
9.685520588660929686e-01
9.684407387204863049e-01
9.651567944250871722e-01
9.725261880642540602e-01
9.678284779196490994e-01
9.703777092540436522e-01
9.707339337199853979e-01
9.710790261713663218e-01
9.709565740111988363e-01
9.705669535015751803e-01
9.740290100299451304e-01
9.739288218988989554e-01
9.672830092061759366e-01
9.745522147142968716e-01
9.715243067537931987e-01
9.728935445447561836e-01
9.674054613663434221e-01
9.736393895203214743e-01
9.715020427246717771e-01
9.722144916565550465e-01
9.698433725551313112e-01
9.721143035255088716e-01
9.744965546414934288e-01
9.681290423127874023e-01
9.721365675546304042e-01
9.762220168983981594e-01
9.665816922888534890e-01
9.716690229430819947e-01
9.758546604178958139e-01
9.743852344958867651e-01
9.759548485489418779e-01
9.751088154423306342e-01
9.733722211708653038e-01
9.741069341318697727e-01
9.723369438167225320e-01
9.752535316316194303e-01
9.751867395442552766e-01
9.683739466331222623e-01
9.742850463648407011e-01
9.740624060736271517e-01
9.726486402244214347e-01
9.748193830637530422e-01
9.764112611459295765e-01
9.739622179425810877e-01
9.742627823357192796e-01
9.740401420445057301e-01
9.766672974808250363e-01
9.732831650543798396e-01
9.752980596898620513e-01
9.747303269472676890e-01
9.768788057574777639e-01
9.739956139862629980e-01
9.768676737429172752e-01
9.757767363159710605e-01
9.749640992530419492e-01
9.727933564137102307e-01
9.732609010252586401e-01
9.754093798354688261e-01
9.710233660985628790e-01
9.762108848838374486e-01
9.756208881121216647e-01
9.735614654183967209e-01
9.741959902483553480e-01
9.767229575536284791e-01
9.758546604178958139e-01
9.750642873840879021e-01
9.761663568255947165e-01
9.733388251271832825e-01
9.749640992530418382e-01
9.747748550055104211e-01
9.759437165343811671e-01
9.759103204906991458e-01
9.758991884761385460e-01
9.760550366799879418e-01
9.792276608297802998e-01
9.743407064376440330e-01
9.763667330876868444e-01
9.760216406363059205e-01
9.771682381360554670e-01
9.748973071656777956e-01
9.750865514132093237e-01
9.769122018011598962e-01
9.730827887922877117e-01
9.786265320435039161e-01
9.762331489129587592e-01
9.754093798354687150e-01
9.765559773352184836e-01
9.748973071656777956e-01
9.770012579176452494e-01
9.747525909763889995e-01
9.754316438645902476e-01
9.762554129420800697e-01
9.767786176264319220e-01
9.781367234028341962e-01
9.735725974329574317e-01
9.740846701027485732e-01
9.773129543253442630e-01
9.761552248110341168e-01
9.773240863399049738e-01
9.757656043014103497e-01
9.767229575536284791e-01
9.778695550533780256e-01
9.739288218988989554e-01
9.750308913404058808e-01
9.761886208547161381e-01
9.660028275316983049e-01
9.693869599581436125e-01
9.672273491333727158e-01
9.661809397646692332e-01
9.678841379924524313e-01
9.672162171188120050e-01
9.694092239872650341e-01
9.666373523616568209e-01
9.672607451770546261e-01
9.678507419487704100e-01
9.683739466331222623e-01
9.667152764635816853e-01
9.676281016575570826e-01
9.688971513174738925e-01
9.649341541338736228e-01
9.689528113902773354e-01
9.717692110741280587e-01
9.714575146664291561e-01
9.719584553216595868e-01
9.715243067537933097e-01
9.677171577740423247e-01
9.719139272634167437e-01
9.674499894245861542e-01
9.691865836960515956e-01
9.700771448609054604e-01
9.646669857844174523e-01
9.729492046175596265e-01
9.691086595941267312e-01
9.723258118021618213e-01
9.706894056617426658e-01
9.691643196669301741e-01
9.712460063897763174e-01
9.722701517293584894e-01
9.723814718749652641e-01
9.732831650543798396e-01
9.743518384522046327e-01
9.721699635983124255e-01
9.733833531854260146e-01
9.715799668265965305e-01
9.748305150783136419e-01
9.739399539134597772e-01
9.727599603700282094e-01
9.716801549576428165e-01
9.744074985250079646e-01
9.731829769233337757e-01
9.726486402244214347e-01
9.710122340840022792e-01
9.707228017054245761e-01
9.718582671906135229e-01
9.734946733310327893e-01
9.759103204906992568e-01
9.750420233549664806e-01
9.748861751511170848e-01
9.731829769233338867e-01
9.731941089378944865e-01
9.749084391802385063e-01
9.742516503211585688e-01
9.754873039373935795e-01
9.746078747871002035e-01
9.745410826997361609e-01
9.751533435005732553e-01
9.750754193986486129e-01
9.753648517772260940e-01
9.738842938406564453e-01
9.756542841558036860e-01
9.726597722389821454e-01
9.732163729670157970e-01
9.750197593258451700e-01
9.768231456846745431e-01
9.757433402722890392e-01
9.762220168983981594e-01
9.761329607819126952e-01
9.743963665104473648e-01
9.761663568255947165e-01
9.740067460008238198e-01
9.745967427725396037e-01
9.743852344958867651e-01
9.756097560975609539e-01
9.753091917044227621e-01
9.746412708307822248e-01
9.768008816555533436e-01
9.746746668744643571e-01
9.764112611459295765e-01
9.752423996170588305e-01
9.753759837917866937e-01
9.777471028932105401e-01
9.753982478209082263e-01
9.750754193986485019e-01
9.753314557335440727e-01
9.765893733789003939e-01
9.761663568255947165e-01
9.769010697865992965e-01
9.759882445926238992e-01
9.742627823357192796e-01
9.772350302234195096e-01
9.767340895681890789e-01
9.752312676024980087e-01
9.772684262671014199e-01
9.759325845198205673e-01
9.765671093497789723e-01
9.753314557335440727e-01
9.767674856118712112e-01
9.776246507330431657e-01
9.770235219467666710e-01
9.764001291313689768e-01
9.766005053934609936e-01
9.781812514610769282e-01
9.771571061214948672e-01
9.748639111219957742e-01
9.755652280393182219e-01
9.763889971168082660e-01
9.777582349077711399e-01
9.781923834756375280e-01
9.778027629660138720e-01
9.767563535973105004e-01
9.775244626019969907e-01
9.768676737429172752e-01
9.764891852478543299e-01
9.765225812915363512e-01
9.766784294953858581e-01
9.751088154423306342e-01
9.772572942525409312e-01
9.781812514610769282e-01
9.787601162182320014e-01
9.767786176264317000e-01
9.743518384522047437e-01
9.776691787912858977e-01
9.758435284033353252e-01
9.688080952009885394e-01
9.684407387204864159e-01
9.684184746913648834e-01
9.651901904687690825e-01
9.686299829680177220e-01
9.697654484532065577e-01
9.682403624583941770e-01
9.643886854204004599e-01
9.661475437209872119e-01
9.701105409045874817e-01
9.683739466331221513e-01
9.673720653226615118e-01
9.669379167547951237e-01
9.685743228952142791e-01
9.671828210751298727e-01
9.654684908327860748e-01
9.728935445447561836e-01
9.703888412686043630e-01
9.710790261713662108e-01
9.693980919727042123e-01
9.720920394963876721e-01
9.721699635983123144e-01
9.718137391323709018e-01
9.699212966570559535e-01
9.727488283554673876e-01
9.700103527735413067e-01
9.695149781255913979e-01
9.705446894724537588e-01
9.685631908806536794e-01
9.692088477251729062e-01
9.719250592779774545e-01
9.692311117542942167e-01
9.712460063897763174e-01
9.714686466809898668e-01
9.724705279914505063e-01
9.721143035255090936e-01
9.737618416804888488e-01
9.736616535494428959e-01
9.753314557335441837e-01
9.739510859280204880e-01
9.726486402244214347e-01
9.765893733789003939e-01
9.737395776513675383e-01
9.721476995691911149e-01
9.730271287194843799e-01
9.732720330398192399e-01
9.708229898364706401e-01
9.733054290835012612e-01
9.743295744230834332e-01
9.756654161703643968e-01
9.747859870200710208e-01
9.745076866560541395e-01
9.734278812436686357e-01
9.747859870200710208e-01
9.755874920684396434e-01
9.750531553695271914e-01
9.739399539134596662e-01
9.732275049815763968e-01
9.744965546414934288e-01
9.743518384522047437e-01
9.766784294953856360e-01
9.763556010731262447e-01
9.748305150783138640e-01
9.748861751511170848e-01
9.731829769233337757e-01
9.760661686945486526e-01
9.757322082577283284e-01
9.744520265832508077e-01
9.750976834277698124e-01
9.770235219467666710e-01
9.751978715588160984e-01
9.756988122140464181e-01
9.749640992530418382e-01
9.748861751511170848e-01
9.739176898843383556e-01
9.758101323596530818e-01
9.744074985250080756e-01
9.760327726508666313e-01
9.749863632821631487e-01
9.753314557335440727e-01
9.766005053934609936e-01
9.766895615099464578e-01
9.754316438645902476e-01
9.755429640101969113e-01
9.771459741069341565e-01
9.765337133060969510e-01
9.759548485489417669e-01
9.744854226269328290e-01
9.775355946165578125e-01
9.753314557335440727e-01
9.763444690585655339e-01
9.765337133060969510e-01
9.768008816555532325e-01
9.760661686945486526e-01
9.743407064376440330e-01
9.750531553695271914e-01
9.785374759270185629e-01
9.774020104418296162e-01
9.774131424563903270e-01
9.761663568255947165e-01
9.764001291313688657e-01
9.774576705146330591e-01
9.769678618739633391e-01
9.711458182587302534e-01
9.772016341797373773e-01
9.784595518250936985e-01
9.790940766550523255e-01
9.776691787912857867e-01
9.780254032572274214e-01
9.769122018011600073e-01
9.756097560975609539e-01
9.773686143981477059e-01
9.731718449087730649e-01
9.759771125780631884e-01
9.772906902962228415e-01
9.769789938885240499e-01
9.769455978448419176e-01
9.768342776992352539e-01
9.783148356358050135e-01
9.779808751989846893e-01
9.779586111698634898e-01
9.770457859758880925e-01
9.740846701027485732e-01
9.786042680143826056e-01
9.785597399561398735e-01
9.793612450045084961e-01
9.772684262671016420e-01
9.767229575536284791e-01
9.559840144270908002e-01
9.499504625352050979e-01
9.678173459050883887e-01
9.589006022419876984e-01
9.607596486736205144e-01
9.568411795482628657e-01
9.561621266600617286e-01
9.551936413932829995e-01
9.598913515378878492e-01
9.586223018779708172e-01
9.587447540381381916e-01
9.584330576304394000e-01
9.635092562701071950e-01
9.557168460776346297e-01
9.553717536262537058e-01
9.500840467099331832e-01
9.624517148868430017e-01
9.608487047901058675e-01
9.618617181151273288e-01
9.682514944729547768e-01
9.623849227994789590e-01
9.675613095701929289e-01
9.616724738675958006e-01
9.656799991094388025e-01
9.576092885529494669e-01
9.615722857365497367e-01
9.604813483096036331e-01
9.664815041578073140e-01
9.668488606383097705e-01
9.610490810521979954e-01
9.633868041099399315e-01
9.684518707350470157e-01
9.643441573621578389e-01
9.669601807839163232e-01
9.689416793757165136e-01
9.665482962451714677e-01
9.680288541817412273e-01
9.613607774598968980e-01
9.627856753236633258e-01
9.697097883804032259e-01
9.642662332602330855e-01
9.621177544500227885e-01
9.604368202513609010e-01
9.664147120704433824e-01
9.661475437209872119e-01
9.653683027017398999e-01
9.677171577740424357e-01
9.656020750075140491e-01
9.655130188910288069e-01
9.701773329919516353e-01
9.634535961973038631e-01
9.695873362202357404e-01
9.695428081619931193e-01
9.619396422170520822e-01
9.688860193029134038e-01
9.678284779196490994e-01
9.617392659549598433e-01
9.674499894245861542e-01
9.663145239393973185e-01
9.607819127027418249e-01
9.633868041099398205e-01
9.624405828722825129e-01
9.640547249835802468e-01
9.650454742794803975e-01
9.648228339882669591e-01
9.685520588660929686e-01
9.632643519497723350e-01
9.652458505415725254e-01
9.665816922888534890e-01
9.654907548619073854e-01
9.600471997417372449e-01
9.651901904687691935e-01
9.636873685030780123e-01
9.657690552259242667e-01
9.677616858322850568e-01
9.667709365363849061e-01
9.644443454932039028e-01
9.644777415368859241e-01
9.724037359040865747e-01
9.620509623626587459e-01
9.648673620465095802e-01
9.705558214870144695e-01
9.659471674588949730e-01
9.611826652269260807e-01
9.659916955171377051e-01
9.637986886486846760e-01
9.580657011499371656e-01
9.664926361723681358e-01
9.646558537698567415e-01
9.703888412686043630e-01
9.704667653705291164e-01
9.660362235753804372e-01
9.695205441328718088e-01
9.662922599102760080e-01
9.664369760995648040e-01
9.712682704188977389e-01
9.712348743752157176e-01
9.688748872883525820e-01
9.712014783315336963e-01
9.597355033340383423e-01
9.638320846923666974e-01
9.604590842804822115e-01
9.594349389409000395e-01
9.701328049337087922e-01
9.678173459050884997e-01
9.614053055181395191e-01
9.716244948848392626e-01
9.665482962451714677e-01
9.632754839643330458e-01
9.672830092061760476e-01
9.702218610501942564e-01
9.624294508577216911e-01
9.687858311718671178e-01
9.637986886486846760e-01
9.580434371208157440e-01
9.670715009295232090e-01
9.660473555899411480e-01
9.584330576304394000e-01
9.652347185270118146e-01
9.648562300319489804e-01
9.639434048379735831e-01
9.642884972893543960e-01
9.673052732352973582e-01
9.672607451770547371e-01
9.664035800558827827e-01
9.705112934287718485e-01
9.620286983335374353e-01
9.667709365363849061e-01
9.586668299362135492e-01
9.632866159788936455e-01
9.592902227516113545e-01
9.583440015139539359e-01
9.591789026060045797e-01
9.679286660506951634e-01
9.590898464895192266e-01
9.624851109305250230e-01
9.544589284322784195e-01
9.649007580901914904e-01
9.577874007859202843e-01
9.621845465373868311e-01
9.597911634068416742e-01
9.576760806403133985e-01
9.596353152029922784e-01
9.590787144749586268e-01
9.594015428972181292e-01
9.648673620465095802e-01
9.682960225311973979e-01
9.575424964655854243e-01
9.607039886008170715e-01
9.597911634068417852e-01
9.637652926050026547e-01
9.657022631385602240e-01
9.697654484532065577e-01
9.614609655909430730e-01
9.614164375327003409e-01
9.616502098384744901e-01
9.657913192550456882e-01
9.634981242555464842e-01
9.652792465852545467e-01
9.599024835524484489e-01
9.669713127984771450e-01
9.633756720953789987e-01
9.658692433569703306e-01
9.597243713194777426e-01
9.619173781879307716e-01
9.653015106143758572e-01
9.642105731874295316e-01
9.654796228473466746e-01
9.606594605425744504e-01
9.649675501775556441e-01
9.653571706871793001e-01
9.652569825561332362e-01
9.671382930168872516e-01
9.617281339403991325e-01
9.687635671427459183e-01
9.626632231634957293e-01
9.622402066101902740e-01
9.695650721911144299e-01
9.659249034297736625e-01
9.661252796918657904e-01
9.653349066580578786e-01
9.687524351281850965e-01
9.650566062940411083e-01
9.647226458572208951e-01
9.699992207589807069e-01
9.689639434048379352e-01
9.652903785998152575e-01
9.672050851042512942e-01
9.645445336242499668e-01
9.672384811479333155e-01
9.683739466331222623e-01
9.638766127506094294e-01
9.666707484053389532e-01
9.690752635504447099e-01
9.700660128463447496e-01
9.677394218031637463e-01
9.675835735993142395e-01
9.618728501296880395e-01
9.651679264396478830e-01
9.628858634547092787e-01
9.633645400808183989e-01
9.648562300319489804e-01
9.672162171188118940e-01
9.695428081619930083e-01
9.693646959290223020e-01
9.666262203470962211e-01
9.668711246674310811e-01
9.707339337199853979e-01
9.680177221671805166e-01
9.658581113424096198e-01
9.659249034297736625e-01
9.664926361723681358e-01
9.694648840600683659e-01
9.673498012935400903e-01
9.663924480413219609e-01
9.658024512696061770e-01
9.663813160267614721e-01
9.669490487693557235e-01
9.628969954692699895e-01
9.702663891084369885e-01
9.687969631864278286e-01
9.686856430408211649e-01
9.650120782357983762e-01
9.671828210751298727e-01
9.642105731874297536e-01
9.675056494973894861e-01
9.676169696429962608e-01
9.678062138905277889e-01
9.654573588182253641e-01
9.674611214391468650e-01
9.632977479934543563e-01
9.684296067059255941e-01
9.643330253475972391e-01
9.636873685030780123e-01
9.676058376284355500e-01
9.709231779675167040e-01
9.691420556378087525e-01
9.653015106143758572e-01
9.675056494973895971e-01
9.633534080662577992e-01
9.654016987454219212e-01
9.651233983814050399e-01
9.600138036980552236e-01
9.655798109783927385e-01
9.687413031136243857e-01
9.669267847402345240e-01
9.699435606861773751e-01
9.650454742794802865e-01
9.657913192550455772e-01
9.694760160746289657e-01
9.636205764157139697e-01
9.622068105665082527e-01
9.651901904687691935e-01
9.676614977012388819e-01
9.607596486736205144e-01
9.688526232592312715e-01
9.573198561743717638e-01
9.610936091104407275e-01
9.596687112466742997e-01
9.597911634068417852e-01
9.591343745477618477e-01
9.609600249357126422e-01
9.581213612227404974e-01
9.617837940132024643e-01
9.574423083345393604e-01
9.583773975576360682e-01
9.576204205675101777e-01
9.588894702274270987e-01
9.601251238436619984e-01
9.632643519497723350e-01
9.614498335763822512e-01
9.578764569024056375e-01
9.636762364885173016e-01
9.640435929690196470e-01
9.626075630906925085e-01
9.634313321681824416e-01
9.628079393527846364e-01
9.661030156627444798e-01
9.621956785519475419e-01
9.647783059300241160e-01
9.645000055660072347e-01
9.650009462212376654e-01
9.550600572185548032e-01
9.636317084302745695e-01
9.656911311239995133e-01
9.656688670948780917e-01
9.595128630428247929e-01
9.602809720475115052e-01
9.634647282118645739e-01
9.646224577261746091e-01
9.664815041578074251e-01
9.685631908806535684e-01
9.672496131624940263e-01
9.661809397646691222e-01
9.655352829201501175e-01
9.672050851042514052e-01
9.641437811000657110e-01
9.638654807360488297e-01
9.679731941089378955e-01
9.656243390366354706e-01
9.636317084302745695e-01
9.649341541338736228e-01
9.636539724593959910e-01
9.621734145228262314e-01
9.640769890127016684e-01
9.658135832841669988e-01
9.647560419009028054e-01
9.674388574100254434e-01
9.665482962451714677e-01
9.659471674588949730e-01
9.668154645946276382e-01
9.690418675067625776e-01
9.697988444968885791e-01
9.633422760516969774e-01
9.678841379924525423e-01
9.658692433569702196e-01
9.686077189388963005e-01
9.651233983814050399e-01
9.682403624583940660e-01
9.664258440850040932e-01
9.668265966091884600e-01
9.656354710511961814e-01
9.668265966091883490e-01
9.663033919248367187e-01
9.665371642306107569e-01
9.629637875566340321e-01
9.664481081141254037e-01
9.677950818759670781e-01
9.663145239393973185e-01
9.638877447651701402e-01
9.673609333081008010e-01
9.673498012935400903e-01
9.647894379445847157e-01
9.670269728712804769e-01
9.663256559539580293e-01
9.657356591822421343e-01
9.658581113424096198e-01
9.647115138426600733e-01
9.679843261234986063e-01
9.666596163907783534e-01
9.658247152987275985e-01
9.680399861963019381e-01
9.705780855161358911e-01
9.652124544978903931e-01
9.663590519976400506e-01
9.710011020694415684e-01
9.701105409045873706e-01
9.685854549097749899e-01
9.657579232113635559e-01
9.658803753715310414e-01
9.666039563179749106e-01
9.668488606383096595e-01
9.651901904687689715e-01
9.662922599102760080e-01
9.644332134786431920e-01
9.680733822399839594e-01
9.656577350803174919e-01
9.687301710990637860e-01
9.688637552737918712e-01
9.693758279435829017e-01
9.669490487693557235e-01
9.637875566341241873e-01
9.671716890605691619e-01
9.660473555899410369e-01
9.682960225311973979e-01
9.676281016575568605e-01
9.682292304438334662e-01
9.709343099820775258e-01
9.660696196190624585e-01
9.664703721432467143e-01
9.650566062940409973e-01
9.675835735993143505e-01
9.666596163907782424e-01
9.633756720953791097e-01
9.699101646424953538e-01
9.689416793757166246e-01
9.670937649586446305e-01
9.658469793278490201e-01
9.622958666829936059e-01
9.675279135265107966e-01
9.665594282597321785e-01
9.591789026060045797e-01
9.677505538177244571e-01
9.663367879685187400e-01
7.455666752012112264e-01
9.598579554942058278e-01
9.733499571417439933e-01
7.643797798087519357e-01
7.403123643285726141e-01
7.123932718103995754e-01
9.358350680722690162e-01
8.929879440282307845e-01
9.786376640580645159e-01
9.731273168505304438e-01
7.119591232425332983e-01
9.748082510491923314e-01
7.486836392782001415e-01
7.364495552760184083e-01
7.511549465106701629e-01
7.551569057452327538e-01
7.689995658514322541e-01
9.768788057574778749e-01
7.694559784484198417e-01
9.190479901147711184e-01
9.787712482327927122e-01
9.743741024813261653e-01
9.228885351382040136e-01
9.695650721911144299e-01
9.756876801994855963e-01
9.776357827476037654e-01
9.776914428204072083e-01
7.582738698222216689e-01
9.124355734657301209e-01
9.782369115338802601e-01
9.754205118500294258e-01
8.088521779786488342e-01
9.753425877481047834e-01
9.742739143502799903e-01
9.748861751511170848e-01
9.735169373601540999e-01
9.408890026828156117e-01
9.731384488650911546e-01
9.779474791553026680e-01
9.186695016197080621e-01
9.756431521412429753e-01
9.484921686277564268e-01
9.732497690106978183e-01
9.744854226269327180e-01
9.765782413643397941e-01
7.422715988912512719e-01
7.661942981821420195e-01
9.779252151261812465e-01
9.748973071656777956e-01
9.743629704667653435e-01
9.775133305874363909e-01
9.788046442764747335e-01
9.773018223107836633e-01
9.712460063897764284e-01
9.771348420923734457e-01
9.776246507330431657e-01
9.760105086217453207e-01
7.585076421279958181e-01
9.701773329919515243e-01
9.747637229909497103e-01
9.769010697865991855e-01
9.745076866560541395e-01
9.756097560975609539e-01
9.739510859280203769e-01
9.794391691064332495e-01
9.745410826997361609e-01
9.750086273112845703e-01
9.740178780153844196e-01
9.762220168983980484e-01
9.302913248210528119e-01
9.778695550533779146e-01
9.711235542296089429e-01
9.759771125780632994e-01
9.762554129420801807e-01
7.706025759481693882e-01
9.771571061214947562e-01
9.779474791553027790e-01
9.795727532811613347e-01
9.779363471407420683e-01
9.748082510491923314e-01
9.769010697865992965e-01
9.749084391802385063e-01
9.771571061214947562e-01
9.777248388640892296e-01
9.771237100778127349e-01
9.773018223107835523e-01
9.732386369961372186e-01
9.705001614142112487e-01
9.794057730627512282e-01
9.707450657345459977e-01
9.747748550055103101e-01
9.768454097137958536e-01
9.753759837917868047e-01
9.771237100778128459e-01
9.783927597377297669e-01
9.796061493248433560e-01
9.772127661942981991e-01
9.750420233549665916e-01
9.760661686945485416e-01
9.772461622379802204e-01
9.716022308557179521e-01
9.760773007091093634e-01
9.763444690585654229e-01
9.769789938885240499e-01
9.770123899322060712e-01
9.737841057096102704e-01
9.781812514610768172e-01
7.763244314323562989e-01
9.779920072135454001e-01
9.779808751989848004e-01
9.775133305874363909e-01
9.777693669223319617e-01
9.710011020694415684e-01
9.739733499571417985e-01
9.755652280393182219e-01
9.774131424563903270e-01
9.782703075775622814e-01
9.788269083055959330e-01
9.785374759270184519e-01
9.784706838396545203e-01
9.785597399561398735e-01
9.769901259030847607e-01
9.765782413643396831e-01
9.790718126259309040e-01
9.786933241308680698e-01
9.758212643742137926e-01
7.550066235486635469e-01
9.798733176742995266e-01
7.182375794547539716e-01
7.480491144482417365e-01
9.195823268136834594e-01
7.675858000022264260e-01
7.814785541739488473e-01
7.177589028286448514e-01
9.760550366799880528e-01
7.709476683995502011e-01
9.017154434438000576e-01
9.050105197537599011e-01
7.179036190179336474e-01
7.609065912658213859e-01
7.436185726530929463e-01
7.553294519709231603e-01
9.730271287194843799e-01
7.618027184379556616e-01
9.729826006612416478e-01
9.748973071656777956e-01
9.767118255390677684e-01
7.457169573977802113e-01
9.758991884761385460e-01
9.706337455889392229e-01
9.745522147142968716e-01
8.958377397557635291e-01
9.409446627556189435e-01
7.768365041021473294e-01
9.735614654183968320e-01
7.696452226959511478e-01
7.560307688882457189e-01
7.189834244303191513e-01
9.427035210562055845e-01
9.759993766071846100e-01
9.762331489129587592e-01
9.777025748349679191e-01
9.754650399082722689e-01
9.755318319956363116e-01
9.780142712426668217e-01
9.746635348599035353e-01
9.748305150783137529e-01
9.781144593737128856e-01
9.764112611459295765e-01
9.762888089857620910e-01
9.756542841558036860e-01
9.750197593258451700e-01
9.753871158063474045e-01
9.238347563758613212e-01
9.764557892041723086e-01
9.765225812915363512e-01
9.736059934766394530e-01
9.754873039373935795e-01
9.712348743752157176e-01
9.734946733310327893e-01
9.776246507330431657e-01
9.752646636461800300e-01
9.784706838396545203e-01
9.782591755630015706e-01
9.755206999810756008e-01
9.746635348599035353e-01
9.750308913404057698e-01
9.763778651022475552e-01
9.769122018011600073e-01
9.763222050294441123e-01
9.734056172145473251e-01
9.344435662521846098e-01
9.751756075296946769e-01
9.746078747871003145e-01
9.733610891563045930e-01
9.759214525052598566e-01
9.770791820195701138e-01
9.759103204906991458e-01
9.776803108058464975e-01
9.766895615099464578e-01
9.745856107579788929e-01
9.768565417283565644e-01
5.000000000000000000e-01
9.767006935245070576e-01
9.775021985728756801e-01
9.772461622379802204e-01
9.723592078458438426e-01
9.737395776513675383e-01
9.717580790595674589e-01
9.749418352239204166e-01
9.774354064855117485e-01
6.752902672796695649e-01
9.773129543253442630e-01
9.785486079415791627e-01
9.756542841558036860e-01
7.540270062673242180e-01
9.767674856118712112e-01
9.757099442286070179e-01
9.751533435005733663e-01
9.758546604178957029e-01
9.731829769233337757e-01
9.752869276753014516e-01
7.517004152241431036e-01
9.787267201745499801e-01
9.769567298594026283e-01
9.771905021651767775e-01
9.728490164865135625e-01
9.764669212187329084e-01
9.752646636461800300e-01
9.780031392281061109e-01
9.772238982088589099e-01
9.737841057096102704e-01
9.781923834756374170e-01
9.764780532332936192e-01
9.773240863399049738e-01
9.625797330542908981e-01
9.755206999810756008e-01
9.759548485489419889e-01
9.759659805635024776e-01
9.782703075775622814e-01
9.780142712426668217e-01
9.764669212187329084e-01
9.774020104418297272e-01
9.800736939363916544e-01
9.767006935245071686e-01
9.770457859758879815e-01
9.743184424085226114e-01
9.784150237668511885e-01
9.768565417283565644e-01
9.767563535973105004e-01
9.763889971168082660e-01
9.726375082098607239e-01
9.814763277710367717e-01
9.778027629660139830e-01
9.740624060736271517e-01
9.785152118978971414e-01
7.541271943983702819e-01
9.575091004219034030e-01
9.767340895681891899e-01
7.642016675757812294e-01
7.590419788269082702e-01
7.216662399394417893e-01
9.402322138237356741e-01
5.000000000000000000e-01
9.758212643742137926e-01
7.450879985751021062e-01
7.325422181652213593e-01
9.759214525052598566e-01
7.667063708519330500e-01
7.500584430764436483e-01
7.429061237212098989e-01
9.500951787244936719e-01
9.728935445447562946e-01
7.275495096347586177e-01
9.732497690106978183e-01
9.758657924324565247e-01
8.885240061894001951e-01
9.754539078937115582e-01
9.753091917044227621e-01
5.000000000000000000e-01
8.220436152330485857e-01
8.715810800280527904e-01
9.765392793133771399e-01
9.619507742316126819e-01
9.761997528692768489e-01
9.739176898843383556e-01
9.353452594315992963e-01
9.741291981609911943e-01
9.758880564615779463e-01
4.966659616390778353e-01
9.729937326758022476e-01
9.738397657824136022e-01
9.763222050294441123e-01
9.752757956607407408e-01
9.768231456846745431e-01
9.744631585978114074e-01
9.763444690585655339e-01
9.587670180672597242e-01
9.754650399082722689e-01
9.758546604178958139e-01
9.784372877959723880e-01
9.724482639623293068e-01
9.750642873840877911e-01
9.758991884761385460e-01
9.773240863399050848e-01
9.766672974808251473e-01
8.541038171677928226e-01
9.740512740590664409e-01
9.762888089857620910e-01
9.769233338157207180e-01
9.789827565094455508e-01
9.738731618260956235e-01
9.765337133060970620e-01
9.745522147142967606e-01
9.770012579176453604e-01
9.760216406363059205e-01
9.751199474568912340e-01
9.771348420923734457e-01
9.751867395442552766e-01
9.728267524573921410e-01
9.779697431844240896e-01
9.729826006612416478e-01
9.779029510970600469e-01
9.739399539134596662e-01
7.693780543464950883e-01
9.750308913404058808e-01
9.782257795193195493e-01
9.734056172145472141e-01
9.761329607819126952e-01
9.752090035733766982e-01
9.730271287194843799e-01
9.782814395921228812e-01
9.770903140341307136e-01
9.795616212666007350e-01
9.733499571417439933e-01
9.780142712426667106e-01
9.774688025291936588e-01
9.760327726508666313e-01
9.787267201745499801e-01
9.700771448609054604e-01
7.722723781322705650e-01
9.778584230388173149e-01
9.788046442764747335e-01
9.798955817034209481e-01
9.771459741069341565e-01
9.762999410003228018e-01
7.812893099264173191e-01
9.796952054413287092e-01
8.291458405227594142e-01
9.739176898843384667e-01
9.773352183544656846e-01
9.767118255390677684e-01
9.745856107579788929e-01
9.776469147621645872e-01
9.790050205385668614e-01
9.726152441807393023e-01
9.784372877959723880e-01
9.793723770190690958e-01
9.786933241308679587e-01
9.780810633300307533e-01
5.000000000000000000e-01
7.657100555487525995e-01
7.618305484743573830e-01
9.752423996170587195e-01
9.741514621901126159e-01
9.773129543253442630e-01
9.762999410003228018e-01
9.752423996170587195e-01
9.675056494973893750e-01
7.642239316049024289e-01
9.798621856597389268e-01
7.679754205118499710e-01
9.750531553695273024e-01
9.767786176264318110e-01
7.627656376974539798e-01
9.756208881121216647e-01
9.778472910242566041e-01
9.784261557814117882e-01
9.780365352717882432e-01
9.757433402722890392e-01
9.771793701506161778e-01
9.737841057096102704e-01
9.749195711947991061e-01
7.532421992407967171e-01
7.568211419220536307e-01
9.737952377241709812e-01
7.676637241041511794e-01
9.726486402244214347e-01
7.458338435506673969e-01
7.618082844452360725e-01
9.732609010252585291e-01
9.710567621422447893e-01
9.723592078458438426e-01
7.631107301488350148e-01
9.726263761953000131e-01
9.719695873362201866e-01
9.745744787434181822e-01
9.745633467288574714e-01
7.555743562912580202e-01
9.505738553506027921e-01
9.733054290835011502e-01
9.747859870200710208e-01
9.751978715588159874e-01
9.723592078458438426e-01
9.736616535494427849e-01
9.763333370440048231e-01
9.753314557335440727e-01
9.743184424085226114e-01
9.697320524095245364e-01
9.749418352239205277e-01
9.742405183065980800e-01
9.753091917044226511e-01
9.742739143502799903e-01
9.734835413164720785e-01
9.225768387305051110e-01
9.719695873362201866e-01
9.743741024813260543e-01
9.739065578697776449e-01
9.719584553216594758e-01
9.769233338157206070e-01
9.761886208547161381e-01
9.744297625541293861e-01
9.715354387683540205e-01
9.746078747871003145e-01
9.772684262671015309e-01
9.727043002972248775e-01
9.740958021173091730e-01
9.742071222629159477e-01
9.749752312676024379e-01
9.766227694225824152e-01
9.756765481849249966e-01
9.740624060736270406e-01
9.745299506851754501e-01
9.761552248110341168e-01
9.739399539134596662e-01
9.755763600538789326e-01
9.734835413164721896e-01
9.766339014371430149e-01
9.774354064855116375e-01
9.723592078458438426e-01
9.738731618260957346e-01
9.732163729670157970e-01
9.727933564137101197e-01
9.735503334038361212e-01
9.755763600538789326e-01
9.766339014371431260e-01
9.752869276753014516e-01
9.776691787912858977e-01
9.789159644220815082e-01
9.780142712426667106e-01
9.745856107579787819e-01
9.736393895203214743e-01
9.732275049815765078e-01
9.748861751511170848e-01
9.668154645946276382e-01
9.753091917044228731e-01
9.727822243991495199e-01
9.759548485489418779e-01
9.774354064855116375e-01
9.778806870679387364e-01
9.748973071656777956e-01
9.745522147142968716e-01
9.784595518250938095e-01
9.745856107579788929e-01
9.741625942046732156e-01
9.777693669223319617e-01
9.739065578697776449e-01
9.737284456368068275e-01
9.757990003450924821e-01
9.812648194943838220e-01
9.773129543253442630e-01
9.783816277231690561e-01
9.774688025291936588e-01
9.744854226269328290e-01
9.760995647382306739e-01
9.745299506851754501e-01
9.766561654662644365e-01
9.751533435005732553e-01
9.760884327236700742e-01
9.782703075775622814e-01
9.752757956607407408e-01
9.749863632821631487e-01
9.775355946165577015e-01
9.782257795193195493e-01
9.765225812915362402e-01
9.760327726508666313e-01
9.772906902962229525e-01
9.770346539613273817e-01
9.766672974808251473e-01
9.773463503690261733e-01
9.748416470928744637e-01
9.761774888401554273e-01
9.736727855640036067e-01
9.790495485968095934e-01
9.723035477730403997e-01
9.717580790595673479e-01
9.738731618260956235e-01
9.773797464127083057e-01
9.758212643742137926e-01
9.767674856118712112e-01
9.769233338157206070e-01
9.766561654662643255e-01
9.735725974329574317e-01
9.775689906602397228e-01
9.756320201266823755e-01
9.761106967527913847e-01
9.776803108058464975e-01
9.762331489129587592e-01
9.772016341797375993e-01
9.773240863399049738e-01
9.761774888401554273e-01
9.758101323596530818e-01
9.709231779675167040e-01
9.757433402722890392e-01
9.738842938406564453e-01
9.756208881121215537e-01
7.523794681123443517e-01
7.744542529861628832e-01
9.730159967049236691e-01
9.724371319477685960e-01
9.750420233549665916e-01
9.723480758312832428e-01
7.587247164119290677e-01
9.294452917144415682e-01
7.665839186917656756e-01
9.750976834277699234e-01
9.726486402244214347e-01
9.723814718749652641e-01
9.749640992530418382e-01
9.737173136222462277e-01
9.738175017532922917e-01
9.245472053077444796e-01
9.729269405884383159e-01
9.758435284033351031e-01
9.747637229909495993e-01
9.715354387683539095e-01
9.720809074818269613e-01
9.756765481849249966e-01
9.745188186706148503e-01
9.756431521412430863e-01
9.718916632342954331e-01
9.708341218510313508e-01
9.742071222629158367e-01
9.740178780153844196e-01
9.719918513653416081e-01
9.755874920684396434e-01
9.737618416804888488e-01
9.739065578697776449e-01
9.739733499571416875e-01
9.739399539134596662e-01
9.723480758312831318e-01
9.726931682826641667e-01
9.736616535494428959e-01
9.737284456368069385e-01
9.739622179425810877e-01
9.717914751032494802e-01
9.730827887922877117e-01
9.737395776513675383e-01
9.737284456368069385e-01
9.740067460008237088e-01
9.777693669223319617e-01
9.767340895681891899e-01
9.748193830637530422e-01
9.736059934766394530e-01
9.753203237189833619e-01
9.748193830637530422e-01
9.746190068016609143e-01
9.750308913404058808e-01
9.766005053934611047e-01
9.739065578697776449e-01
9.712237423606550069e-01
9.750531553695271914e-01
9.760995647382305629e-01
9.735392013892752994e-01
9.731718449087731759e-01
9.779363471407419572e-01
9.756320201266822645e-01
9.757433402722890392e-01
9.767897496409925218e-01
9.743407064376440330e-01
9.790829446404916148e-01
9.764335251750508871e-01
9.773463503690262844e-01
9.753648517772262050e-01
9.742293862920372582e-01
9.765337133060969510e-01
9.780254032572274214e-01
9.779474791553027790e-01
9.727710923845889202e-01
9.764001291313689768e-01
9.755763600538790437e-01
9.730159967049235581e-01
9.752869276753013406e-01
9.762888089857622020e-01
9.732386369961373296e-01
9.786599280871860485e-01
9.758769244470171245e-01
9.780810633300307533e-01
9.769789938885239389e-01
9.771014460486913134e-01
9.758212643742136816e-01
9.708341218510313508e-01
9.762554129420800697e-01
9.776023867039217441e-01
9.786265320435039161e-01
9.768899377720385857e-01
9.778138949805745828e-01
9.770791820195701138e-01
9.724593959768899065e-01
9.773686143981475949e-01
9.775133305874365020e-01
9.755318319956363116e-01
9.755763600538789326e-01
9.758769244470171245e-01
9.763667330876869555e-01
9.716133628702785519e-01
9.780587993009094427e-01
9.733165610980619720e-01
9.784038917522904777e-01
9.786042680143824946e-01
9.774131424563903270e-01
9.768008816555532325e-01
9.769678618739632281e-01
9.779252151261813575e-01
9.762554129420801807e-01
9.733833531854259036e-01
9.771125780632520241e-01
9.794725651501152708e-01
9.782146475047590606e-01
9.769010697865992965e-01
9.773574823835868841e-01
9.748193830637530422e-01
9.753537197626653832e-01
9.780476672863488430e-01
9.744186305395687864e-01
9.759548485489418779e-01
9.780365352717881322e-01
9.779808751989846893e-01
9.777025748349679191e-01
9.764223931604901763e-01
9.759882445926240102e-01
9.709677060257595471e-01
7.612962117754450420e-01
9.748527791074350635e-01
8.918524785430418378e-01
8.897039997328316518e-01
9.736616535494427849e-01
9.726709042535427452e-01
9.754093798354687150e-01
9.717692110741280587e-01
9.742961783794013009e-01
7.423940510514187574e-01
9.761886208547161381e-01
7.847736304839085797e-01
9.718916632342955442e-01
9.738508977969743130e-01
9.776469147621644762e-01
9.742739143502799903e-01
9.742071222629158367e-01
9.707895937927886187e-01
9.736171254912001638e-01
9.773797464127083057e-01
9.748527791074350635e-01
7.707472921374580732e-01
9.686633790116997433e-01
9.688748872883525820e-01
9.746969309035855566e-01
9.747859870200710208e-01
9.714797786955504666e-01
9.716801549576425945e-01
9.743852344958867651e-01
9.738063697387316919e-01
9.750976834277699234e-01
9.741180661464305945e-01
9.736059934766394530e-01
9.724371319477685960e-01
9.707228017054246871e-01
9.734278812436687467e-01
9.752980596898620513e-01
9.732609010252585291e-01
9.736059934766394530e-01
9.736059934766394530e-01
9.757544722868497500e-01
9.756988122140464181e-01
9.736616535494427849e-01
9.742627823357192796e-01
9.723146797876012215e-01
9.727043002972247665e-01
9.731050528214091333e-01
9.740846701027485732e-01
9.748193830637530422e-01
9.748082510491924424e-01
9.750754193986486129e-01
9.772684262671015309e-01
9.746190068016608032e-01
9.768899377720385857e-01
9.714463826518684453e-01
9.726152441807393023e-01
9.764223931604902873e-01
9.733722211708653038e-01
9.741737262192338154e-01
9.765003172624150407e-01
9.769789938885240499e-01
9.743741024813260543e-01
9.748861751511170848e-01
9.770012579176454715e-01
9.746412708307823358e-01
9.793055849317051642e-01
9.763778651022475552e-01
9.778138949805746938e-01
9.747080629181462674e-01
9.758991884761386570e-01
9.775021985728757912e-01
9.758435284033351031e-01
9.751978715588159874e-01
9.756988122140464181e-01
9.785486079415792737e-01
9.757210762431677287e-01
9.762665449566407805e-01
9.757656043014104608e-01
9.759214525052599676e-01
9.743963665104475869e-01
9.743518384522046327e-01
9.742850463648405901e-01
9.740735380881878624e-01
9.775021985728756801e-01
9.781033273591521748e-01
9.765225812915363512e-01
9.751310794714519448e-01
9.774465385000723483e-01
9.767452215827497897e-01
9.796840734267679984e-01
9.778584230388174259e-01
9.756097560975609539e-01
9.789493604657635295e-01
9.772795582816622417e-01
9.784372877959724990e-01
9.736505215348821851e-01
9.759771125780632994e-01
9.766561654662645475e-01
9.761218287673519844e-01
9.775912546893611443e-01
9.779363471407420683e-01
9.774799345437543696e-01
9.780254032572274214e-01
9.766895615099464578e-01
9.762220168983981594e-01
9.767674856118712112e-01
9.773240863399049738e-01
9.773240863399048628e-01
9.763667330876868444e-01
9.789604924803240182e-01
9.751867395442553876e-01
9.779140831116206467e-01
9.765225812915363512e-01
9.769122018011598962e-01
9.751088154423306342e-01
9.772906902962228415e-01
9.775021985728757912e-01
9.784150237668510774e-01
9.799846378199064123e-01
9.754093798354688261e-01
9.772795582816622417e-01
9.732609010252585291e-01
9.775912546893611443e-01
9.787155881599892693e-01
9.787823802473534229e-01
9.772906902962228415e-01
9.701328049337087922e-01
9.660473555899411480e-01
9.698990326279346430e-01
9.685743228952143902e-01
9.700771448609054604e-01
9.727265643263460770e-01
9.745967427725396037e-01
9.727154323117854773e-01
9.688080952009885394e-01
9.747525909763889995e-01
9.755652280393182219e-01
9.703331811958010311e-01
9.717024189867641271e-01
9.726709042535427452e-01
9.672830092061760476e-01
9.722367556856763571e-01
9.726597722389820344e-01
9.732497690106979293e-01
9.752312676024980087e-01
9.670492369004018984e-01
9.757210762431677287e-01
9.724593959768899065e-01
9.736839175785642064e-01
9.736505215348820741e-01
9.744297625541294972e-01
9.750642873840880132e-01
9.722701517293583784e-01
9.709343099820774148e-01
9.690863955650053096e-01
9.737173136222462277e-01
9.730716567777271120e-01
9.735058053455933891e-01
9.712237423606550069e-01
9.733276931126226827e-01
9.762665449566407805e-01
9.742293862920372582e-01
9.751867395442553876e-01
9.739065578697776449e-01
9.756431521412430863e-01
9.718582671906135229e-01
9.741403301755517941e-01
9.767118255390677684e-01
9.726486402244214347e-01
9.758880564615779463e-01
9.722367556856763571e-01
9.745633467288575824e-01
9.698767685988133325e-01
9.735503334038361212e-01
9.712794024334584497e-01
9.763110730148834016e-01
9.732497690106978183e-01
9.768454097137959646e-01
9.750308913404058808e-01
9.726931682826640557e-01
9.747525909763888885e-01
9.717692110741280587e-01
9.759325845198205673e-01
9.771014460486913134e-01
9.767452215827496786e-01
9.784595518250938095e-01
9.729269405884383159e-01
9.755540960247576221e-01
9.761552248110341168e-01
9.751978715588159874e-01
9.763778651022475552e-01
9.759659805635025887e-01
9.720475114381449400e-01
9.760661686945486526e-01
9.724148679186472854e-01
9.739510859280202659e-01
9.740401420445057301e-01
9.771682381360555780e-01
9.745744787434182932e-01
9.748639111219957742e-01
9.739065578697777559e-01
9.766339014371431260e-01
9.752312676024980087e-01
9.724816600060113281e-01
9.773463503690263954e-01
9.759882445926238992e-01
9.754873039373934684e-01
9.725707161224966812e-01
9.755874920684396434e-01
9.742071222629159477e-01
9.800291658781490334e-01
9.764001291313688657e-01
9.770680500050094031e-01
9.749418352239205277e-01
9.782146475047588385e-01
9.785486079415791627e-01
9.749863632821631487e-01
9.756320201266823755e-01
9.728378844719528518e-01
9.731829769233338867e-01
9.748193830637530422e-01
9.767786176264319220e-01
9.759214525052599676e-01
9.774576705146330591e-01
9.770680500050094031e-01
9.769010697865991855e-01
9.767340895681890789e-01
9.745076866560540285e-01
9.728712805156348731e-01
9.760439046654273421e-01
9.740512740590665519e-01
9.762999410003228018e-01
9.767118255390678794e-01
9.771682381360555780e-01
9.783816277231690561e-01
9.776023867039218551e-01
9.759325845198205673e-01
9.782814395921229922e-01
9.748305150783136419e-01
9.771237100778128459e-01
9.716690229430818837e-01
9.756097560975609539e-01
9.772572942525409312e-01
9.739622179425810877e-01
9.769455978448419176e-01
9.783259676503657243e-01
9.773018223107835523e-01
9.743963665104474758e-01
9.721476995691911149e-01
9.751644755151339661e-01
9.760327726508667423e-01
9.781144593737128856e-01
9.773797464127083057e-01
9.770569179904486923e-01
9.730493927486056904e-01
9.750754193986486129e-01
9.719918513653416081e-01
9.700103527735414177e-01
9.716356268993999734e-01
9.710122340840021682e-01
9.699658247152986856e-01
9.684518707350469047e-01
9.669713127984771450e-01
9.695428081619931193e-01
9.696875243512819154e-01
9.729380726029989157e-01
9.698879006133740432e-01
9.710011020694414574e-01
9.683071545457581086e-01
9.731384488650911546e-01
9.691197916086873310e-01
9.759771125780631884e-01
9.738954258552170451e-01
9.734056172145473251e-01
9.723369438167225320e-01
9.733722211708651928e-01
9.717692110741280587e-01
9.729492046175596265e-01
9.704445013414078058e-01
9.760773007091092524e-01
9.735280693747148106e-01
9.704556333559684056e-01
9.678841379924525423e-01
9.749752312676024379e-01
9.700994088900267709e-01
9.723814718749652641e-01
9.722256236711157573e-01
9.738731618260956235e-01
9.723703398604045534e-01
9.724148679186472854e-01
9.734612772873506570e-01
9.737507096659281380e-01
9.727710923845888091e-01
9.709009139383955045e-01
9.741625942046732156e-01
9.704667653705291164e-01
9.742405183065979690e-01
9.747414589618283998e-01
9.749974952967238595e-01
9.723703398604045534e-01
9.733165610980618609e-01
9.767340895681891899e-01
9.732386369961371075e-01
9.744520265832508077e-01
9.781478554173949069e-01
9.727265643263460770e-01
9.747525909763889995e-01
9.741180661464304835e-01
9.751533435005732553e-01
9.741403301755519051e-01
9.758323963887745034e-01
9.743073103939619006e-01
9.740401420445057301e-01
9.738063697387315809e-01
9.736393895203214743e-01
9.762554129420801807e-01
9.739399539134597772e-01
9.735280693747146996e-01
9.733722211708651928e-01
9.753648517772262050e-01
9.737618416804888488e-01
9.756208881121216647e-01
9.775355946165577015e-01
9.792276608297804108e-01
9.767563535973105004e-01
9.751644755151339661e-01
9.770903140341307136e-01
9.770903140341307136e-01
9.763667330876869555e-01
9.751644755151339661e-01
9.760439046654272310e-01
9.759882445926240102e-01
9.754093798354688261e-01
9.769122018011598962e-01
9.755763600538789326e-01
9.763556010731262447e-01
9.761218287673519844e-01
9.775133305874363909e-01
9.777471028932106512e-01
9.758546604178958139e-01
9.767118255390677684e-01
9.757433402722891502e-01
9.743295744230833222e-01
9.764669212187329084e-01
9.748082510491924424e-01
9.743963665104473648e-01
9.773240863399048628e-01
9.739176898843383556e-01
9.748973071656777956e-01
9.751867395442552766e-01
9.775801226748004336e-01
9.740624060736271517e-01
9.760105086217453207e-01
9.755763600538789326e-01
9.794614331355546710e-01
9.777582349077712509e-01
9.754093798354688261e-01
9.761774888401554273e-01
9.760216406363059205e-01
9.781589874319555067e-01
9.771905021651767775e-01
9.746746668744641351e-01
9.753537197626653832e-01
9.787489842036712906e-01
9.765225812915363512e-01
9.765114492769756405e-01
9.725150560496932384e-01
9.770346539613273817e-01
9.736727855640034957e-01
9.769789938885240499e-01
9.740401420445057301e-01
9.767674856118712112e-01
9.789938885240061506e-01
9.776580467767251870e-01
9.759103204906991458e-01
9.758546604178958139e-01
9.781812514610769282e-01
9.778472910242567151e-01
9.767563535973105004e-01
9.770791820195700028e-01
9.715799668265965305e-01
9.772906902962229525e-01
9.719027952488561439e-01
9.741291981609911943e-01
9.671382930168872516e-01
9.706003495452572016e-01
9.749529672384811274e-01
9.746412708307823358e-01
9.729603366321203373e-01
9.704667653705290054e-01
9.709231779675167040e-01
9.720029833799022079e-01
9.648339660028274478e-01
9.704778973850897161e-01
9.727043002972247665e-01
9.689082833320346033e-01
9.694092239872649230e-01
9.738063697387315809e-01
9.723926038895258639e-01
9.746969309035856677e-01
9.718137391323707908e-01
9.743073103939620117e-01
9.748305150783136419e-01
9.693090358562189701e-01
9.747303269472675780e-01
9.721476995691910039e-01
9.723146797876012215e-01
9.737618416804888488e-01
9.698656365842527327e-01
9.675835735993142395e-01
9.726152441807394133e-01
9.711124222150482321e-01
9.724037359040865747e-01
9.743963665104473648e-01
9.744631585978114074e-01
9.739622179425810877e-01
9.727154323117854773e-01
9.698656365842526217e-01
9.716801549576427055e-01
9.724148679186471744e-01
9.734724093019113678e-01
9.722033596419943358e-01
9.705001614142111377e-01
9.732497690106978183e-01
9.753982478209082263e-01
9.753425877481047834e-01
9.752423996170587195e-01
9.722701517293584894e-01
9.744965546414935398e-01
9.729269405884382049e-01
9.735614654183968320e-01
9.769233338157206070e-01
9.722144916565551576e-01
9.717803430886886584e-01
9.753648517772259829e-01
9.765003172624150407e-01
9.752090035733766982e-01
9.749863632821631487e-01
9.718582671906134118e-01
9.755986240830003542e-01
9.736393895203214743e-01
9.730159967049236691e-01
9.731607128942124652e-01
9.765225812915363512e-01
9.750754193986486129e-01
9.749863632821631487e-01
9.761774888401554273e-01
9.730493927486056904e-01
9.758546604178958139e-01
9.768342776992352539e-01
9.763889971168081550e-01
9.751199474568912340e-01
9.757878683305317713e-01
9.754427758791508474e-01
9.730048646903630694e-01
9.758212643742137926e-01
9.724927920205720389e-01
9.739288218988990664e-01
9.768565417283566754e-01
9.727933564137101197e-01
9.737284456368068275e-01
9.741959902483552369e-01
9.748082510491923314e-01
9.737729736950495596e-01
9.771014460486914244e-01
9.749752312676025490e-01
9.753314557335440727e-01
9.771793701506161778e-01
9.773908784272690164e-01
9.766895615099464578e-01
9.755206999810754898e-01
9.757656043014104608e-01
9.767006935245071686e-01
9.758546604178958139e-01
9.748973071656777956e-01
9.767563535973105004e-01
9.751978715588159874e-01
9.772461622379801094e-01
9.761329607819126952e-01
9.765671093497790833e-01
9.772238982088587989e-01
9.759771125780632994e-01
9.786265320435039161e-01
9.758435284033351031e-01
9.767897496409925218e-01
9.769010697865992965e-01
9.704445013414076948e-01
9.756876801994858184e-01
9.775133305874363909e-01
9.770680500050092920e-01
9.785931359998218948e-01
9.770123899322060712e-01
9.752757956607407408e-01
9.738508977969744240e-01
9.754205118500294258e-01
9.768120136701138323e-01
9.749307032093599279e-01
9.757767363159710605e-01
9.752646636461801410e-01
9.750754193986485019e-01
9.760439046654273421e-01
9.766450334517037257e-01
9.756765481849249966e-01
9.773240863399048628e-01
9.780254032572275324e-01
9.792165288152197000e-01
9.767563535973105004e-01
9.756208881121216647e-01
9.766895615099464578e-01
9.771905021651767775e-01
7.330208947913302575e-01
7.384421858823790874e-01
8.810544244191871321e-01
7.302935512239649984e-01
7.624428092751945885e-01
7.179926751344190006e-01
7.475927018512540378e-01
8.844162928165110182e-01
7.157774042368447720e-01
7.503534414623014293e-01
7.436297046676536571e-01
8.570538010263718531e-01
7.596709376495863753e-01
7.433625363181974866e-01
7.374848326301610690e-01
7.162338168338323596e-01
7.254065968318286206e-01
6.985895737551625073e-01
7.086529149180127440e-01
8.932328483485656445e-01
8.689984526499761053e-01
8.008259954804021197e-01
9.602141799601473515e-01
9.500840467099331832e-01
9.576204205675101777e-01
9.424363527067493029e-01
7.309614720976054247e-01
8.785274571139138899e-01
7.437076287695785215e-01
9.188921419109216115e-01
7.120147833153365191e-01
7.428059355901637240e-01
7.592701851254022305e-01
9.464104819049102835e-01
9.555721298883458337e-01
7.548507753448142621e-01
9.741180661464304835e-01
9.750420233549665916e-01
9.494049938217319351e-01
7.275884716857209389e-01
7.599492380136034786e-01
9.654128307599825209e-01
7.441195133083233770e-01
7.410359452750164833e-01
9.729603366321203373e-01
7.518896594716746318e-01
7.570493482205475910e-01
9.746635348599036464e-01
9.713239304917010708e-01
9.299684963987933095e-01
7.642016675757812294e-01
9.698879006133740432e-01
9.395086328772918050e-01
9.304583050394630295e-01
8.624194320446172402e-01
7.467355367300819724e-01
7.563758613396265318e-01
9.744965546414934288e-01
7.783170620387170890e-01
9.779697431844239786e-01
9.674945174828287753e-01
7.658714697598825172e-01
9.378054346495084959e-01
9.408556066391334793e-01
9.774910665583149694e-01
9.233449477351916013e-01
9.740290100299451304e-01
9.781923834756376390e-01
9.752869276753014516e-01
9.746635348599035353e-01
7.586300942881634146e-01
9.645890616824926989e-01
7.671238213979583165e-01
9.559951464416514000e-01
9.598022954214023850e-01
7.612962117754449309e-01
9.578653248878449267e-01
9.768788057574778749e-01
9.749974952967238595e-01
9.760773007091093634e-01
9.805301065333794641e-01
9.775355946165577015e-01
9.722144916565549355e-01
9.761552248110340058e-01
9.767340895681890789e-01
9.716912869722033053e-01
7.400674600082376431e-01
9.765337133060969510e-01
7.414033017555186067e-01
9.625852990615711979e-01
7.545947390099185803e-01
9.784484198105330988e-01
9.737507096659282491e-01
9.694203560018256338e-01
9.765893733789003939e-01
7.707695561665794948e-01
9.767452215827497897e-01
9.750754193986486129e-01
7.833932606783848840e-01
9.746412708307822248e-01
9.775133305874363909e-01
9.757656043014104608e-01
9.514310204717747466e-01
9.568077835045808444e-01
9.749418352239204166e-01
9.730271287194842689e-01
9.756876801994858184e-01
9.760661686945486526e-01
9.618728501296879285e-01
7.578341552470750919e-01
9.057341007002037703e-01
9.718805312197348334e-01
9.432601217842393471e-01
9.725595841079360815e-01
9.531787467578006767e-01
9.672830092061760476e-01
7.651868508644008582e-01
9.782925716066835919e-01
9.748305150783136419e-01
9.772238982088587989e-01
8.506194966103015620e-01
9.759548485489418779e-01
9.610490810521979954e-01
7.595262214602976902e-01
9.731384488650910436e-01
9.763556010731261336e-01
7.643129877213878931e-01
7.545613429662365590e-01
7.224120849150070800e-01
7.213044494662199657e-01
7.590586768487493918e-01
7.492402400062339041e-01
7.634057285346929067e-01
8.877447651701527720e-01
7.311395843305763531e-01
7.754338702675024342e-01
7.729402990059111023e-01
7.314067526800325236e-01
7.117253509367591491e-01
7.454163930046421305e-01
7.434515924346829507e-01
7.618862085471607148e-01
8.031024924580600910e-01
7.687991895893400152e-01
8.567643686477943721e-01
7.105453573933274702e-01
7.845398581781344305e-01
7.591254689361133234e-01
7.730627511660785878e-01
9.442620030947000975e-01
7.582015117275775484e-01
9.652569825561331252e-01
7.248277320746734365e-01
8.748650243234518120e-01
7.539268181362780430e-01
7.699791831327715830e-01
7.423940510514187574e-01
7.377297369504958180e-01
7.537264418741860261e-01
7.600605581592101423e-01
7.488283554674889375e-01
7.258741414433769190e-01
9.555164698155425018e-01
7.168182475982678437e-01
8.333537420266945439e-01
9.706448776034998227e-01
9.614943616346249833e-01
7.006044683906447190e-01
7.810110095624005488e-01
7.688158876111809148e-01
8.349344880943103675e-01
9.751422114860126555e-01
7.206532266144204391e-01
8.202290968596586129e-01
8.147744097249278727e-01
8.500406318531464889e-01
9.678173459050883887e-01
9.776469147621645872e-01
7.787734746357048987e-01
9.779586111698634898e-01
7.449321503712527104e-01
7.763021674032349884e-01
9.729603366321202262e-01
9.676281016575569716e-01
9.010697865992808309e-01
7.693001302445704459e-01
8.048557847513664321e-01
9.630528436731194963e-01
9.217642016675757777e-01
9.758212643742136816e-01
9.782703075775622814e-01
9.673164052498580689e-01
7.688325856330219255e-01
7.638565751244004165e-01
9.750197593258452811e-01
9.769567298594027394e-01
8.571094610991751850e-01
9.739288218988990664e-01
7.707194621010564628e-01
9.783593636940477456e-01
9.744408945686902079e-01
9.763667330876868444e-01
9.582438133829078719e-01
9.722144916565551576e-01
9.738508977969743130e-01
9.753759837917868047e-01
9.756320201266823755e-01
9.756431521412429753e-01
9.752535316316193192e-01
9.701216729191481924e-01
7.603332925159466127e-01
7.666228807427279968e-01
9.722924157584797999e-01
9.784038917522903667e-01
9.792721888880230319e-01
7.544834188643118056e-01
9.755652280393182219e-01
9.776246507330431657e-01
8.176520354888623388e-01
9.382952432901782158e-01
7.279335641371018628e-01
9.762331489129587592e-01
8.031303224944618124e-01
8.238915296501208019e-01
7.948814997050015485e-01
9.777137068495286298e-01
8.928988879117454314e-01
9.712905344480190495e-01
9.765003172624150407e-01
7.687435295165365723e-01
7.889147399004796668e-01
7.605058387416370191e-01
9.745522147142968716e-01
9.780921953445915751e-01
6.866838841825205764e-01
9.768899377720385857e-01
9.791163406841736361e-01
9.724482639623291957e-01
9.776914428204072083e-01
9.723814718749652641e-01
9.747303269472675780e-01
9.766227694225824152e-01
7.632888423818058321e-01
9.774576705146330591e-01
7.602386703921808486e-01
9.778361590096960043e-01
7.772372566263316962e-01
7.684262671015573698e-01
9.785374759270184519e-01
9.778918190824993362e-01
9.774465385000724593e-01
7.515445670202938189e-01
5.000000000000000000e-01
7.747882134229830964e-01
9.766005053934611047e-01
9.769010697865992965e-01
7.490732597878237975e-01
7.692110741280848707e-01
7.570660462423884907e-01
9.762220168983981594e-01
5.000000000000000000e-01
7.233471741381036768e-01
7.590753748705902915e-01
8.230677605726307577e-01
9.264841758413020489e-01
8.343890193808374267e-01
9.689194153465952031e-01
7.507875900301678174e-01
6.793590186015963095e-01
7.462457280894123635e-01
7.255624450356781274e-01
7.498413687925102877e-01
8.327414812258574495e-01
8.036312631496922432e-01
7.416259420467321561e-01
7.517839053333482680e-01
7.618305484743573830e-01
8.910509734946734373e-01
8.752769088621967786e-01
8.822566819917401215e-01
7.514109828455655116e-01
9.403880620275851809e-01
8.945130300230433873e-01
7.326201422671461128e-01
7.124266678540814857e-01
8.892475871358440642e-01
8.986318754104929418e-01
8.883458939564292667e-01
9.747525909763889995e-01
7.927107568656699410e-01
7.548062472865713080e-01
9.756542841558036860e-01
8.902661664681457143e-01
9.120459529561064649e-01
7.316293929712460731e-01
9.715465707829146202e-01
7.963453596197305195e-01
8.039874876156336558e-01
7.641905355612206296e-01
9.747525909763889995e-01
8.156204428315392274e-01
9.718081731250903799e-01
7.121149714463825831e-01
9.215415613763623393e-01
7.678195723080005752e-01
9.759882445926238992e-01
7.678863643953646179e-01
9.727154323117853663e-01
7.556634124077432624e-01
9.708229898364706401e-01
9.471006668076722423e-01
9.777359708786498294e-01
7.683427769923523165e-01
9.755986240830002432e-01
9.751644755151339661e-01
9.755318319956363116e-01
9.770123899322059602e-01
9.767452215827497897e-01
9.753537197626654942e-01
7.441139473010430772e-01
9.791720007569769679e-01
9.742627823357192796e-01
9.744186305395686754e-01
5.000000000000000000e-01
7.401286860883213858e-01
9.779808751989848004e-01
9.671160289877659411e-01
9.762999410003228018e-01
9.740401420445058411e-01
9.760884327236699631e-01
9.753982478209081153e-01
9.759325845198205673e-01
6.527479377943027350e-01
9.762108848838374486e-01
7.618528125034786935e-01
7.551457737306720430e-01
7.647471362892542812e-01
9.217975977112577990e-01
7.732631274281707157e-01
9.768788057574779859e-01
9.763778651022474442e-01
7.534704055392904554e-01
7.321859936992798357e-01
8.222105954514589143e-01
9.741625942046732156e-01
9.732275049815766188e-01
9.763889971168081550e-01
9.782146475047588385e-01
8.294018768576549849e-01
8.405338914183299037e-01
9.735725974329575427e-01
9.659471674588950840e-01
9.746078747871002035e-01
7.624984693479979203e-01
7.571996304171165759e-01
7.572274604535182974e-01
7.524852222506707156e-01
9.785708719707004732e-01
9.745967427725396037e-01
7.822800592223174698e-01
9.737952377241709812e-01
7.727065267001369531e-01
9.570972158831584364e-01
7.718938896372076197e-01
9.788547383419977654e-01
9.763500350658458338e-01
9.793167169462657640e-01
9.765114492769756405e-01
9.774688025291937699e-01
9.757544722868497500e-01
8.483374336253631798e-01
7.786064944172946811e-01
9.744631585978114074e-01
9.763222050294441123e-01
5.000000000000000000e-01
9.740178780153844196e-01
5.000000000000000000e-01
7.613574378555286737e-01
9.767786176264318110e-01
9.784706838396544093e-01
9.756542841558037971e-01
7.627378076610524804e-01
9.786154000289432053e-01
9.791720007569769679e-01
7.938796183945406870e-01
7.480825104919237578e-01
7.254288608609499311e-01
9.027284567688215189e-01
9.771459741069341565e-01
8.786053812158386433e-01
9.735948614620788533e-01
7.502755173603767869e-01
7.123710077812781538e-01
7.846289142946198947e-01
7.570103861695851588e-01
7.207200187017844817e-01
8.635994255880485859e-01
9.758991884761384350e-01
7.506651378700004429e-01
9.749752312676025490e-01
9.465885941378811008e-01
9.768565417283565644e-01
7.786287584464161027e-01
9.752980596898620513e-01
9.734724093019113678e-01
9.738175017532924027e-01
9.412786231924392677e-01
9.763778651022475552e-01
9.728490164865135625e-01
9.717246830158853266e-01
7.629214859013037087e-01
9.309815097238147708e-01
8.921085148779375196e-01
9.743295744230834332e-01
9.726152441807394133e-01
7.534815375538510551e-01
9.753759837917866937e-01
9.699658247152987967e-01
9.750086273112845703e-01
7.446816800436375505e-01
9.731718449087731759e-01
9.727043002972247665e-01
9.746190068016609143e-01
9.764557892041723086e-01
9.711346862441696537e-01
9.761440927964734060e-01
9.743963665104473648e-01
9.759882445926238992e-01
9.731718449087730649e-01
9.727933564137101197e-01
9.774799345437543696e-01
9.785597399561398735e-01
9.768899377720385857e-01
9.753091917044227621e-01
9.768565417283565644e-01
9.754539078937115582e-01
9.741737262192339264e-01
9.659471674588950840e-01
9.734390132582293464e-01
9.741959902483553480e-01
9.744965546414934288e-01
9.757878683305317713e-01
9.755429640101969113e-01
9.750086273112845703e-01
9.676392336721176823e-01
9.786487960726252266e-01
9.751867395442552766e-01
9.752869276753014516e-01
9.758101323596531929e-01
9.775244626019971017e-01
9.724037359040865747e-01
9.729380726029990267e-01
9.744408945686902079e-01
9.775801226748004336e-01
9.776135187184824549e-01
9.784150237668510774e-01
9.788937003929600866e-01
9.757099442286071289e-01
9.745633467288574714e-01
9.753314557335440727e-01
9.764446571896115978e-01
9.778361590096960043e-01
9.741848582337945262e-01
9.774354064855117485e-01
9.750531553695271914e-01
9.778862530752190363e-01
9.794169050773118279e-01
9.754761719228328687e-01
9.763222050294441123e-01
9.761886208547161381e-01
9.763222050294442234e-01
9.770012579176453604e-01
9.770346539613273817e-01
9.754984359519541792e-01
9.770457859758879815e-01
9.771348420923733347e-01
9.752757956607407408e-01
9.779474791553027790e-01
9.792499248589017213e-01
9.743073103939620117e-01
9.779920072135455111e-01
9.749084391802383953e-01
9.759548485489418779e-01
9.774799345437543696e-01
9.746746668744641351e-01
9.783482316794871458e-01
9.772350302234195096e-01
9.777804989368925614e-01
9.726486402244214347e-01
9.751199474568912340e-01
9.776135187184823438e-01
9.778027629660139830e-01
9.743295744230833222e-01
9.771682381360554670e-01
9.730048646903630694e-01
9.769455978448419176e-01
9.764112611459295765e-01
9.775244626019971017e-01
9.782591755630016817e-01
9.774354064855117485e-01
9.756765481849249966e-01
9.783037036212443027e-01
9.755986240830003542e-01
9.734946733310325673e-01
9.771125780632521352e-01
9.770791820195701138e-01
9.761663568255947165e-01
9.757210762431677287e-01
9.787823802473533119e-01
9.777248388640891186e-01
9.773129543253442630e-01
9.758101323596531929e-01
7.089200832674689146e-01
7.480825104919237578e-01
7.687546615310973941e-01
9.767340895681891899e-01
8.431165187964065888e-01
7.565428415580367494e-01
7.284790328505749146e-01
8.844051608019503075e-01
7.568434059511750522e-01
9.441506829490932118e-01
7.469025169484920790e-01
9.773018223107835523e-01
7.531141810733488207e-01
7.216217118811991682e-01
9.228106110362792602e-01
9.552159054224043100e-01
9.722812837439192002e-01
9.630862397168015177e-01
9.748416470928743527e-01
9.717358150304460374e-01
9.754427758791508474e-01
9.778138949805745828e-01
9.735058053455933891e-01
9.743295744230833222e-01
9.771793701506161778e-01
7.553183199563625605e-01
7.523126760249801981e-01
9.760439046654273421e-01
9.771237100778128459e-01
9.719807193507808973e-01
9.346773385579588700e-01
9.750531553695271914e-01
9.750865514132093237e-01
9.743518384522046327e-01
9.774020104418297272e-01
9.752980596898620513e-01
9.759882445926237882e-01
9.749529672384811274e-01
9.746412708307822248e-01
9.757322082577284394e-01
9.705335574578931590e-01
9.736727855640034957e-01
9.741291981609910833e-01
9.778361590096960043e-01
9.753982478209081153e-01
9.759103204906991458e-01
9.769455978448420286e-01
9.720920394963876721e-01
9.757210762431677287e-01
9.759993766071846100e-01
9.725818481370573920e-01
9.744520265832506967e-01
9.783816277231691672e-01
9.783927597377296559e-01
9.748416470928744637e-01
9.729269405884382049e-01
9.751422114860125445e-01
9.744965546414935398e-01
9.736727855640034957e-01
9.717692110741280587e-01
9.741514621901125048e-01
9.767340895681890789e-01
9.774354064855117485e-01
9.753871158063474045e-01
9.771682381360554670e-01
9.769901259030846497e-01
9.760105086217452097e-01
9.738063697387318030e-01
9.751088154423305232e-01
9.740512740590664409e-01
9.737841057096102704e-01
9.767340895681890789e-01
9.730827887922877117e-01
9.767340895681891899e-01
9.753537197626654942e-01
9.759548485489419889e-01
9.762220168983980484e-01
9.791608687424162571e-01
9.745967427725394927e-01
9.773018223107835523e-01
9.776580467767251870e-01
9.763333370440048231e-01
9.789270964366422190e-01
9.760439046654273421e-01
9.781812514610768172e-01
9.760550366799880528e-01
9.755874920684397544e-01
9.794614331355545600e-01
9.738842938406563343e-01
9.786376640580646269e-01
9.762108848838374486e-01
9.741625942046732156e-01
9.749529672384811274e-01
9.771682381360554670e-01
9.784038917522904777e-01
9.777582349077713619e-01
9.758212643742137926e-01
9.766784294953857470e-01
9.762999410003228018e-01
9.739065578697776449e-01
9.757767363159711715e-01
9.777693669223318507e-01
9.746746668744642461e-01
9.767229575536284791e-01
9.749863632821632597e-01
9.734390132582292354e-01
9.775801226748004336e-01
9.780031392281061109e-01
9.792833209025837427e-01
9.741959902483552369e-01
9.783593636940477456e-01
9.777582349077712509e-01
9.780810633300308643e-01
9.753759837917868047e-01
9.775801226748004336e-01
9.772572942525408202e-01
9.758657924324565247e-01
9.800959579655130760e-01
9.757656043014103497e-01
9.758769244470172355e-01
9.793055849317051642e-01
9.795059611937972921e-01
9.762776769712013802e-01
9.780810633300308643e-01
9.776914428204072083e-01
9.784929478687758309e-01
9.753314557335441837e-01
9.760105086217453207e-01
9.742961783794013009e-01
8.406563435784973892e-01
6.390722579065133413e-01
7.311284523160156423e-01
7.547060591555254661e-01
9.760995647382305629e-01
8.595362402734021412e-01
8.839376161904018980e-01
7.602498024067415594e-01
7.161670247464684280e-01
7.028420033173403692e-01
7.331600449733388647e-01
9.523104496220680115e-01
9.737284456368068275e-01
7.778829134708509230e-01
7.656599614832296785e-01
7.609622513386247178e-01
9.742739143502798793e-01
9.713795905645044026e-01
7.672073115071633698e-01
7.798198840044082703e-01
9.757656043014104608e-01
9.483363204239071420e-01
9.739844819717023983e-01
9.736616535494428959e-01
9.752312676024980087e-01
9.201611915708385325e-01
9.712905344480190495e-01
7.670848593469961063e-01
7.656488294686690788e-01
9.725595841079359705e-01
9.743629704667653435e-01
5.000000000000000000e-01
9.742850463648407011e-01
9.748305150783136419e-01
9.719807193507808973e-01
9.732275049815763968e-01
9.752535316316193192e-01
9.778472910242567151e-01
9.721031715109482718e-01
9.789827565094455508e-01
9.747859870200710208e-01
9.724593959768899065e-01
9.781033273591521748e-01
9.714909107101112884e-01
9.774465385000724593e-01
9.746190068016609143e-01
7.732297313844886943e-01
9.762776769712014913e-01
9.779252151261813575e-01
9.746635348599035353e-01
9.758323963887745034e-01
9.761329607819126952e-01
9.766450334517037257e-01
9.757210762431677287e-01
9.726263761953000131e-01
9.778027629660139830e-01
9.746190068016609143e-01
9.730382607340450907e-01
9.753759837917868047e-01
9.746301388162216250e-01
9.778250269951352935e-01
9.751978715588159874e-01
9.747414589618282887e-01
9.749418352239205277e-01
9.779808751989846893e-01
9.759993766071846100e-01
9.772684262671015309e-01
9.742850463648405901e-01
9.743407064376439219e-01
9.760327726508666313e-01
9.743073103939620117e-01
9.764001291313688657e-01
9.784595518250938095e-01
9.783927597377297669e-01
9.745744787434181822e-01
9.766339014371431260e-01
9.748639111219956632e-01
9.772350302234195096e-01
9.779920072135455111e-01
9.729492046175595155e-01
9.795282252229186026e-01
9.797286014850107305e-01
7.790963030579645121e-01
9.768899377720384747e-01
9.779697431844240896e-01
9.737729736950496706e-01
9.710456301276841895e-01
9.773463503690262844e-01
9.785820039852611840e-01
9.773240863399048628e-01
9.773463503690262844e-01
9.748416470928743527e-01
9.766895615099464578e-01
7.427280114882390816e-01
9.774242744709509267e-01
9.776469147621645872e-01
9.776691787912857867e-01
9.777025748349679191e-01
9.795616212666005129e-01
9.791608687424163682e-01
4.972559584107936748e-01
9.767229575536284791e-01
9.760105086217453207e-01
9.766895615099464578e-01
9.765448453206576618e-01
9.757099442286070179e-01
9.782146475047589496e-01
9.753091917044227621e-01
9.759437165343812781e-01
9.784929478687758309e-01
9.774688025291937699e-01
9.765225812915363512e-01
9.778250269951352935e-01
9.785040798833365416e-01
9.796952054413287092e-01
9.751644755151339661e-01
9.774576705146330591e-01
9.775578586456791230e-01
9.789048324075207974e-01
9.773018223107835523e-01
9.779586111698633788e-01
9.736839175785640954e-01
9.780810633300307533e-01
9.779920072135455111e-01
9.761663568255947165e-01
9.774242744709509267e-01
9.749195711947989951e-01
9.642773652747937962e-01
9.780810633300308643e-01
9.752980596898621624e-01
9.712348743752157176e-01
9.737173136222462277e-01
9.751978715588159874e-01
9.711569502732909642e-01
9.582104173392258506e-01
9.742961783794013009e-01
9.727265643263461881e-01
9.725818481370573920e-01
7.778383854126080799e-01
9.738397657824137132e-01
9.717024189867640160e-01
9.724482639623293068e-01
9.735503334038361212e-01
9.644109494495217705e-01
9.744074985250079646e-01
9.759659805635025887e-01
9.697988444968885791e-01
9.711680822878515640e-01
9.763889971168082660e-01
9.717914751032494802e-01
9.704667653705292274e-01
9.766005053934608826e-01
9.748973071656777956e-01
9.748639111219956632e-01
9.754539078937115582e-01
9.699212966570560646e-01
9.766116374080218154e-01
9.766784294953857470e-01
9.752646636461800300e-01
9.757823023232514714e-01
9.728824125301955839e-01
9.732720330398192399e-01
9.725261880642539492e-01
9.747303269472675780e-01
9.734056172145473251e-01
9.767118255390678794e-01
9.738286337678528914e-01
9.759993766071846100e-01
9.707005376763033766e-01
9.731384488650910436e-01
9.755318319956362005e-01
9.735503334038361212e-01
9.695316761474322975e-01
9.720252474090236294e-01
9.713573265353832031e-01
9.770680500050094031e-01
9.756876801994855963e-01
9.767897496409925218e-01
9.718582671906135229e-01
9.755874920684395324e-01
9.744186305395687864e-01
9.718582671906135229e-01
9.761329607819126952e-01
9.772906902962228415e-01
9.760884327236699631e-01
9.766339014371431260e-01
9.775244626019971017e-01
9.729046765593170054e-01
9.777471028932105401e-01
9.744742906123721182e-01
9.737061816076855170e-01
9.754761719228328687e-01
9.759548485489419889e-01
9.754427758791509584e-01
9.702775211229976993e-01
9.751422114860126555e-01
9.751310794714519448e-01
9.774354064855116375e-01
9.750754193986486129e-01
9.734724093019113678e-01
9.749585332457615383e-01
9.770235219467667820e-01
9.781701194465162175e-01
9.759882445926238992e-01
9.744186305395687864e-01
9.741403301755519051e-01
9.746524028453429356e-01
9.777137068495285188e-01
9.718471351760527011e-01
9.779474791553027790e-01
9.745299506851754501e-01
9.753648517772262050e-01
9.778472910242567151e-01
9.769901259030846497e-01
9.782703075775622814e-01
9.757099442286070179e-01
9.763889971168082660e-01
9.760439046654273421e-01
9.749307032093599279e-01
9.761106967527913847e-01
9.756431521412429753e-01
9.759771125780631884e-01
9.737395776513675383e-01
9.765337133060969510e-01
9.750197593258451700e-01
9.749418352239204166e-01
9.765559773352183726e-01
9.766561654662644365e-01
9.754984359519542902e-01
9.734056172145473251e-01
9.766672974808250363e-01
9.771571061214948672e-01
9.755763600538789326e-01
9.758880564615778352e-01
9.772461622379802204e-01
9.749529672384811274e-01
9.761997528692768489e-01
9.729269405884383159e-01
9.786710601017466482e-01
9.724927920205720389e-01
9.735614654183967209e-01
9.774910665583150804e-01
9.766672974808251473e-01
9.783593636940477456e-01
9.768454097137959646e-01
9.742627823357192796e-01
9.755652280393182219e-01
9.753091917044227621e-01
9.776580467767250759e-01
9.772906902962228415e-01
9.779586111698634898e-01
9.760327726508666313e-01
9.765114492769756405e-01
9.799623737907849907e-01
9.793723770190690958e-01
7.801761084703501270e-01
9.708675178947133722e-01
9.711458182587303645e-01
9.721588315837517147e-01
9.759882445926238992e-01
9.708452538655920616e-01
9.746078747871003145e-01
9.494940499382172883e-01
9.481248121472543033e-01
9.447629437499304172e-01
9.729158085738774941e-01
9.757767363159710605e-01
9.563402388930325460e-01
9.704667653705291164e-01
9.758880564615778352e-01
7.192505927797754328e-01
9.736059934766394530e-01
9.758991884761385460e-01
9.748861751511169738e-01
9.754539078937115582e-01
9.738063697387315809e-01
9.711903463169728745e-01
9.743852344958866540e-01
9.767229575536284791e-01
9.696096002493570509e-01
9.758212643742136816e-01
9.730382607340450907e-01
9.750642873840879021e-01
9.725484520933753707e-01
9.722033596419944468e-01
9.728156204428315412e-01
9.746412708307821138e-01
9.741737262192339264e-01
9.733610891563045930e-01
9.734612772873507680e-01
9.751199474568912340e-01
9.739956139862631090e-01
9.735725974329574317e-01
9.751644755151339661e-01
9.757767363159710605e-01
9.759882445926240102e-01
9.730493927486056904e-01
9.761774888401554273e-01
9.734501452727900572e-01
9.713239304917010708e-01
9.755986240830002432e-01
9.744408945686900969e-01
9.712126103460942961e-01
9.751644755151339661e-01
9.744965546414934288e-01
9.783816277231690561e-01
9.762331489129587592e-01
9.742627823357192796e-01
9.742516503211586798e-01
9.745076866560541395e-01
9.745522147142968716e-01
9.737395776513675383e-01
9.775244626019972127e-01
9.749863632821631487e-01
9.773797464127083057e-01
9.720252474090236294e-01
9.742739143502799903e-01
9.749195711947991061e-01
9.751644755151339661e-01
9.784261557814117882e-01
9.771348420923735567e-01
9.765003172624150407e-01
9.775021985728757912e-01
9.772127661942981991e-01
9.778138949805745828e-01
9.747971190346317316e-01
9.744742906123721182e-01
9.746301388162215140e-01
9.782035154901982388e-01
9.735948614620787422e-01
9.765671093497790833e-01
9.768342776992351428e-01
9.770791820195701138e-01
9.748639111219957742e-01
9.764223931604902873e-01
9.792053968006589892e-01
9.769455978448419176e-01
9.783593636940476346e-01
9.762108848838374486e-01
9.735058053455933891e-01
9.753982478209082263e-01
9.771014460486914244e-01
9.763889971168082660e-01
9.761663568255947165e-01
9.765225812915363512e-01
9.780699313154701535e-01
9.761886208547161381e-01
9.715020427246718882e-01
9.730271287194844909e-01
9.735058053455935001e-01
9.758991884761385460e-01
9.790718126259309040e-01
9.771793701506160668e-01
9.778472910242567151e-01
9.769678618739633391e-01
9.768788057574778749e-01
9.778027629660139830e-01
9.770680500050094031e-01
9.761440927964734060e-01
9.733722211708653038e-01
9.785708719707004732e-01
9.773240863399049738e-01
9.795282252229186026e-01
9.768565417283565644e-01
9.783148356358050135e-01
9.791386047132949466e-01
9.763333370440048231e-01
9.752980596898619403e-01
9.793167169462657640e-01
9.787489842036714016e-01
9.766895615099464578e-01
9.780365352717881322e-01
9.786487960726253377e-01
9.758769244470171245e-01
9.799289777471029694e-01
9.726152441807391913e-01
9.770457859758879815e-01
9.785486079415791627e-01
9.771348420923734457e-01
9.770680500050094031e-01
9.770680500050094031e-01
9.769455978448420286e-01
9.757878683305317713e-01
9.717358150304460374e-01
9.747080629181462674e-01
9.745967427725396037e-01
7.615745121394619233e-01
9.773240863399049738e-01
9.752757956607407408e-01
9.732052409524550862e-01
9.669267847402344129e-01
9.216194854782869816e-01
9.729714686466810480e-01
9.715577027974753310e-01
9.222874063519275190e-01
9.775467266311184122e-01
9.756876801994857074e-01
9.712237423606550069e-01
9.736839175785640954e-01
9.714018545936258242e-01
9.708452538655920616e-01
9.710790261713662108e-01
9.724148679186472854e-01
9.733054290835012612e-01
9.713684585499436919e-01
9.758880564615778352e-01
9.700994088900268819e-01
9.738286337678530025e-01
9.716690229430819947e-01
9.751310794714520558e-01
9.712237423606550069e-01
9.734724093019113678e-01
9.740178780153844196e-01
9.738286337678528914e-01
9.750197593258451700e-01
9.710790261713662108e-01
9.731607128942124652e-01
9.758212643742137926e-01
9.780921953445914641e-01
9.744631585978114074e-01
9.725039240351326386e-01
9.728490164865135625e-01
9.744074985250081866e-01
9.727488283554674986e-01
9.739399539134596662e-01
9.759993766071846100e-01
9.727822243991494089e-01
9.670826329440839197e-01
9.735725974329574317e-01
9.745967427725394927e-01
9.763333370440048231e-01
9.768788057574779859e-01
9.758769244470171245e-01
9.728267524573922520e-01
9.740624060736270406e-01
9.733054290835012612e-01
9.749863632821631487e-01
9.750308913404058808e-01
9.741625942046732156e-01
9.744074985250080756e-01
9.745188186706148503e-01
9.756654161703642858e-01
9.725373200788145489e-01
9.758435284033351031e-01
9.723369438167225320e-01
9.766005053934609936e-01
9.735280693747148106e-01
9.738620298115350238e-01
9.749418352239205277e-01
9.777582349077712509e-01
9.761329607819126952e-01
9.751644755151339661e-01
9.785263439124577411e-01
9.779140831116206467e-01
9.769789938885240499e-01
9.756988122140464181e-01
9.763556010731262447e-01
9.773574823835869951e-01
9.762442809275193589e-01
9.751199474568912340e-01
9.751756075296945658e-01
9.764112611459295765e-01
9.758101323596530818e-01
9.752535316316193192e-01
9.786821921163072480e-01
9.773352183544655736e-01
9.752757956607407408e-01
9.775912546893610333e-01
9.771014460486914244e-01
9.748973071656779066e-01
9.778027629660139830e-01
9.765671093497790833e-01
9.784706838396545203e-01
9.747859870200710208e-01
9.756208881121216647e-01
9.765559773352183726e-01
9.759771125780631884e-01
9.770123899322059602e-01
9.752980596898621624e-01
9.763222050294442234e-01
9.753982478209082263e-01
9.756208881121216647e-01
9.752646636461800300e-01
9.764669212187330194e-01
9.765003172624149297e-01
9.766561654662644365e-01
9.782146475047589496e-01
9.792387928443410106e-01
9.770680500050094031e-01
9.753203237189834729e-01
9.783370996649263240e-01
9.786710601017466482e-01
9.758657924324565247e-01
9.772684262671015309e-01
9.792610568734624321e-01
9.791831327715375677e-01
9.775355946165578125e-01
9.759771125780631884e-01
9.752980596898621624e-01
9.792276608297802998e-01
9.769233338157206070e-01
9.763889971168083770e-01
9.787378521891105798e-01
9.771793701506161778e-01
9.769901259030847607e-01
9.722033596419944468e-01
9.740512740590664409e-01
9.746635348599036464e-01
9.791497367278556574e-01
9.759548485489418779e-01
9.786376640580646269e-01
