8.253426573426573265e-01
8.627132867132868421e-01
8.563468531468532152e-01
8.588307692307690644e-01
8.609006993006993458e-01
8.566153846153845564e-01
8.595244755244753065e-01
8.553846153846154099e-01
7.610965034965035958e-01
8.605202797202797793e-01
8.598825174825175388e-01
8.577902097902098122e-01
8.547020979020979459e-01
8.551720279720278484e-01
8.559664335664335377e-01
8.549034965034965072e-01
7.724755244755244776e-01
8.574993006993008038e-01
8.574657342657342474e-01
8.602405594405594380e-01
8.563132867132866588e-01
8.514685314685316309e-01
8.591216783216781838e-01
8.596699300699300883e-01
8.158769230769231662e-01
8.600391608391607656e-01
8.557986013986014218e-01
8.554965034965034132e-01
8.532251748251746815e-01
8.515356643356644106e-01
8.536615384615384716e-01
8.444083916083916508e-01
8.135944055944055453e-01
8.587748251748251738e-01
8.585398601398601670e-01
8.552503496503496283e-01
8.547132867132867240e-01
8.534041958041957976e-01
8.573650349650350222e-01
8.493874125874125713e-01
8.114573426573425952e-01
8.572979020979021314e-01
8.625790209790209495e-01
8.586517482517483923e-01
8.545790209790209424e-01
8.517706293706295284e-01
8.490069930069930049e-01
8.455384615384615721e-01
7.851412587412587296e-01
8.401342657342658615e-01
8.320559440559439635e-01
8.300083916083915714e-01
8.262377622377623521e-01
8.078321678321678245e-01
7.931300699300698476e-01
7.723860139860139196e-01
7.879944055944055892e-01
8.321118881118880761e-01
8.349650349650349357e-01
8.319104895104895148e-01
8.236867132867132790e-01
8.220083916083915643e-01
8.036923076923077058e-01
8.005482517482517268e-01
7.847160839160839396e-01
8.296055944055943376e-01
8.343720279720279187e-01
8.331412587412587722e-01
8.271104895104894883e-01
8.204755244755245203e-01
8.106853146853146841e-01
7.907692307692307798e-01
7.586909090909090825e-01
8.602741258741257724e-01
8.671776223776223036e-01
8.536503496503495825e-01
8.565370629370628874e-01
8.636083916083916456e-01
8.570181818181817901e-01
8.553062937062937410e-01
7.639048951048951208e-01
8.601286713286713237e-01
8.617174825174825914e-01
8.611356643356643525e-01
8.602517482517482161e-01
8.537958041958042532e-01
8.528559440559440041e-01
8.550041958041958434e-01
7.651916083916083799e-01
8.618181818181818166e-01
8.541874125874124868e-01
8.599720279720279859e-01
8.602853146853146615e-01
8.522517482517482090e-01
8.519720279720279787e-01
8.495552447552446873e-01
8.193342657342655988e-01
8.622321678321678284e-01
8.595356643356641957e-01
8.598377622377622043e-01
8.549930069930069543e-01
8.532811188811189052e-01
8.577230769230770324e-01
8.561454545454545428e-01
8.352895104895103895e-01
8.572643356643356860e-01
8.593454545454546345e-01
8.556083916083915275e-01
8.552839160839160737e-01
8.576111888111888071e-01
8.558881118881118688e-01
8.515580419580419669e-01
8.274461538461537202e-01
8.599608391608392077e-01
8.618405594405593728e-01
8.585510489510490562e-01
8.578125874125874795e-01
8.578685314685313701e-01
8.572643356643355750e-01
8.557426573426574201e-01
8.177790209790208875e-01
8.616951048951049241e-01
8.694489510489509243e-01
8.564251748251747731e-01
8.545566433566433862e-01
8.568279720279720069e-01
8.539860139860140364e-01
8.527328671328671117e-01
8.404475524475524262e-01
8.603748251748251086e-01
8.635636363636363111e-01
8.576783216783216979e-01
8.578685314685314811e-01
8.567944055944055615e-01
8.581818181818181568e-01
8.542657342657342667e-01
8.309818181818181548e-01
8.614041958041958047e-01
8.616279720279721444e-01
8.612811188811188012e-01
8.580587412587411533e-01
8.578685314685314811e-01
8.537286713286712514e-01
8.530125874125873420e-01
7.529286713286713617e-01
7.953006993006992431e-01
8.525538461538462176e-01
8.574097902097902457e-01
8.566265734265734455e-01
8.526993006993007773e-01
8.549482517482516197e-01
8.499804195804196993e-01
7.043412587412587467e-01
7.732699300699301670e-01
7.284139860139859923e-01
8.577678321678321449e-01
8.519496503496503115e-01
8.455384615384615721e-01
8.487832167832167762e-01
8.378517482517482406e-01
8.283300699300699677e-01
7.741762237762237486e-01
8.363748251748251983e-01
8.545566433566433862e-01
8.515356643356642996e-01
8.487496503496502198e-01
7.369398601398600146e-01
8.490405594405594503e-01
8.090181818181818585e-01
8.540027972027970371e-01
8.643580419580418894e-01
8.596475524475524210e-01
8.569398601398601212e-01
8.533146853146853505e-01
8.530797202797202328e-01
8.568615384615384523e-01
7.701258741258741880e-01
8.605762237762237810e-01
8.595020979020978613e-01
8.562125874125874336e-01
8.561342657342656537e-01
8.551160839160838467e-01
8.526097902097902193e-01
8.584727272727272762e-01
8.175888111888112153e-01
8.596475524475524210e-01
8.611020979020977961e-01
8.567720279720278942e-01
8.574321678321679130e-01
8.538741258741259221e-01
8.580923076923075987e-01
8.507860139860139448e-01
8.319664335664335164e-01
8.595020979020978613e-01
8.619972027972028217e-01
8.645818181818181181e-01
8.585622377622377233e-01
8.563804195804195496e-01
8.603748251748252196e-01
8.554293706293706334e-01
8.269986013986013740e-01
8.605650349650348918e-01
8.622433566433567176e-01
8.576335664335664744e-01
8.562461538461537680e-01
8.557874125874125326e-01
8.552279720279720721e-01
8.546237762237761659e-01
8.310713286713286019e-01
8.647832167832167904e-01
8.604979020979021120e-01
8.561342657342656537e-01
8.575440559440559163e-01
8.557874125874125326e-01
8.549706293706293980e-01
8.566825174825174471e-01
