8.634629370629370859e-01
8.589426573426572897e-01
8.572867132867132423e-01
8.594237762237761924e-01
8.636867132867133146e-01
8.579356643356643719e-01
8.551160839160838467e-01
8.592111888111888529e-01
8.606433566433566718e-01
8.614265734265733609e-01
8.580363636363637081e-01
8.617734265734264820e-01
8.593454545454546345e-01
8.626237762237761730e-01
8.634629370629369749e-01
8.566937062937063363e-01
8.598713286713286497e-01
8.605202797202797793e-01
8.611020979020979071e-01
8.585846153846152795e-01
8.642013986013985516e-01
8.545790209790209424e-01
8.608223776223775658e-01
8.500363636363637010e-01
8.616839160839162570e-01
8.582377622377622695e-01
8.566713286713286690e-01
8.609566433566433474e-01
8.606209790209791155e-01
8.536391608391609154e-01
8.535160839160840229e-01
8.516027972027971904e-01
8.603076923076922178e-01
8.590993006993006276e-01
8.595244755244755286e-01
8.570517482517482355e-01
8.561006993006993193e-01
8.554069930069930772e-01
8.580251748251748189e-01
8.529342657342656731e-01
8.608559440559440112e-01
8.578909090909090374e-01
8.589314685314686226e-01
8.568167832167832287e-01
8.581370629370628222e-01
8.562237762237762118e-01
8.576895104895105870e-01
8.545118881118881626e-01
8.489958041958042267e-01
8.441174825174825314e-01
8.367104895104895412e-01
8.394741258741258427e-01
8.298965034965034571e-01
8.234741258741259395e-01
8.243244755244755195e-01
8.019468531468531003e-01
8.398433566433567421e-01
8.391384615384616108e-01
8.361286713286711914e-01
8.348195804195805980e-01
8.385342657342658157e-01
8.364419580419579781e-01
8.135048951048950983e-01
8.028979020979021275e-01
8.408503496503495489e-01
8.392615384615385032e-01
8.391608391608391671e-01
8.383328671328671433e-01
8.341146853146853557e-01
8.260923076923077923e-01
8.213594405594405456e-01
8.112335664335664775e-01
8.593790209790210799e-01
8.583160839160839384e-01
8.581258741258741551e-01
8.567608391608392271e-01
8.576559440559439196e-01
8.663832167832168363e-01
8.560335664335664285e-01
8.556531468531467510e-01
8.581594405594406005e-01
8.587076923076922830e-01
8.580363636363637081e-01
8.585398601398601670e-01
8.582489510489510476e-01
8.589650349650350680e-01
8.578125874125873684e-01
8.595468531468531959e-01
8.607552447552448971e-01
8.630713286713287413e-01
8.606545454545454499e-01
8.601510489510489910e-01
8.628139860139860673e-01
8.582489510489510476e-01
8.569174825174824539e-01
8.544111888111888264e-01
8.622321678321678284e-01
8.618853146853147074e-01
8.586293706293706141e-01
8.584839160839159433e-01
8.614489510489510282e-01
8.574097902097901347e-01
8.570405594405594574e-01
8.564811188811188858e-01
8.594797202797201940e-01
8.590545454545454040e-01
8.567608391608392271e-01
8.608000000000000096e-01
8.572979020979020204e-01
8.588307692307691754e-01
8.622657342657342738e-01
8.556419580419579729e-01
8.623776223776222771e-01
8.617062937062937023e-01
8.598825174825175388e-01
8.566825174825174471e-01
8.568167832167831177e-01
8.559999999999999831e-01
8.580699300699300425e-01
8.569958041958043449e-01
8.605090909090907791e-01
8.576111888111886961e-01
8.591216783216782948e-01
8.586517482517481703e-01
8.595468531468530848e-01
8.608447552447551221e-01
8.566041958041957782e-01
8.557090909090908637e-01
8.611244755244754634e-01
8.607776223776223423e-01
8.593790209790209689e-01
8.583272727272726055e-01
8.570629370629370136e-01
8.597706293706293135e-01
8.598489510489510934e-01
8.533706293706293522e-01
8.575664335664335836e-01
8.592111888111887419e-01
8.590209790209789587e-01
8.581482517482517114e-01
8.563020979020979917e-01
8.620755244755244906e-01
8.554853146853147461e-01
8.549818181818180651e-01
8.568839160839161195e-01
8.505734265734266053e-01
8.591664335664335184e-01
8.579020979020980375e-01
8.587636363636363956e-01
8.541202797202798180e-01
8.490629370629371175e-01
8.487608391608392200e-01
8.592447552447552983e-01
8.550265734265733997e-01
8.554965034965036352e-01
8.592391608391607427e-01
8.573874125874125784e-01
8.577342657342656995e-01
8.526209790209789974e-01
8.514013986013987401e-01
8.587636363636362846e-01
8.541314685314684851e-01
8.559552447552447596e-01
8.606321678321677826e-01
8.593790209790210799e-01
8.514237762237761853e-01
8.465790209790209353e-01
8.513342657342657382e-01
8.633734265734265279e-01
8.616167832167832552e-01
8.645034965034964491e-01
8.606657342657342280e-01
8.605202797202797793e-01
8.576447552447552525e-01
8.576223776223774742e-01
8.517874125874126401e-01
8.595132867132866394e-01
8.600391608391610987e-01
8.568727272727272304e-01
8.592671328671328546e-01
8.581594405594406005e-01
8.566153846153845564e-01
8.545902097902098316e-01
8.557986013986014218e-01
8.610349650349650164e-01
8.613594405594404702e-01
8.594797202797203051e-01
8.587524475524475065e-01
8.566937062937063363e-01
8.577790209790210341e-01
8.612475524475524669e-01
8.571972027972027952e-01
8.639888111888112121e-01
8.590993006993006276e-01
8.579020979020979265e-01
8.583720279720279400e-01
8.612475524475524669e-01
8.575888111888110288e-01
8.548139860139859492e-01
8.602181818181818818e-01
8.606321678321677826e-01
8.584839160839159433e-01
8.615272727272726971e-01
8.570405594405594574e-01
8.556195804195805277e-01
8.628923076923077362e-01
8.573650349650349112e-01
8.571524475524475717e-01
8.602629370629368832e-01
8.593902097902096360e-01
8.593118881118881891e-01
8.577230769230769214e-01
8.577566433566433668e-01
8.582377622377621584e-01
8.576671328671329197e-01
8.594797202797203051e-01
