6.826622459083878658e-01
7.729057955695990412e-01
8.151403553666596302e-01
8.093436731605825329e-01
8.124255944102626303e-01
8.038362687613346269e-01
8.035692430934924246e-01
7.971606270652765724e-01
6.609052170139854132e-01
7.976167959145072928e-01
8.150402207412186240e-01
8.146953125869224044e-01
8.164198533584041684e-01
8.126481158001314098e-01
7.977280566094415715e-01
7.750308748428442751e-01
7.115677744523192239e-01
7.942678489969847710e-01
8.108234404032088616e-01
8.058055830616719373e-01
8.167313833042201265e-01
8.062116845981820434e-01
8.057054484362309310e-01
7.989519242537187482e-01
7.126024989152082156e-01
7.635487711256243593e-01
7.884377885824274124e-01
7.786357213587156156e-01
7.738403854070472487e-01
7.700463957097876122e-01
7.589982087028116498e-01
7.438333759832663761e-01
7.227828525016967154e-01
7.615572046863003930e-01
7.985291336129686224e-01
7.870136516872684451e-01
7.727834088051713790e-01
7.731839473069348490e-01
7.465370108701698815e-01
7.523893234237142291e-01
6.891598704925510077e-01
7.674873997262986469e-01
8.007988517896282854e-01
7.878481068992757574e-01
7.912304320252785406e-01
7.737513768510997370e-01
7.627810723305777918e-01
7.494186628689682994e-01
6.628133379321086149e-01
7.327851889762903026e-01
7.421088352117848341e-01
7.407959590115600346e-01
7.181099033144561217e-01
7.151169906207233140e-01
6.703123087706805983e-01
6.593420042501584311e-01
7.187329632060881490e-01
7.378920548737748497e-01
7.556047575073153721e-01
7.531458961492673021e-01
7.264989597125023346e-01
7.363010269362142424e-01
7.060381179140844399e-01
6.878024900143526743e-01
6.881585242381424994e-01
7.644833609630725668e-01
7.713370197710254228e-01
7.575740718076524605e-01
7.299257891164787626e-01
7.298701587690116233e-01
7.402952858843556694e-01
7.115677744523192239e-01
7.203740584563691485e-01
7.836090744222788951e-01
7.921316436542462647e-01
8.095439424114643234e-01
8.154407592429822049e-01
8.053271620734543390e-01
8.044815807919536432e-01
7.598827312275391321e-01
7.066834299447033452e-01
7.219372712201961306e-01
7.888605792231778713e-01
7.983511165010737098e-01
8.005429521912793556e-01
8.027014096730049619e-01
8.023453754492151369e-01
8.051268928225725485e-01
6.548470721748128609e-01
7.965486932431380396e-01
7.192781406112661591e-01
7.270107589092001943e-01
7.979783931730437541e-01
8.057277005752178090e-01
6.535230699050946779e-01
7.408682784632674156e-01
7.113675052014375444e-01
7.939229408426884405e-01
8.100557416081620721e-01
8.151069771581793688e-01
8.120473080474859273e-01
8.136272099155531512e-01
8.037639493096274679e-01
7.804270185471577914e-01
7.380255677076958953e-01
7.898730515470799851e-01
8.078527798484629319e-01
8.148955818378041949e-01
8.097553377318393864e-01
8.096552031063986021e-01
8.126481158001312988e-01
8.020560976423859456e-01
6.826844980473748548e-01
7.965709453821248065e-01
8.185560587011426747e-01
8.133045539002436985e-01
8.164309794278974408e-01
8.157189109803180127e-01
8.053827924209214784e-01
7.919870047508317246e-01
6.970037494854193216e-01
7.814394908710600163e-01
7.983288643620867209e-01
8.072519720958177825e-01
7.965153150346576671e-01
7.846994292326350262e-01
8.005095739827990942e-01
7.530346354543329124e-01
7.232501474204208192e-01
7.927101992679046472e-01
8.120361819779926549e-01
8.042924376105653472e-01
7.967267103550328411e-01
7.763103728345888133e-01
7.742075457003305683e-01
7.553377318394730588e-01
7.375026424415046522e-01
7.944903703868535505e-01
8.131487889273355529e-01
8.091434039097009645e-01
8.144839172665472304e-01
7.921761479322200206e-01
7.662746581515147426e-01
7.616573393117412882e-01
6.657394942088807888e-01
7.305488490081109010e-01
7.961370286718810751e-01
8.020004672949185842e-01
7.930217292137207163e-01
7.976835523314678156e-01
8.063229452931163221e-01
7.807329854582270023e-01
6.910179240979539284e-01
6.863672270497001016e-01
7.470599361363612356e-01
7.757763214989040756e-01
7.182767943568575397e-01
7.816731383304220682e-01
7.768166089965398147e-01
7.081409450483429069e-01
6.514313688403299274e-01
7.771559541160893980e-01
7.025890363711212450e-01
8.040031598037361560e-01
8.070962071229097479e-01
7.414635231811657068e-01
7.620467517440114857e-01
6.658730070428020564e-01
6.585075490381512298e-01
7.816953904694088351e-01
8.187674540215178487e-01
8.091100257012207031e-01
8.129485196764537625e-01
8.064620211617841150e-01
7.997863794657262826e-01
7.866576174634787311e-01
7.118793043981351820e-01
7.475049789160983504e-01
7.978281912348823557e-01
8.173210649873718925e-01
8.161750798295487330e-01
8.138831095139019700e-01
8.051713971005463044e-01
7.902735900488434551e-01
6.914295886692107818e-01
7.840207389935357485e-01
8.007654735811479130e-01
8.162974665939762842e-01
8.087762436164176449e-01
7.858676665294451746e-01
8.060169783820471112e-01
8.120584341169795328e-01
7.034679958611020911e-01
7.912081798862915516e-01
8.126147375916509263e-01
8.059502219650863664e-01
8.076080063196074965e-01
8.004761957743188328e-01
8.011326338744311215e-01
7.632038629713280287e-01
7.190333670824107237e-01
7.855227583751488440e-01
8.152738682005807869e-01
8.113686178083867606e-01
8.067179207601330448e-01
8.066622904126659055e-01
7.909189020794623604e-01
7.915419619710944987e-01
7.383148455145250866e-01
7.962149111583350924e-01
8.140945048342772550e-01
8.103561454844846468e-01
8.195907831640315555e-01
8.171430478754769799e-01
7.970938706483161607e-01
8.039697815952558946e-01
