8.104562801099257641e-01
8.126036115221576539e-01
8.148844557683105894e-01
8.134714449426452276e-01
8.146174301004682761e-01
8.118692909355911258e-01
8.123032076458349682e-01
7.963261718532692601e-01
8.149400861157778397e-01
8.125368551051970201e-01
8.217937449237308067e-01
8.132155453442962978e-01
8.144616651275604635e-01
8.078082755704892870e-01
8.090210171452730803e-01
8.088430000333781678e-01
8.181221419908988324e-01
8.154073810345019435e-01
8.193460096351761202e-01
8.116912738236963243e-01
8.193682617741631091e-01
8.096440770369051076e-01
8.085982265045226214e-01
8.004984479133057107e-01
7.935446544799118485e-01
7.962371632973218594e-01
7.934778980629512146e-01
7.939229408426885515e-01
7.846437988851677758e-01
7.939340669121820460e-01
7.798262107945126420e-01
7.480724084602632384e-01
7.969381056754081261e-01
8.013662813337932844e-01
7.966822060770593072e-01
8.040142858732295394e-01
7.952135649039264731e-01
7.892499916554478467e-01
7.856896494175503731e-01
7.569287597770335552e-01
7.969826099533817709e-01
7.983288643620867209e-01
8.035469909545055467e-01
8.023787536576953983e-01
7.999310183691407117e-01
7.877590983433282457e-01
7.786579734977024936e-01
7.913083145117323358e-01
7.672537522669367061e-01
7.666529445142914456e-01
7.519331545744833978e-01
7.529233747593986337e-01
7.328408193237574419e-01
7.303374536877357270e-01
7.255754959445476215e-01
7.213475895370442537e-01
7.694344618876489683e-01
7.707139598793932844e-01
7.581971316992845988e-01
7.497635710232646300e-01
7.377919202483338434e-01
7.223711879304398620e-01
7.244295107867243511e-01
7.142714093392227293e-01
7.746970927580414390e-01
7.641273267392827417e-01
7.673316347533907233e-01
7.545922851834131473e-01
7.444341837359115255e-01
7.319284816252962234e-01
7.265768421989563519e-01
7.166412621413233985e-01
8.088986303808453071e-01
8.107344318472613498e-01
8.113352395999066102e-01
8.129373936069604900e-01
8.105230365268861759e-01
8.196130353030185445e-01
8.151181032276728633e-01
8.071852156788572596e-01
8.084980918790819482e-01
8.148176993513502886e-01
8.067290468296264283e-01
8.121696948119138115e-01
8.090766474927402196e-01
8.102226326505636012e-01
8.081086794468117507e-01
7.975055352195730141e-01
8.096663291758920966e-01
8.129373936069606010e-01
8.109569532371299072e-01
8.111460964185182032e-01
8.104006497624585137e-01
8.081754358637723845e-01
8.110459617930773080e-01
8.010547513879772152e-01
8.089542607283124465e-01
8.158969280922129252e-01
8.138608573749152031e-01
8.144171608495867076e-01
8.115243827812950173e-01
8.143392783631326903e-01
8.082644444197198963e-01
8.087539914774306560e-01
8.124255944102626303e-01
8.152627421310872924e-01
8.130264021629080018e-01
8.145061694055342194e-01
8.164532315668845408e-01
8.142947740851590455e-01
8.193015053572023643e-01
8.030351917578076870e-01
8.144616651275604635e-01
8.164643576363778132e-01
8.177438556281222404e-01
8.198466827623805964e-01
8.120473080474861494e-01
8.100446155386686886e-01
8.089208825198322961e-01
8.000867833420488573e-01
8.127705025645588499e-01
8.147398168648962713e-01
8.119805516305255155e-01
8.075857541806207296e-01
8.065176515092512544e-01
8.005318261217859721e-01
7.851667241513591300e-01
7.624695423847618336e-01
8.216936102982899115e-01
8.231399993324357567e-01
8.115021306423080283e-01
8.037472602053872262e-01
8.140388744868101156e-01
7.994414713114297300e-01
7.961036504634007027e-01
7.681549638959045412e-01
8.147731950733764217e-01
8.170985435975033351e-01
8.218827534796782075e-01
8.152738682005807869e-01
8.100779937471489500e-01
7.999755226471143565e-01
8.004761957743187217e-01
8.053160360039608445e-01
8.054384227683886177e-01
8.062951301193828080e-01
8.056609441582571751e-01
8.056164398802834192e-01
8.091322778402074700e-01
8.140722526952903770e-01
8.117023998931898188e-01
7.922317782796872709e-01
8.101781283725898453e-01
8.125257290357035256e-01
8.075412499026468627e-01
8.116300804414825487e-01
8.123032076458349682e-01
8.054495488378821122e-01
8.005207000522925886e-01
8.127148722170918216e-01
8.105007843878992979e-01
8.044482025834732708e-01
8.012438945693656223e-01
8.115577609897750566e-01
8.094104295775430558e-01
7.973831484551452409e-01
8.115577609897751676e-01
8.196130353030184335e-01
8.035692430934924246e-01
8.069738203584819747e-01
8.108901968201693844e-01
8.082421922807330184e-01
8.075412499026469737e-01
8.093993035080497833e-01
8.126703679391181767e-01
8.055385573938294019e-01
8.082978226282000467e-01
8.108456925421956285e-01
8.151848596446334971e-01
8.086538568519899828e-01
8.113686178083869827e-01
8.125702333136772815e-01
8.130375282324013853e-01
8.002759265234371533e-01
8.162195841075222669e-01
8.091879081876746094e-01
8.140166223478231267e-01
8.133490581782172324e-01
8.145506736835077533e-01
8.158524238142390583e-01
8.098554723572803926e-01
8.025011404221229494e-01
8.135604534985925174e-01
8.174323256823062822e-01
8.224390569543497120e-01
8.131932932053091978e-01
8.140611266257968825e-01
8.073409806517651832e-01
8.090321432147664638e-01
7.901845814928960543e-01
8.151737335751398916e-01
8.142836480156654400e-01
8.120695601864729163e-01
8.123477119238085020e-01
8.113797438778802551e-01
8.130709064408816467e-01
8.097887159403196478e-01
8.113129874609196213e-01
8.191568664537879352e-01
8.145061694055342194e-01
8.206032554879337804e-01
8.151848596446332751e-01
8.143504044326261848e-01
8.077415191535286532e-01
8.120806862559662997e-01
8.029016789238865304e-01
