6.387107529869409106e-01
7.720922478466238914e-01
7.859071964434565238e-01
8.240288969158099386e-01
8.192831342039456066e-01
8.138371769936092459e-01
8.007891080855794597e-01
8.050903028619061930e-01
5.966101694915254550e-01
7.260127813281467279e-01
7.987329813837176218e-01
8.123034176160044417e-01
8.194498471797720951e-01
8.162267296471242828e-01
8.112920255626563382e-01
8.032898027229786742e-01
6.405445957210336161e-01
6.211614337315920498e-01
7.772270075020838442e-01
8.170269519310918716e-01
8.220727979994444379e-01
8.132370102806335543e-01
8.130369547096415461e-01
7.912420116699082628e-01
6.434287302028340871e-01
7.153542650736315345e-01
7.510641844956932323e-01
7.673242567379828794e-01
7.807613225896081754e-01
7.841066963045290050e-01
7.672464573492637774e-01
7.624562378438455301e-01
6.458905251458738617e-01
7.260572381217005322e-01
7.511308696860238276e-01
7.803389830508473679e-01
7.871297582661850312e-01
7.805445957210335184e-01
7.845957210336205190e-01
7.763823284245624512e-01
6.535704362322867222e-01
7.205112531258682784e-01
7.797499305362601829e-01
7.851847735482078150e-01
7.978105029174771268e-01
7.848513475965546160e-01
7.929980550152820884e-01
7.758821894970826527e-01
6.309308141150319349e-01
6.679077521533759443e-01
7.039510975270908411e-01
7.520088913587108514e-01
7.003056404556822212e-01
7.026840789108085295e-01
6.938371769936092504e-01
6.181606001667129258e-01
6.496915809947207965e-01
7.070297304806891781e-01
7.249347040844678070e-01
7.196999166435120721e-01
7.246568491247569188e-01
6.752875798833009036e-01
6.591053070297304695e-01
6.620950263962210869e-01
6.303417616004445279e-01
6.922700750208391485e-01
7.489413726035009100e-01
7.347374270630731008e-01
7.327924423450958846e-01
7.160211169769380435e-01
6.712420116699082673e-01
6.395554320644623036e-01
6.321311475409836511e-01
7.708919144206723972e-01
7.804834676298970653e-01
7.993553764934704375e-01
8.162711864406779760e-01
8.095359822172825126e-01
8.183273131425395919e-01
7.976215615448735141e-01
6.639177549319255078e-01
6.978382884134481934e-01
7.796776882467352232e-01
7.888080022228396437e-01
8.154598499583218807e-01
8.190608502361765852e-01
8.088246735204223103e-01
7.944095582106140974e-01
5.980994720755765659e-01
7.473520422339539060e-01
6.725201444845790855e-01
7.760933592664629455e-01
7.975771047513198209e-01
8.109585996110031392e-01
7.751597666018339439e-01
7.956210058349542091e-01
6.469463739927758805e-01
7.626896360100028360e-01
7.957432620172271154e-01
8.195943317588219035e-01
8.244178938594054484e-01
8.091469852736870028e-01
8.130925257015838570e-01
8.093136982495137133e-01
6.382995276465684986e-01
7.579549874965267886e-01
8.151153098082799531e-01
8.369547096415671517e-01
8.207057515976659001e-01
8.142595165323701645e-01
8.145040288969157549e-01
8.041455959988885738e-01
6.391553209224785093e-01
7.853070297304807212e-01
8.144595721033620617e-01
8.393442622950819665e-01
8.215615448735759108e-01
8.413448180050014935e-01
8.130036121144761374e-01
8.084912475687691114e-01
6.344429008057792529e-01
7.072964712420116706e-01
7.976660183384274294e-01
7.889969435954432564e-01
7.902750764101139636e-01
7.994998610725202459e-01
7.986551819949985198e-01
7.744706863017505327e-01
6.581939427618782590e-01
7.563878855237565757e-01
7.903195332036677678e-01
8.060794665184773944e-01
8.221394831897750333e-01
8.142928591275354622e-01
7.963212003334259048e-01
7.788607946651847636e-01
6.577493748263406603e-01
7.759377604890247415e-01
8.002889691580994391e-01
7.979883300916921218e-01
8.054237288135592809e-01
8.025451514309530632e-01
8.086023895526536220e-01
8.019672131147541627e-01
6.403667685468186210e-01
6.773992775771047192e-01
7.049736037788274512e-01
7.669130313976104674e-01
7.959099749930536039e-01
7.931203111975548836e-01
8.026896360100027605e-01
7.715254237288134975e-01
6.241178105029174805e-01
7.294248402333982639e-01
6.859683245345928881e-01
7.394609613781605306e-01
7.960655737704915857e-01
7.122756321200334195e-01
7.880855793275909349e-01
7.781939427618783656e-01
6.528480133370380134e-01
7.387440955821061861e-01
6.707529869408168643e-01
6.511475409836066097e-01
7.718032786885246077e-01
7.898971936649069603e-01
7.748041122534037317e-01
7.907418727424284643e-01
6.282634065018060099e-01
7.576160044456794473e-01
8.049235898860794824e-01
8.161155876632397721e-01
8.338427340928036280e-01
8.129258127257571465e-01
8.072353431508751953e-01
7.961656015559878119e-01
6.268519033064738899e-01
7.363378716310087224e-01
7.967879966657405166e-01
8.054459572103362941e-01
8.304862461794944029e-01
8.320644623506530113e-01
8.018894137260350607e-01
8.015559877743818618e-01
6.721867185329257754e-01
7.696137816060016901e-01
7.945207001944984970e-01
7.881856071130869390e-01
8.178938594053903888e-01
8.112809113642678316e-01
8.032453459294247589e-01
7.939983328702417964e-01
6.368880244512364897e-01
7.416504584606835593e-01
7.970658516254516268e-01
8.137149208113365617e-01
8.066796332314531970e-01
8.161378160600166742e-01
8.025451514309529522e-01
8.019227563212003584e-01
6.483912197832731872e-01
7.701472631286467863e-01
8.069797165879409873e-01
8.154376215615448675e-01
8.205612670186163138e-01
8.125034731869964499e-01
8.049347040844679890e-01
8.113698249513754401e-01
6.561378160600166431e-01
7.640233398166158540e-01
8.090247290914143186e-01
8.310086135037511035e-01
8.305751597666017894e-01
8.239844401222561343e-01
8.082689636010002010e-01
8.038343984440122769e-01
