8.444679077521534127e-01
8.478799666574048377e-01
8.417671575437621900e-01
8.385996110030564665e-01
8.371769936093359510e-01
8.238844123367602412e-01
8.187385384829118928e-01
8.161822728535703675e-01
8.494248402333981485e-01
8.459905529313697103e-01
8.496248958043900457e-01
8.339649902750765342e-01
8.281078077243678726e-01
8.340094470686301165e-01
8.245290358432898481e-01
8.151153098082801751e-01
8.549374826340649935e-01
8.461128091136426166e-01
8.400111141983883645e-01
8.463906640733538378e-01
8.419227563212003940e-01
8.407001944984717756e-01
8.195609891636566058e-01
8.153153653792719613e-01
8.222728535704361130e-01
8.097249235898860142e-01
8.226396221172548318e-01
8.143484301194777730e-01
7.981105862739649170e-01
7.899972214504029644e-01
7.948763545429287092e-01
7.883634342873020451e-01
7.962434009447068028e-01
8.194609613781606017e-01
8.157710475131980665e-01
8.059683245345929947e-01
8.074687413170325012e-01
7.987885523756599326e-01
7.964656849124756022e-01
7.967324256737984278e-01
8.148374548485690649e-01
8.211392053348153253e-01
8.188830230619617012e-01
8.195165323701028015e-01
8.093248124479022199e-01
8.158821894970824662e-01
8.164712420116698732e-01
7.928313420394552669e-01
7.600000000000001199e-01
7.662350652959155628e-01
7.889191442067240434e-01
7.622172825784940819e-01
7.484078910808559248e-01
7.108974715198665972e-01
6.819338705195887584e-01
6.503139761044735012e-01
7.673242567379827683e-01
7.722033898305084021e-01
7.742261739372047202e-01
7.697804945818282896e-01
7.575882189497082919e-01
7.307252014448457622e-01
6.867240900250068947e-01
6.957821617115865775e-01
7.684912475687690758e-01
7.651792164490136550e-01
7.745484856904695237e-01
7.655237565990553605e-01
7.641344818005000317e-01
7.537871631008613571e-01
7.187218671853292662e-01
6.794609613781605884e-01
8.473020283412058262e-01
8.402556265629341770e-01
8.417338149485968923e-01
8.433731592108919539e-01
8.337538205056960194e-01
8.381217004723534592e-01
8.289302584051124745e-01
8.080800222283968104e-01
8.469352597943873295e-01
8.490914142817449495e-01
8.408557932759102016e-01
8.367435398721867479e-01
8.335871075298691979e-01
8.308641289247011841e-01
8.277410391775493759e-01
8.109697138093915347e-01
8.496471242011669478e-01
8.429119199777714844e-01
8.426118366212838051e-01
8.404445679355376786e-01
8.341650458460683204e-01
8.345540427896638302e-01
8.331758821894972300e-01
8.064573492636843977e-01
8.479799944429007308e-01
8.498138371769935473e-01
8.452459016393443214e-01
8.454015004167825253e-01
8.376549041400389584e-01
8.295637677132536858e-01
8.195165323701028015e-01
8.112142261739372362e-01
8.517032509030286747e-01
8.510697415948874633e-01
8.528146707418727823e-01
8.417782717421505856e-01
8.391330925257015627e-01
8.330980828007779060e-01
8.267185329258126547e-01
8.207057515976659001e-01
8.526813003612114805e-01
8.527035287579883827e-01
8.448346762989719094e-01
8.476910252848013361e-01
8.465240344540150286e-01
8.333981661572659183e-01
8.253848291191996367e-01
8.152264517921645748e-01
8.428785773826062977e-01
8.375882189497082519e-01
8.304084467907751899e-01
8.213948318977493113e-01
8.315754376215613863e-01
8.125590441789385387e-01
8.105473742706306162e-01
7.950986385106972865e-01
8.516810225062517725e-01
8.471797721589329200e-01
8.372992497916087462e-01
8.318310641844957054e-01
8.258738538482912617e-01
8.147040844679077631e-01
8.074687413170325012e-01
8.194498471797722061e-01
8.442567379827730090e-01
8.473575993331481371e-01
8.400889135871075775e-01
8.398555154209503826e-01
8.353431508752432455e-01
8.216726868574604215e-01
8.183050847457625787e-01
8.179272020005557975e-01
8.063962211725480556e-01
8.357654904140039420e-01
8.037565990552930639e-01
8.165045846068352819e-01
8.342984162267296222e-01
8.063128646846345893e-01
8.198499583217558895e-01
8.025451514309530632e-01
8.481578216171157258e-01
8.473353709363712349e-01
8.229619338705195242e-01
8.374326201722700480e-01
8.272742428452348751e-01
8.203723256460128122e-01
8.070464017782716937e-01
7.846401778271742122e-01
8.457571547652125155e-01
7.867629897193664235e-01
8.098471797721589205e-01
8.358210614059462529e-01
8.306196165601554826e-01
8.335871075298695310e-01
8.107140872464573267e-01
7.973659349819394171e-01
8.246624062239511499e-01
8.190497360377883007e-01
8.416560155598776793e-01
8.442233953876076002e-01
8.428896915809946933e-01
8.259405390386218571e-01
8.173492636843567860e-01
8.162267296471241718e-01
8.396999166435119566e-01
8.370991942206168490e-01
8.345429285912753237e-01
8.309530425118087926e-01
8.372770213948319551e-01
8.296415671019727878e-01
8.156376771325367647e-01
8.124034454015003348e-01
8.456348985829397202e-01
8.457793831619895286e-01
8.402445123645455594e-01
8.383439844401223695e-01
8.370325090302861426e-01
8.362878577382605316e-01
8.192053348152265047e-01
8.099916643512086178e-01
8.485690469574882489e-01
8.439344262295082055e-01
8.407001944984717756e-01
8.424562378438454902e-01
8.296193387051958856e-01
8.263851069741594557e-01
8.205834954153931049e-01
8.123367602111697394e-01
8.530147263128646795e-01
8.474798555154209323e-01
8.465462628507919307e-01
8.391553209224784649e-01
8.315198666296192975e-01
8.271186440677966711e-01
8.190163934426228920e-01
8.087246457349264173e-01
8.565156988052236020e-01
8.471464295637677333e-01
8.386885245901638530e-01
8.444790219505419193e-01
8.381883856626839435e-01
8.275409836065574787e-01
8.244290080577938440e-01
8.158043901083633642e-01
