6.198846653851709521e-01
6.938521539128212900e-01
7.578417537972643725e-01
7.711974577495306349e-01
7.926976966410738124e-01
7.688640984899832720e-01
7.803197813309037389e-01
7.733641484905389163e-01
6.252180579784220038e-01
6.874187490972122339e-01
7.690307670085223535e-01
7.919310214557939709e-01
7.861087345414949912e-01
7.940032667029632840e-01
7.550417226858077147e-01
7.577306414515716515e-01
5.929121434682607106e-01
6.852742808253424744e-01
7.464638495983288990e-01
7.961088456538405467e-01
7.775030833675929953e-01
7.941199346659406633e-01
7.659862887365415096e-01
7.593084367604084894e-01
6.278958655096167352e-01
6.804408937877087782e-01
7.402637807086744903e-01
7.329303658929543497e-01
7.265414060156224485e-01
7.407526750297226403e-01
6.988410982344248623e-01
7.099634440382671663e-01
6.409960110667896060e-01
6.714741274903055501e-01
7.287858753986156124e-01
7.282858698429981459e-01
7.718752430582562774e-01
7.612084578717541739e-01
7.308970099667774223e-01
7.155190613229036600e-01
6.128956988410982909e-01
7.021633573706373976e-01
7.233747041633795671e-01
7.475305281169792870e-01
7.692529916999077955e-01
7.534083712041245162e-01
7.493083256480627119e-01
7.124301381126456612e-01
6.187402082245359036e-01
6.649073878598651399e-01
6.630962566250735435e-01
6.684852053911709557e-01
6.311736797075523375e-01
6.639629329214769005e-01
5.965621840242669727e-01
5.506727852531695389e-01
6.377959755108389972e-01
6.665296281069789108e-01
6.751852798364426089e-01
6.781853131701462978e-01
7.057078411982354860e-01
6.500516672407471441e-01
6.122512472360803759e-01
6.112401248902765705e-01
6.096401071123012105e-01
6.774297492194358838e-01
6.960077334192602549e-01
6.962521805797842189e-01
6.757963977377525744e-01
6.384070934121490737e-01
6.669962999588885388e-01
6.134179268658541684e-01
6.179846442738252676e-01
6.956077289747664150e-01
7.286192068800765309e-01
7.883198702207800945e-01
7.918310203446705664e-01
7.928310314559050553e-01
7.711641240458226854e-01
7.438193757708420062e-01
6.341514905721173934e-01
6.856853965044056309e-01
6.219235769286325377e-01
7.709974555272836039e-01
7.660418449093877591e-01
7.922532472583028174e-01
7.792975477505306170e-01
7.445082723141367431e-01
5.874620829120322796e-01
6.910965677396415652e-01
7.411304570050778473e-01
7.717419082434249233e-01
7.921088012089023689e-01
7.735530394782164088e-01
7.214635718174645662e-01
7.584862054022822875e-01
6.440293781042011334e-01
7.249191657685084555e-01
7.554528383648708711e-01
7.911532350359448129e-01
7.964866276291958647e-01
7.969310770119668597e-01
7.731419237991533633e-01
7.890309892332136865e-01
6.269791886576517870e-01
7.158412871254125065e-01
7.632307025633617847e-01
8.030978121979133189e-01
7.979533105923399816e-01
8.002755586173180280e-01
7.927532528139201728e-01
7.724641384904276098e-01
6.458960655118389793e-01
7.474805275614172517e-01
7.553972821920242886e-01
8.022422471360792784e-01
8.036422626918078294e-01
7.927199191102123343e-01
7.970088556539516311e-01
7.921532461471794129e-01
6.284514272380803401e-01
6.905965621840242097e-01
7.299192213246815664e-01
7.319970221891354267e-01
7.435304836720407762e-01
7.284747608306759714e-01
7.169857442860476660e-01
7.467638529316992235e-01
6.180679785330949194e-01
6.925076945299393216e-01
7.326970299669997022e-01
7.618640207113411833e-01
7.821642462694030629e-01
7.610973455260614529e-01
7.409526772519695603e-01
7.233413704596718397e-01
6.322292469916332980e-01
6.977188635429281138e-01
7.382082023133590409e-01
7.863309592328804332e-01
7.781530905898954575e-01
7.792864365159613005e-01
7.735197057745086813e-01
7.266080734230380145e-01
6.314959055100612950e-01
7.121079123101368147e-01
6.888965432949255563e-01
7.442304914499049406e-01
7.121412460138445422e-01
7.669196324403603215e-01
7.928754763941820993e-01
7.424860276225291322e-01
6.093956599517772466e-01
6.769852998366647778e-01
7.363192924365825620e-01
7.576750852787252910e-01
7.502416693518817459e-01
7.601973355259501464e-01
6.308292314359048580e-01
7.451416126845854526e-01
5.856565072945254524e-01
6.979077545306059394e-01
7.597751086123178954e-01
7.783642040467116940e-01
5.991733241480459160e-01
7.667974088600983951e-01
7.613417926865854168e-01
5.275725285836510015e-01
6.361292903254480713e-01
6.905632284803163712e-01
7.598973321925801550e-01
7.764308492316581711e-01
7.836642629362549073e-01
8.036422626918076073e-01
7.785086500961122535e-01
7.811197902198913079e-01
6.172290803231147427e-01
6.799464438493760809e-01
7.561195124390270861e-01
7.795642173801933250e-01
7.896754408382316015e-01
7.918643540483784049e-01
8.028978099756662878e-01
7.680418671318570700e-01
6.310181224235824615e-01
6.845520505783397880e-01
7.571528572539695245e-01
8.027089189879886844e-01
7.949754997277747037e-01
7.848864987388748382e-01
7.885420949121657586e-01
7.274858609540105769e-01
6.220513561261793445e-01
6.983855376170846618e-01
7.661307347859420691e-01
7.746308292314360022e-01
7.894198824431383210e-01
7.757419526883633232e-01
7.640418226869187812e-01
6.917854642829364131e-01
6.327736974855275864e-01
7.292747697196636514e-01
7.744641607128968097e-01
7.964755163946265482e-01
7.968755208391204992e-01
7.932199246658296898e-01
7.779419771330793321e-01
7.742308247869420512e-01
6.338403760041779744e-01
7.339192657696196331e-01
7.660640673785263921e-01
8.015533505927843194e-01
7.993588817653529688e-01
7.972977477527527501e-01
7.848753875043055217e-01
7.648529428104757777e-01
