8.286980966455183006e-01
8.105978955321725410e-01
8.192313247924977171e-01
8.262425138057090113e-01
8.180868676318626687e-01
8.061978466427406342e-01
7.977866420738009001e-01
8.049311659018433263e-01
8.115867954088378244e-01
8.313759041767130320e-01
8.342148246091622976e-01
8.227646973855264889e-01
8.170424115823510247e-01
8.170313003477815972e-01
7.988310981233124330e-01
7.873420815786842386e-01
8.195591062122912218e-01
8.230202557806198804e-01
8.322092467694085505e-01
8.236758186202070009e-01
8.147090523228035508e-01
8.056645073834155513e-01
7.929754775053056148e-01
8.056422849142768072e-01
7.563861820686896831e-01
7.673529705885620000e-01
7.955977288636540967e-01
7.768419649107213276e-01
7.692196579962000680e-01
7.722863587373193228e-01
7.679863109590105985e-01
7.330414782386470707e-01
8.066200735563728852e-01
7.693974377493082439e-01
7.962199579995334897e-01
8.087200968899654896e-01
7.793086589850998225e-01
7.763086256513960226e-01
7.655196168846321036e-01
7.482416471294125460e-01
7.796419960221779855e-01
7.773864154046156161e-01
7.974310825675841041e-01
8.073311925688062551e-01
7.981310903454483796e-01
7.926976966410738124e-01
7.880087556528405646e-01
7.595639951555017699e-01
7.146079400882232591e-01
7.105190057667307713e-01
7.161190679896443090e-01
7.176079734219269479e-01
7.114745719396882162e-01
6.686074289714329932e-01
6.371848576095289207e-01
6.083512039022656026e-01
7.311636795964400193e-01
7.356081734241490810e-01
7.265414060156223375e-01
7.258525094723276005e-01
7.077411971244124134e-01
6.729408104534494450e-01
6.810186779853109051e-01
6.300958899543327441e-01
7.235080389782109211e-01
7.428638095978843392e-01
7.515194613273480373e-01
7.366859631773685635e-01
7.186190957677307534e-01
6.925410282336471601e-01
6.662740697118856303e-01
6.496738852653918261e-01
8.089534328159202481e-01
8.151201680018667073e-01
8.247647196079956888e-01
8.114645718285757869e-01
8.147090523228035508e-01
8.109756775075278590e-01
7.955643951599462582e-01
8.045422726919188028e-01
8.071423015811287627e-01
8.198313314592383660e-01
8.183757597306637876e-01
8.189646551628351201e-01
8.154312825698061262e-01
8.089089878776429821e-01
7.919754663940710149e-01
7.982088689874332621e-01
8.143757152857254988e-01
8.190868787430971576e-01
8.273314147934976992e-01
8.122756919521327834e-01
8.050200557783975253e-01
8.229091434349271594e-01
8.028311425682508329e-01
7.815864620718007139e-01
8.256647296081067733e-01
8.259647329414772088e-01
8.200313336814853971e-01
8.159201768908541652e-01
8.178313092367693882e-01
8.025644729385883469e-01
7.960421782464250917e-01
7.863198479983111167e-01
8.254758386204291698e-01
8.311870131890355395e-01
8.304870054111711530e-01
8.303203368926320715e-01
8.285980955343947851e-01
8.184313159035100371e-01
8.017422415804620339e-01
7.911087900976678799e-01
8.328981433127036205e-01
8.355537283747596078e-01
8.344314936832630814e-01
8.315647951643906355e-01
8.281314236824854902e-01
8.201868909654550510e-01
7.996311070123001130e-01
7.932199246658294678e-01
8.219202435582617650e-01
8.238313759041766549e-01
8.171868576317514732e-01
8.084645384948722091e-01
8.171868576317513622e-01
7.967421860242891452e-01
7.732085912065689293e-01
7.439749330548117712e-01
8.215535728174757635e-01
8.239647107190080089e-01
8.268980766452960207e-01
8.246091623240258128e-01
8.077867531861465666e-01
7.992311025678062730e-01
7.825086945410505423e-01
7.631973688596540573e-01
8.254313936821521258e-01
8.338203757819531159e-01
8.367870754119490773e-01
8.145201613351259473e-01
8.107756752852809390e-01
7.962644029378104227e-01
7.778419760219559276e-01
7.712863476260847229e-01
8.240536005955620968e-01
7.837975977510861503e-01
7.731752575028612018e-01
7.907087856531739289e-01
7.734641496016623208e-01
7.952199468882987787e-01
7.765975177501972526e-01
7.542083800931120852e-01
8.005977844198268745e-01
7.954643940488227427e-01
8.068978544206046877e-01
7.746919410215669100e-01
8.109423438038201315e-01
7.904476716407959902e-01
7.804864498494428204e-01
7.695863287369859584e-01
7.961366237402638379e-01
7.799975555283947815e-01
7.713752375026389219e-01
8.002311136790409840e-01
7.807975644173823504e-01
7.837309303436704733e-01
7.729196991077679213e-01
7.835531505905621863e-01
8.109978999766664920e-01
8.168424093601039937e-01
7.829198102201135878e-01
8.098534428160313325e-01
8.128868098534427489e-01
8.042867142968255223e-01
8.041422682474250738e-01
7.877643084923167116e-01
8.166090734341493462e-01
8.220535783730931190e-01
7.898532205913398885e-01
8.233313703485595214e-01
8.104312270136334595e-01
8.121201346681629074e-01
8.036978188646539678e-01
7.814975721952466259e-01
8.264091823242479817e-01
8.120201335570395029e-01
8.187757641751574056e-01
8.159757330637006367e-01
8.131201457793975074e-01
8.032422582473137673e-01
7.831309236769297133e-01
7.838198202202245612e-01
8.128534761497350214e-01
8.259647329414770978e-01
8.344203824486937648e-01
8.179868665207391532e-01
8.084645384948722091e-01
8.138201535572617829e-01
8.007755641729352725e-01
7.707974533050367949e-01
8.324425826953633090e-01
8.229535883732042034e-01
8.253869487438749708e-01
8.148201646684962718e-01
8.119756886187624589e-01
8.184535383726485591e-01
7.996977744197156790e-01
7.895309947888310420e-01
8.320759119545773075e-01
8.376537517083522122e-01
8.346314959055100013e-01
8.216424626940299625e-01
8.238202646696074494e-01
8.125201391126567474e-01
8.057867309636773667e-01
7.852865031833686782e-01
