9.230546523540154036e-01
9.240234288004989249e-01
9.258718988018350693e-01
9.261836889225424363e-01
9.261391474767270982e-01
9.262616364527191948e-01
9.276424212729944552e-01
9.266179680192417889e-01
9.240122934390450071e-01
9.232996303059997079e-01
9.287782281412855223e-01
9.271190592846643153e-01
9.278762638635250637e-01
9.257828159102043930e-01
9.258830341632889871e-01
9.255712440425817311e-01
9.241570531379448283e-01
9.237895862099683164e-01
9.257828159102045040e-01
9.283328136831321409e-01
9.258162219945659244e-01
9.279430760322480154e-01
9.257716805487505862e-01
9.272972250679256678e-01
9.170192864460379178e-01
9.209834751236025685e-01
9.258162219945659244e-01
9.239788873546836978e-01
9.262505010912653880e-01
9.284107612133091214e-01
9.266068326577880931e-01
9.266179680192418999e-01
9.168856621085920144e-01
9.211839116297715346e-01
9.267515923566879144e-01
9.261502828381809049e-01
9.247472272949981420e-01
9.255601086811278133e-01
9.276758273573559865e-01
9.255823794040354269e-01
9.117968019241904365e-01
9.181216872299675646e-01
9.223976660282393603e-01
9.249587991626208039e-01
9.278205870562559188e-01
9.284775733820320731e-01
9.267961338025032525e-01
9.274085786824640687e-01
8.997817469155049430e-01
9.068304307157810662e-01
9.128268228586700062e-01
9.178878446394369561e-01
9.113959289118525042e-01
9.113179813816757457e-01
9.135227829495345953e-01
9.056166763173132406e-01
9.049485546300832794e-01
9.076433121019109596e-01
9.121754042136207552e-01
9.115184178878446009e-01
9.111732216827758135e-01
9.142911228898489284e-01
9.140572802993185419e-01
9.133223464433655181e-01
9.031223553516547486e-01
9.122756224667054603e-01
9.110952741525990550e-01
9.140684156607723487e-01
9.146029130105562954e-01
9.133000757204579045e-01
9.157164491559396380e-01
9.092802102356243310e-01
9.256046501269431515e-01
9.248697162709902386e-01
9.303705848291835556e-01
9.260055231392811947e-01
9.255601086811278133e-01
9.312614137454900964e-01
9.266179680192417889e-01
9.245913322346444030e-01
9.247472272949979200e-01
9.261502828381810160e-01
9.253151307291433980e-01
9.270355440737606534e-01
9.260723353080041464e-01
9.282437307915014646e-01
9.265734265734265618e-01
9.224088013896931670e-01
9.254487550665895235e-01
9.265956972963342864e-01
9.272860897064718610e-01
9.252149124760590260e-01
9.294797559128769038e-01
9.281991893456861265e-01
9.266179680192418999e-01
9.287336866954700731e-01
9.253262660905973158e-01
9.269297581399491559e-01
9.286223330809316723e-01
9.300476593470223818e-01
9.292681840452541309e-01
9.305598859738988260e-01
9.290900182619927783e-01
9.257828159102043930e-01
9.240791056077680699e-01
9.264509375974344652e-01
9.282437307915014646e-01
9.298138167564918843e-01
9.259943877778272769e-01
9.287893635027393291e-01
9.259721170549195524e-01
9.252371831989666395e-01
9.245356554273752581e-01
9.243463542826598767e-01
9.258830341632888761e-01
9.268740813326800110e-01
9.291791011536234546e-01
9.305598859738988260e-01
9.253485368135051514e-01
9.267293216337801898e-01
9.277092334417175179e-01
9.261502828381809049e-01
9.251592356687898810e-01
9.301033361542916378e-01
9.268740813326800110e-01
9.258718988018351803e-01
9.266291033806957067e-01
9.267627277181417211e-01
9.225090196427776501e-01
9.230991937998306307e-01
9.271079239232105085e-01
9.279096699478864840e-01
9.289229878401853435e-01
9.267627277181418322e-01
9.282103247071400443e-01
9.259609816934657456e-01
9.238229922943299588e-01
9.236559618725224130e-01
9.281212418155093680e-01
9.309273529018752269e-01
9.307714578415214879e-01
9.274308494053716823e-01
9.250144759698899488e-01
9.250367466927976734e-01
9.247583626564518378e-01
9.227317268718543408e-01
9.276869627188099043e-01
9.218130595519130610e-01
9.228764865707541620e-01
9.211170994610485829e-01
9.242127299452140843e-01
9.208164447017950227e-01
9.245690615117366784e-01
9.188844594895551054e-01
9.292459133223464063e-01
9.214734310275711771e-01
9.209445013585140227e-01
9.226537793416773603e-01
9.252260478375129438e-01
9.280321589238788027e-01
9.216850028951940610e-01
9.234109839205381087e-01
9.072869805353882544e-01
9.258162219945660354e-01
9.220858759075319933e-01
9.227094561489467273e-01
9.160393746381007007e-01
9.169747450002228017e-01
9.250367466927977844e-01
9.249699345240747217e-01
9.282325954300476578e-01
9.284664380205781553e-01
9.275087969355484407e-01
9.256603269342122964e-01
9.250478820542514802e-01
9.230212462696538722e-01
9.278929669057057739e-01
9.282882722373169138e-01
9.259387109705581320e-01
9.285332501893012180e-01
9.280210235624247739e-01
9.280878357311477256e-01
9.271858714533873780e-01
9.252037771146051082e-01
9.260946060309117600e-01
9.280432942853324985e-01
9.269408935014030737e-01
9.286446038038393969e-01
9.286557391652933147e-01
9.290343414547235223e-01
9.271970068148412958e-01
9.269408935014030737e-01
9.231103291612845485e-01
9.249253930782592725e-01
9.268518106097723974e-01
9.262282303683577744e-01
9.272081421762948805e-01
9.268963520555877356e-01
9.254153489822281031e-01
9.259721170549195524e-01
9.242572713910293114e-01
9.251369649458821565e-01
9.264286668745268516e-01
9.303371787448220243e-01
9.284218965747628172e-01
9.271190592846644263e-01
9.275310676584560543e-01
9.286446038038395079e-01
9.245467907888290648e-01
9.274976615740946340e-01
9.300810654313840242e-01
9.281212418155092569e-01
9.298360874793994979e-01
9.277871809718942764e-01
9.267627277181418322e-01
9.309830297091443718e-01
