9.512347052280312187e-01
9.475973303670746084e-01
9.488542825361512278e-01
9.486429365962181226e-01
9.462625139043381317e-01
9.450389321468298798e-01
9.467296996662959430e-01
9.451724137931034608e-01
9.496218020022246797e-01
9.502892102335929181e-01
9.473971078976640703e-01
9.460289210233592261e-01
9.450500556173526689e-01
9.478865406006674599e-01
9.458731924360400667e-01
9.404449388209120686e-01
9.486540600667408007e-01
9.487875417130144928e-01
9.479866518353726734e-01
9.476529477196884432e-01
9.429477196885428514e-01
9.453392658509455204e-01
9.432369299221357029e-01
9.452947719688543637e-01
9.412347052280310988e-01
9.383092324805339945e-01
9.400889877641823711e-01
9.388320355951057516e-01
9.408676307007786122e-01
9.397107897664072063e-01
9.426473859844272107e-01
9.403003337041156984e-01
9.369632925472748397e-01
9.412124582869855205e-01
9.404671857619577580e-01
9.415016685205784830e-01
9.434593993325918193e-01
9.421802002224693995e-01
9.386095661846496352e-01
9.418464961067853913e-01
9.339265850945496217e-01
9.380311457174638212e-01
9.398887652947719440e-01
9.400667408231367927e-01
9.422803114571746130e-01
9.435595105672969218e-01
9.439933259176862546e-01
9.431145717463849110e-01
9.010567296996663256e-01
9.092658509454949467e-01
9.114571746384872997e-01
9.118020022246940970e-01
9.144271412680756717e-01
9.054171301446052311e-01
9.040489432703002759e-01
8.964404894327030471e-01
9.026251390433815969e-01
9.102669632925473042e-01
9.057842046718577178e-01
9.066073414905450045e-01
9.085317018909899733e-01
9.137931034482759118e-01
9.069521690767519129e-01
9.023136818687430560e-01
8.961290322580646173e-01
9.067741935483870641e-01
9.130367074527251381e-01
9.096218020022246442e-01
9.070745272525027048e-01
9.089432703003337277e-01
9.083426028921023354e-01
9.113681868743047643e-01
9.484538375973303737e-01
9.498331479421580070e-01
9.507563959955506183e-01
9.479644048943269841e-01
9.452725250278086744e-01
9.464849833147942482e-01
9.429699666295884297e-01
9.436818687430478247e-01
9.517686318131257650e-01
9.475528364849834517e-01
9.475305895439376513e-01
9.464738598442714590e-01
9.490211345939933985e-01
9.464404894327028694e-01
9.474193548387097596e-01
9.445383759733037010e-01
9.486318131256952224e-01
9.504449388209121885e-01
9.495884315906562012e-01
9.480645161290321976e-01
9.473971078976640703e-01
9.484093437152391060e-01
9.478865406006673489e-01
9.423915461624026157e-01
9.495216907675194662e-01
9.485094549499444305e-01
9.493214682981090391e-01
9.463070077864293994e-01
9.480756395995550978e-01
9.457397107897663746e-01
9.435150166852057652e-01
9.496885428253615258e-01
9.492213570634038255e-01
9.491768631813125578e-01
9.481979977753058897e-01
9.472413793103447999e-01
9.451724137931034608e-01
9.474527252502781272e-01
9.456896551724137678e-01
9.436151279199110897e-01
9.495661846496107339e-01
9.511123470522803158e-01
9.471635150166852757e-01
9.473192436040044351e-01
9.463181312569521886e-01
9.453615127919912098e-01
9.445050055617352225e-01
9.432035595105673353e-01
9.481757508342603114e-01
9.444938820912124333e-01
9.450834260289210365e-01
9.439488320355950979e-01
9.460622914349277046e-01
9.431034482758621218e-01
9.428031145717463701e-01
9.453058954393771529e-01
9.485873192436040657e-01
9.463292547274749777e-01
9.447608453837597065e-01
9.436596218020022464e-01
9.450500556173525579e-01
9.453058954393770419e-01
9.449721913236930337e-01
9.417130144605116993e-01
9.456507230255840613e-01
9.468965517241380025e-01
9.448720800889877092e-01
9.438598442714127845e-01
9.441490545050055250e-01
9.407452725250279313e-01
9.463626251390433453e-01
9.440266963292547331e-01
9.421245828698554536e-01
9.469632925472747376e-01
9.442157953281422600e-01
9.467853170189099998e-01
9.445050055617352225e-01
9.507675194660734075e-01
9.473248053392657742e-01
9.412458286985539990e-01
9.470300333704115836e-01
9.495216907675194662e-01
9.489432703003337632e-01
9.446384872080089146e-01
9.476751946607341326e-01
9.500667408231369127e-01
9.458620689655171665e-01
9.444605116796440658e-01
9.489877641824249199e-01
9.481090100111234653e-01
9.480422691879867303e-01
9.494549499443826202e-01
9.459454949944382518e-01
9.442825361512791060e-01
9.422191323692992171e-01
9.424582869855394618e-01
9.488654060066742391e-01
9.488209121245828603e-01
9.478420467185761922e-01
9.478865406006674599e-01
9.474527252502780161e-01
9.468743047830923132e-01
9.459955506117908586e-01
9.457508342602892748e-01
9.497219132369298933e-01
9.493993325917686743e-01
9.480200222469410409e-01
9.457285873192435854e-01
9.479755283648497732e-01
9.429810901001112189e-01
9.452391546162403069e-01
9.444605116796440658e-01
9.493437152391547285e-01
9.494438264738598310e-01
9.490656284760846662e-01
9.500111234705228558e-01
9.453392658509454094e-01
9.454505005561735231e-01
9.453615127919912098e-01
9.450500556173525579e-01
9.501446051167965479e-01
9.484649610678531628e-01
9.469855394883204269e-01
9.475417130144605515e-01
9.453726362625138879e-01
9.439265850945494085e-01
9.436373748609566681e-01
9.480311457174639411e-01
9.482869855394884251e-01
9.459399332591769127e-01
9.468631813125695240e-01
9.445272525027810229e-01
9.459955506117908586e-01
9.448387096774193417e-01
9.421802002224693995e-01
9.408120133481645553e-01
9.483426028921022599e-01
9.476863181312570328e-01
9.457285873192435854e-01
9.454838709677418906e-01
9.465739710789766725e-01
9.447497219132368063e-01
9.429032258064515837e-01
9.441601779755284252e-01
