7.451449824061289195e-01
8.336711059640996568e-01
8.714199812925927935e-01
9.092913455970782488e-01
9.218297625940937712e-01
9.220079283773552348e-01
9.277983163333481942e-01
9.250144759698900598e-01
7.693309874838537565e-01
8.484588659747895889e-01
8.738808961738897541e-01
9.097367600552314082e-01
9.185336956037593037e-01
9.272749543450180543e-01
9.283328136831321409e-01
9.262059596454500499e-01
7.323281813727673395e-01
8.434368179591110737e-01
8.787470491292146413e-01
9.051823972206137769e-01
9.247694980179056445e-01
9.243686250055676012e-01
9.257716805487505862e-01
9.230101109082000654e-01
7.670482383858181485e-01
8.315331165649637590e-01
8.755846064763262993e-01
9.068749721615964043e-01
9.164179769275310194e-01
9.236782325954301376e-01
9.193354416284352792e-01
9.265400204890650304e-01
7.716137365818895866e-01
8.364660816890117090e-01
8.792926818404525058e-01
9.114404703576679534e-01
9.168522560242305941e-01
9.235223375350763986e-01
9.255267025967663930e-01
9.217295443410091771e-01
7.751213754398468270e-01
8.444055944055944840e-01
8.766981426217094198e-01
9.098369783083157802e-01
9.244688432586521953e-01
9.237339094026991715e-01
9.244243018128367462e-01
9.235446082579841232e-01
7.311923745044763834e-01
8.164335664335664600e-01
8.551623535699968137e-01
8.962184312502783357e-01
9.000267248674891363e-01
9.102044452362924032e-01
9.061400383056434915e-01
9.006503051089038703e-01
7.344773061333571551e-01
8.234599795109349696e-01
8.661863614092913943e-01
8.932675604650126555e-01
8.952607901652488431e-01
9.058727896307514627e-01
9.054719166184135304e-01
9.074317402342879646e-01
7.476170326488796869e-01
8.184156607723486188e-01
8.706293706293707357e-01
8.970869894436772629e-01
9.030778139058394105e-01
9.082780277047793893e-01
9.088682018618324809e-01
9.076878535477261867e-01
7.242995857645539992e-01
8.249966593915638580e-01
8.740590619571511066e-01
8.972094784196694706e-01
9.171417754220301255e-01
9.228096744020310993e-01
9.275978798271791170e-01
9.270967885617567017e-01
6.854371742906775200e-01
8.364772170504655158e-01
8.725557881608836386e-01
8.985123157097678614e-01
9.104160171039151761e-01
9.263395839828960643e-01
9.234555253663534469e-01
9.268852166941339288e-01
6.781156741347824646e-01
8.277804997550221033e-01
8.780900628034384869e-01
9.110061912609683787e-01
9.163400293973542610e-01
9.196360963876886174e-01
9.140572802993185419e-01
9.263507193443498711e-01
7.731615518239722817e-01
8.445948955503095323e-01
8.768540376820632698e-01
9.082223508975101334e-01
9.262393657298115812e-01
9.226760500645850849e-01
9.295688388045075801e-01
9.249253930782593836e-01
7.683176695915550081e-01
8.451627989844552324e-01
8.811188811188810366e-01
9.094583760188854615e-01
9.232105474143690316e-01
9.241681884993986351e-01
9.294908912743308216e-01
9.266736448265111559e-01
7.510467239766602798e-01
8.387488307870473170e-01
8.773885350318471055e-01
9.073983341499264332e-01
9.227317268718542298e-01
9.224756135584160077e-01
9.242461360295755046e-01
9.284998441049396867e-01
7.756113313438154355e-01
8.292726381898356536e-01
8.729900672575832132e-01
9.149369738541714980e-01
9.255044318738587794e-01
9.234889314507147562e-01
9.236559618725224130e-01
9.226760500645851959e-01
7.675047882054251147e-01
8.408088726560064563e-01
8.821656050955414274e-01
9.127767137321278756e-01
9.240456995234065385e-01
9.266068326577880931e-01
9.265845619348803686e-01
9.288561756714622808e-01
7.739187564028328081e-01
8.427130194646117456e-01
8.858625450982140492e-01
9.130550977684737113e-01
9.251369649458821565e-01
9.244465725357444708e-01
9.318404525410893813e-01
9.234777960892610604e-01
7.664803349516726705e-01
7.725045654981961274e-01
8.319228542158478845e-01
8.873435481715736817e-01
9.188677564473742843e-01
9.153823883123246574e-01
9.070531379448576459e-01
9.189679747004587673e-01
7.125183733463988922e-01
7.865685270143869534e-01
8.192730836042938503e-01
8.974544563716538859e-01
9.008507416150728364e-01
9.125317357801433493e-01
9.192129526524431826e-01
9.038906952919691928e-01
7.763017237539532323e-01
7.353792704111175027e-01
8.346510177720369850e-01
9.090129615607323021e-01
7.950091309963921438e-01
9.132666696360964842e-01
8.064618502516591736e-01
8.977328404079996105e-01
7.328738140840052040e-01
8.405193532582068139e-01
8.738252193666206091e-01
9.066634002939735204e-01
9.204935192196339599e-01
9.213175359672175491e-01
9.276312859115407594e-01
9.232328181372766451e-01
7.538528350630261388e-01
8.266112868023696159e-01
8.653289385773461628e-01
9.119972384303595137e-01
9.177319495790833281e-01
9.253930782593203785e-01
9.261057413923656778e-01
9.265177497661574169e-01
7.610240078392943586e-01
8.370896619304263320e-01
8.811522872032425679e-01
9.056389470402209652e-01
9.228876219322079688e-01
9.269408935014031847e-01
9.275644737428176967e-01
9.258384927174737600e-01
7.577502115718676157e-01
8.310320252995413437e-01
8.822324172642643791e-01
9.084673288494946597e-01
9.244020310899291326e-01
9.251703710302436878e-01
9.262727718141732236e-01
9.274419847668256001e-01
7.725602423054653833e-01
8.457752438644159376e-01
8.786802369604918006e-01
9.075430938488263655e-01
9.255823794040354269e-01
9.246804151262749683e-01
9.289786646474544884e-01
9.266736448265110448e-01
7.802659124315175498e-01
8.475680370584829371e-01
8.821544697340876207e-01
9.097144893323239057e-01
9.208832568705179744e-01
9.271970068148411848e-01
9.272972250679257789e-01
9.230212462696538722e-01
