8.103327359152185938e-01
9.260277632443143503e-01
9.569413676793088186e-01
9.657690552259242667e-01
9.745188186706147393e-01
9.774020104418296162e-01
9.760327726508666313e-01
9.769010697865992965e-01
7.722278500740279439e-01
9.335307410582092125e-01
9.524662978259176294e-01
9.663924480413220719e-01
9.733276931126225717e-01
9.761552248110340058e-01
9.758323963887745034e-01
9.788603043492780653e-01
8.503078002026026594e-01
9.207511883425543164e-01
9.582549453974685827e-01
9.685854549097751010e-01
9.734056172145472141e-01
9.765893733789003939e-01
9.767674856118711002e-01
9.780031392281061109e-01
8.498736516347362713e-01
9.274192650643987568e-01
9.575647604947066238e-01
9.685520588660929686e-01
9.721810956128731362e-01
9.748750431365563740e-01
9.770791820195700028e-01
9.781701194465162175e-01
8.393093698166557148e-01
9.305250971268269611e-01
9.566741993298527591e-01
9.687969631864278286e-01
9.743184424085227224e-01
9.764557892041723086e-01
9.774020104418296162e-01
9.775578586456791230e-01
8.532689160757421787e-01
9.408778706682547899e-01
9.593904108826574184e-01
9.726486402244213236e-01
9.746190068016609143e-01
9.754205118500294258e-01
9.770457859758880925e-01
9.777804989368925614e-01
7.897496409925304217e-01
9.026282686377754549e-01
9.414010753526066422e-01
9.589228662711090090e-01
9.608375727755451567e-01
9.655018868764680962e-01
9.629971836003160535e-01
9.633200120225757779e-01
8.058020059890239617e-01
9.121350090725919291e-01
9.446961516625663746e-01
9.572085360287651001e-01
9.632198238915297139e-01
9.651567944250870612e-01
9.674611214391468650e-01
9.701884650065122351e-01
8.342776992352305410e-01
9.146285803341831500e-01
9.512974362970465503e-01
9.619062461733699498e-01
9.627856753236633258e-01
9.654462268036646533e-01
9.671048969732052303e-01
9.653349066580579896e-01
7.325756142089033807e-01
8.896928677182709411e-01
9.421580523427323106e-01
9.661809397646692332e-01
9.670937649586445195e-01
9.746969309035856677e-01
9.766339014371431260e-01
9.781923834756375280e-01
7.049125580256259127e-01
8.642450824325678127e-01
9.269405884382896366e-01
9.521434694036579049e-01
9.721254355400696934e-01
9.731718449087731759e-01
9.747971190346317316e-01
9.778472910242568261e-01
8.117465017644243108e-01
8.739521991294765257e-01
9.019826117932563392e-01
9.563291068784718352e-01
9.699101646424952428e-01
9.758657924324565247e-01
9.758657924324565247e-01
9.766116374080217044e-01
8.029076822032482630e-01
9.265175718849839592e-01
9.573198561743718749e-01
9.681513063419087128e-01
9.753425877481047834e-01
9.766005053934609936e-01
9.766450334517037257e-01
9.772572942525409312e-01
8.424597299373268733e-01
9.229998552838106773e-01
9.559617503979696007e-01
9.706337455889391119e-01
9.738508977969743130e-01
9.763667330876868444e-01
9.756542841558036860e-01
9.777359708786499404e-01
8.211975821264374531e-01
9.329296122719328288e-01
9.578541928732842159e-01
9.693312998853402807e-01
9.766672974808251473e-01
9.770903140341307136e-01
9.773686143981475949e-01
9.775244626019971017e-01
8.467010274849439133e-01
9.293562355979562151e-01
9.562734468056685033e-01
9.682403624583940660e-01
9.756097560975609539e-01
9.758435284033351031e-01
9.782814395921229922e-01
9.789604924803241293e-01
8.542374013425209078e-01
9.315492424664091331e-01
9.567632554463381123e-01
9.699101646424953538e-01
9.732609010252585291e-01
9.794169050773118279e-01
9.778361590096960043e-01
9.787990782691944336e-01
8.733733343723213416e-01
9.330631964466610251e-01
9.606483285280137396e-01
9.715799668265966416e-01
9.751088154423306342e-01
9.763110730148834016e-01
9.774354064855117485e-01
9.782480435484409709e-01
7.542830426022197887e-01
8.846723291514063670e-01
9.506963075107702776e-01
9.320835791653214741e-01
9.660362235753804372e-01
9.705669535015751803e-01
9.732720330398191289e-01
9.742182542774765475e-01
7.846177822800591839e-01
8.695550533780097568e-01
8.621633957097215584e-01
9.053723102269817247e-01
9.713795905645045137e-01
9.704778973850897161e-01
9.714686466809899779e-01
9.732275049815766188e-01
8.189934432434237133e-01
8.210306019080272355e-01
9.006690340750965751e-01
9.551936413932829995e-01
9.655575469492714280e-01
9.674054613663435331e-01
9.743852344958868761e-01
9.710678941568056111e-01
7.736416159232337719e-01
9.065801338068150139e-01
9.492825416615644496e-01
9.659249034297736625e-01
9.738397657824137132e-01
9.758546604178958139e-01
9.776580467767252980e-01
9.783370996649263240e-01
8.705791987175919289e-01
9.260722913025570824e-01
9.509078157874230053e-01
9.624851109305250230e-01
9.747191949327069782e-01
9.747303269472675780e-01
9.765559773352183726e-01
9.788825683783993759e-01
7.788180026939475198e-01
9.008248822789459709e-01
9.475459473900991192e-01
9.692088477251727952e-01
9.737841057096102704e-01
9.741959902483552369e-01
9.772016341797374883e-01
9.776135187184824549e-01
8.199062684373989995e-01
9.266400240451514447e-01
9.589896583584731626e-01
9.690641315358839991e-01
9.717914751032493692e-01
9.752646636461800300e-01
9.766784294953857470e-01
9.791163406841735251e-01
8.574434215359953981e-01
9.320167870779575425e-01
9.572308000578864107e-01
9.698099765114492898e-01
9.746746668744642461e-01
9.771682381360554670e-01
9.775578586456791230e-01
9.795616212666006239e-01
8.622858478698890439e-01
9.357794079994655734e-01
9.605481403969676757e-01
9.704333693268470951e-01
9.755763600538789326e-01
9.762220168983980484e-01
9.786487960726252266e-01
9.781701194465162175e-01
