7.158008898776417883e-01
8.355394883203559608e-01
9.122024471635148402e-01
9.267908787541713211e-01
9.377641824249166591e-01
9.434037819799777624e-01
9.476418242491657651e-01
9.435928809788654004e-01
6.860066740823136389e-01
8.257842046718576468e-01
9.091434927697442658e-01
9.242936596218019885e-01
9.403003337041158094e-01
9.436929922135706139e-01
9.416573971078976424e-01
9.420022246941046618e-01
7.010233592880978915e-01
8.452725250278088076e-01
9.137819799777531227e-01
9.313348164627363035e-01
9.403225806451612767e-01
9.452502780867630960e-01
9.438153503893214058e-01
9.413459399332592126e-01
7.062402669632925623e-01
8.185094549499444261e-01
9.024916573971080158e-01
9.181423804226919172e-01
9.334149054505004317e-01
9.350611790878754492e-01
9.326251390433816235e-01
9.382202447163515702e-01
7.133036707452725667e-01
8.212235817575084251e-01
9.060511679644048799e-01
9.214126807563960408e-01
9.297219132369300976e-01
9.413681868743049019e-01
9.344605116796440569e-01
9.345161290322581138e-01
7.056395995550612810e-01
8.275194660734149776e-01
9.098776418242491282e-01
9.268965517241378738e-01
9.334037819799777536e-01
9.362513904338153337e-01
9.373637374860955829e-01
9.357508342602892659e-01
7.025139043381536386e-01
7.899777530589544572e-01
8.519911012235816816e-01
8.854727474972191592e-01
8.887541713014459610e-01
8.968186874304783229e-01
8.992880978865406272e-01
8.978642936596218371e-01
6.838820912124583540e-01
7.863403781979976248e-01
8.545939933259177890e-01
8.842157953281424287e-01
9.074749721913236700e-01
9.063848720800889991e-01
9.043604004449388167e-01
8.980756395995550534e-01
6.949499443826474554e-01
7.729143492769744439e-01
8.597107897664070242e-01
8.879866518353726201e-01
9.034927697441602623e-01
8.985761957730812322e-01
8.949165739710790435e-01
9.027363737486095996e-01
7.032035595105673442e-01
7.880867630700778559e-01
8.815906562847608541e-01
9.137931034482758008e-01
9.383314794215795729e-01
9.465406006674081940e-01
9.393993325917686654e-01
9.408120133481646663e-01
6.758453837597330205e-01
8.057285873192436831e-01
9.074304783092324023e-01
9.200667408231368860e-01
9.364182424916575043e-01
9.442602892102336387e-01
9.433259176863181272e-01
9.379977753058953427e-01
7.134593993325918371e-01
7.911902113459399200e-01
9.153281423804227046e-01
9.179087875417130116e-01
9.389321468298108542e-01
9.393159065628476911e-01
9.428476084538376378e-01
9.322358175750835585e-01
7.217130144605117259e-01
8.362625139043381450e-01
9.142046718576195552e-01
9.224360400444939767e-01
9.413236929922136342e-01
9.434705228031146085e-01
9.428364849833147376e-01
9.382313681868743593e-01
7.138820912124581586e-01
8.510678531701889593e-01
9.099999999999999201e-01
9.262958843159065925e-01
9.406451612903226067e-01
9.444382647385984875e-01
9.387430478309233273e-01
9.398220244716350980e-01
6.914794215795327936e-01
8.475083426028920952e-01
9.150055617352614856e-01
9.287208008898776290e-01
9.399888765294772686e-01
9.442825361512791060e-01
9.460845383759733940e-01
9.414794215795327936e-01
7.147052280311457784e-01
8.220912124582868685e-01
9.086095661846496085e-01
9.239265850945495018e-01
9.386095661846496352e-01
9.394994438264738790e-01
9.372080088987763125e-01
9.415239154616240613e-01
7.223804226918797422e-01
8.388320355951055518e-01
9.106229143492770017e-01
9.215461624026696219e-01
9.383759733036708406e-01
9.392880978865406627e-01
9.437374860956618816e-01
9.411457174638486745e-01
7.162291434927697820e-01
8.469744160177976600e-01
9.130255839822024599e-01
9.267519466073415035e-01
9.421913236929921887e-01
9.418687430478309697e-01
9.409010011123470907e-01
9.427586206896552135e-01
6.824694104560622421e-01
7.702447163515016015e-01
8.220189098998889055e-01
9.082758620689656004e-01
8.943604004449388079e-01
9.396885428253615169e-01
9.388542825361512190e-01
9.336262513904338700e-01
7.120689655172413035e-01
6.942380422691880604e-01
8.425695216907674867e-01
8.286985539488320729e-01
9.386540600667407919e-01
9.419132369299221264e-01
9.385094549499444216e-01
9.338820912124583540e-01
6.793381535038931496e-01
6.910456062291434609e-01
8.130589543937709607e-01
9.045494994438265657e-01
7.591323692992214545e-01
9.256395995550611433e-01
9.325250278086762989e-01
9.207842046718576201e-01
7.188654060066741458e-01
8.406340378197998398e-01
9.128809788654060897e-01
9.269076751946606629e-01
9.389432703003338654e-01
9.420912124582869751e-01
9.409899888765295151e-01
9.426473859844272107e-01
6.975750834260290301e-01
8.382647385984427491e-01
9.136373748609565304e-01
9.257174638487207785e-01
9.398442714126806763e-01
9.424360400444938834e-01
9.386095661846495242e-01
9.406562847608453959e-01
7.052057842046718372e-01
8.253058954393770463e-01
9.148609566184651154e-01
9.272080088987764146e-01
9.446051167964405471e-01
9.435595105672970329e-01
9.421134593993326645e-01
9.427919911012235810e-01
7.249165739710788925e-01
8.468631813125695462e-01
9.089321468298109385e-01
9.232591768631812634e-01
9.419243604004450265e-01
9.403225806451612767e-01
9.440378197997775223e-01
9.421134593993325534e-01
7.174193548387097774e-01
8.341268075639599600e-01
9.120689655172413701e-01
9.283982202447162990e-01
9.399666295884315792e-01
9.439488320355950979e-01
9.409232480533926690e-01
9.421802002224693995e-01
7.451501668520579269e-01
8.449721913236929449e-01
9.155506117908787100e-01
9.293325917686318105e-01
9.394438264738598221e-01
9.435928809788654004e-01
9.392324805339266058e-01
9.415016685205784830e-01
