9.757433402722891502e-01
9.784261557814117882e-01
9.773908784272689054e-01
9.772016341797374883e-01
9.784818158542151201e-01
9.786821921163072480e-01
9.796840734267679984e-01
9.791386047132949466e-01
9.768676737429172752e-01
9.761329607819126952e-01
9.759325845198205673e-01
9.782703075775623924e-01
9.790384165822487716e-01
9.797953935723747732e-01
9.790161525531275721e-01
9.798510536451782160e-01
9.765003172624149297e-01
9.757544722868497500e-01
9.774242744709510378e-01
9.777471028932105401e-01
9.793389809753871855e-01
9.781923834756374170e-01
9.791942647860983895e-01
9.809085950284421873e-01
9.711903463169729855e-01
9.739844819717025093e-01
9.770012579176453604e-01
9.769567298594026283e-01
9.766450334517037257e-01
9.785931359998217838e-01
9.779474791553028901e-01
9.787489842036714016e-01
9.701773329919516353e-01
9.731273168505304438e-01
9.749974952967237485e-01
9.772238982088589099e-01
9.762888089857620910e-01
9.781478554173949069e-01
9.781144593737128856e-01
9.791052086696130363e-01
9.726820362681034560e-01
9.740624060736271517e-01
9.746078747871002035e-01
9.757433402722890392e-01
9.769122018011598962e-01
9.777582349077712509e-01
9.785708719707004732e-01
9.799957698344669010e-01
9.681290423127874023e-01
9.664258440850039822e-01
9.694982801037503872e-01
9.726709042535427452e-01
9.679286660506951634e-01
9.705446894724537588e-01
9.699546927007380859e-01
9.720252474090236294e-01
9.629415235275127216e-01
9.682069664147121557e-01
9.670492369004018984e-01
9.678396099342099212e-01
9.684518707350469047e-01
9.720809074818270723e-01
9.692422437688548165e-01
9.712905344480191605e-01
9.666150883325355103e-01
9.683962106622434618e-01
9.673164052498580689e-01
9.715465707829146202e-01
9.704333693268469840e-01
9.709009139383953935e-01
9.726263761953000131e-01
9.692867718270975486e-01
9.776135187184825659e-01
9.791831327715376787e-01
9.783037036212443027e-01
9.787712482327927122e-01
9.786376640580646269e-01
9.780587993009095538e-01
9.793167169462658750e-01
9.794614331355544490e-01
9.780031392281061109e-01
9.797508655141320411e-01
9.791163406841736361e-01
9.782146475047590606e-01
9.793278489608264747e-01
9.791608687424162571e-01
9.784261557814117882e-01
9.802629381839231826e-01
9.777248388640891186e-01
9.788603043492780653e-01
9.780031392281061109e-01
9.786710601017466482e-01
9.788825683783994869e-01
9.792833209025837427e-01
9.791497367278556574e-01
9.816878360476896104e-01
9.756876801994857074e-01
9.764112611459295765e-01
9.763667330876868444e-01
9.793167169462657640e-01
9.796618093976467989e-01
9.783482316794870348e-01
9.781144593737128856e-01
9.785374759270184519e-01
9.762665449566407805e-01
9.771014460486915354e-01
9.766784294953857470e-01
9.773352183544656846e-01
9.787378521891106908e-01
9.793167169462657640e-01
9.795393572374793134e-01
9.795393572374793134e-01
9.757210762431677287e-01
9.759103204906991458e-01
9.779697431844240896e-01
9.755206999810754898e-01
9.790161525531274611e-01
9.786821921163073590e-01
9.789270964366421079e-01
9.797508655141320411e-01
9.765448453206576618e-01
9.761886208547159161e-01
9.767340895681890789e-01
9.760327726508665203e-01
9.779586111698633788e-01
9.780365352717881322e-01
9.784261557814117882e-01
9.783370996649263240e-01
9.760661686945486526e-01
9.762776769712014913e-01
9.760661686945486526e-01
9.781589874319555067e-01
9.781367234028341962e-01
9.784150237668510774e-01
9.806191626498647063e-01
9.795950173102826453e-01
9.745967427725396037e-01
9.758991884761385460e-01
9.761329607819128062e-01
9.766116374080217044e-01
9.772572942525408202e-01
9.794280370918725387e-01
9.792053968006588782e-01
9.796952054413287092e-01
9.766672974808251473e-01
9.568189155191414441e-01
9.785931359998218948e-01
9.784818158542152311e-01
9.796284133539646666e-01
9.789048324075209084e-01
9.795170932083578919e-01
9.796395453685253774e-01
9.750809854059290238e-01
9.792833209025837427e-01
9.786710601017466482e-01
9.773574823835868841e-01
9.803965223586512678e-01
9.782369115338802601e-01
9.802740701984837823e-01
9.783370996649263240e-01
9.781589874319555067e-01
9.766672974808251473e-01
9.747414589618282887e-01
9.778695550533780256e-01
9.786599280871859374e-01
9.778695550533780256e-01
9.788825683783994869e-01
9.793946410481905174e-01
9.793501129899477853e-01
9.807638788391535023e-01
9.773686143981475949e-01
9.786154000289432053e-01
9.784929478687758309e-01
9.797286014850107305e-01
9.788491723347174656e-01
9.794503011209938492e-01
9.777916309514533832e-01
9.773686143981477059e-01
9.776914428204072083e-01
9.790384165822488827e-01
9.796840734267681094e-01
9.799846378199064123e-01
9.786710601017466482e-01
9.801850140819984292e-01
9.782369115338802601e-01
9.775578586456790120e-01
9.784818158542152311e-01
9.775689906602398338e-01
9.791608687424162571e-01
9.797731295432534626e-01
9.794057730627512282e-01
9.786376640580645159e-01
9.775467266311184122e-01
9.753871158063474045e-01
9.785486079415791627e-01
9.767563535973105004e-01
9.780921953445914641e-01
9.801961460965590289e-01
9.791386047132949466e-01
9.789159644220816192e-01
9.764780532332937302e-01
9.771237100778127349e-01
9.758101323596531929e-01
9.768899377720386967e-01
9.778695550533780256e-01
9.786821921163073590e-01
9.783704957086083454e-01
9.795727532811612237e-01
9.762665449566407805e-01
9.766005053934609936e-01
9.768120136701139433e-01
9.773352183544655736e-01
9.786933241308679587e-01
9.790829446404916148e-01
9.790495485968095934e-01
9.793278489608264747e-01
