5.048398402296421228e-01
6.394764071696392715e-01
5.840240768143838412e-01
6.041455734932520416e-01
5.474193081809989314e-01
6.782451963194962019e-01
6.373012605836735345e-01
5.631404443752155986e-01
6.382803546990953869e-01
6.826622459083878658e-01
5.441816219584106884e-01
5.597748083534529462e-01
6.509863260605925905e-01
6.387587756873129852e-01
4.930183913928726236e-01
5.611488779358916323e-01
5.836179752778735130e-01
7.729057955695990412e-01
7.722827356779671248e-01
7.264655815040219622e-01
7.000522925266191576e-01
7.394497046028548626e-01
7.274224234804571587e-01
7.219706494286762810e-01
7.176092301872516455e-01
7.557271442717430343e-01
6.567385039886959319e-01
7.133701977102548941e-01
7.252417138597446744e-01
6.650830561087685000e-01
7.442339144850298460e-01
6.126403275514860081e-01
7.526174078483294227e-01
7.954917166412620588e-01
7.878481068992757574e-01
8.151403553666596302e-01
8.026902836035114674e-01
7.573626764872773975e-01
7.579634842399225469e-01
7.454244039208268724e-01
7.542084357858898080e-01
7.185549460941933475e-01
5.768867032343484302e-01
7.410741107488957313e-01
7.874698205364991654e-01
6.646936436764984135e-01
7.938784365647147956e-01
5.677299480412555388e-01
7.630369719289267216e-01
7.383927280009789929e-01
5.324436186428420648e-01
6.388366581737670025e-01
7.991633195740940332e-01
7.466204563913705350e-01
7.424537433660811647e-01
6.390369274246485709e-01
8.093436731605825329e-01
8.080307969603578444e-01
7.896394040877179332e-01
6.892266269095116415e-01
6.519209158980406871e-01
7.943679836224255553e-01
8.042924376105653472e-01
8.080307969603578444e-01
6.972707751532616349e-01
8.050490103361185312e-01
8.009101124845625641e-01
8.072853503042980439e-01
7.956474816141700934e-01
7.538134603188733074e-01
7.967489624940197190e-01
8.124255944102626303e-01
8.088875043113519236e-01
7.495744278418763340e-01
7.766997852668588997e-01
7.742409239088107187e-01
7.438556281222532540e-01
7.341870737324625029e-01
8.044593286529667653e-01
5.138908977625473717e-01
7.653901356267871492e-01
7.810834566472701912e-01
4.960836235383126458e-01
7.610454054896027554e-01
7.925544342949966126e-01
7.931663681171352565e-01
7.971717531347700669e-01
7.443785533884446082e-01
7.893835044893691144e-01
5.483817131921805421e-01
7.916309705270421215e-01
7.799819757674205656e-01
7.989853024621992317e-01
7.856451451395765062e-01
8.038362687613346269e-01
7.970827445788226662e-01
7.857230276260306345e-01
7.357447234615428489e-01
7.970493663703424048e-01
7.485508294484807257e-01
7.305933532860846569e-01
7.925210560865163512e-01
7.827968713492583497e-01
7.616573393117412882e-01
7.029784488033912204e-01
8.027904182289522517e-01
8.016221809321421032e-01
7.888049488757107319e-01
7.730949387509874482e-01
7.362231444497602251e-01
7.922540304186739268e-01
8.035692430934924246e-01
7.355444542106610584e-01
7.544810244884790906e-01
7.419363811346366688e-01
7.911636756083179067e-01
7.459362031175247321e-01
7.843823362520723208e-01
7.353775631682595293e-01
5.122442394775197361e-01
5.000000000000000000e-01
7.475939874720458622e-01
7.971606270652765724e-01
7.404399247877702095e-01
7.402841598148621749e-01
5.000000000000000000e-01
7.635710232646113482e-01
5.186361664014953465e-01
6.039842454855972598e-01
5.884800676465025138e-01
5.260016244061459512e-01
5.862326016088296177e-01
5.000000000000000000e-01
4.951768488745980634e-01
6.108434673282969740e-01
5.000000000000000000e-01
6.509640739216057126e-01
5.097464368762447684e-01
5.202772616517763460e-01
6.609052170139854132e-01
5.060692709086661578e-01
5.721469976301472027e-01
6.204230131621402133e-01
6.575840852701966277e-01
7.976167959145072928e-01
5.614103405689870874e-01
5.017301038062284002e-01
7.407514547335862787e-01
7.490848807841654633e-01
5.501507582416359510e-01
7.229163653356178720e-01
7.891609830995004460e-01
7.104329153639893368e-01
7.454633451640538810e-01
7.432436943001146101e-01
5.989385729703268213e-01
5.620500895648593565e-01
5.000000000000000000e-01
7.706138252539525002e-01
7.291024599739650558e-01
6.063485352529511818e-01
5.281990231310984552e-01
5.917455690428242709e-01
7.508650519031142556e-01
5.111260694934300908e-01
7.527676097864908211e-01
5.026368784699429826e-01
5.314311463189399509e-01
6.788348780026480789e-01
8.150402207412186240e-01
4.903036304364757347e-01
6.176915631015031938e-01
7.986070160994225287e-01
5.000000000000000000e-01
5.769645857208023365e-01
6.819279253218216708e-01
7.607839428565070783e-01
8.021451061983333464e-01
7.565504734142569632e-01
8.067624250381066897e-01
5.567540804859867354e-01
5.128172320564314823e-01
8.081754358637723845e-01
8.053716663514280949e-01
5.245663614414936005e-01
8.087317393384438891e-01
6.501629969180786617e-01
8.146953125869224044e-01
8.099667330522146713e-01
6.389367927992077867e-01
7.636044014730916096e-01
7.796481936826178405e-01
5.522535853758943070e-01
7.005474026190766645e-01
7.982176036671524422e-01
8.012995249168326506e-01
5.033322578132822800e-01
8.028349225069258965e-01
7.988962939062516089e-01
8.035581170239989302e-01
8.164198533584041684e-01
7.927324514068914141e-01
8.107455579167546222e-01
5.266691885757517344e-01
7.809165656048687731e-01
7.894947651843033931e-01
7.916866008745089278e-01
7.508094215556470052e-01
7.940008233291424578e-01
7.505535219572980754e-01
6.850432247799820296e-01
4.868879271019926902e-01
7.691896883587935330e-01
6.171185705225914475e-01
5.000000000000000000e-01
4.877056932097597608e-01
5.000000000000000000e-01
8.126481158001314098e-01
8.040921683596835567e-01
6.115777879148632801e-01
8.014775420287274521e-01
4.933966777556492711e-01
4.543163586599761050e-01
7.466037672871305153e-01
7.397278563401905593e-01
7.910857931218638894e-01
6.356879805071262712e-01
5.155319930128283712e-01
4.468173878214042882e-01
5.521812659241869259e-01
5.771871071106711160e-01
7.391047964485586430e-01
7.458583206310707148e-01
7.915975923185616381e-01
7.977280566094415715e-01
5.000000000000000000e-01
5.000000000000000000e-01
6.703568130486542431e-01
5.000000000000000000e-01
7.598994203317794849e-01
5.371054417605891640e-01
7.310606482048086496e-01
5.465681638647513774e-01
5.000000000000000000e-01
7.479500216958355763e-01
5.300904549449816372e-01
7.361341358938128243e-01
4.838060058523124818e-01
4.949932687279564592e-01
7.490626286451785854e-01
5.000000000000000000e-01
7.418640616829293988e-01
5.185972251582683379e-01
7.513212207523447539e-01
7.750308748428442751e-01
4.873774741597036164e-01
5.294006386363888650e-01
5.738270341236550998e-01
5.000000000000000000e-01
7.115677744523192239e-01
5.884466894380222524e-01
5.000000000000000000e-01
5.175402485563924682e-01
5.000000000000000000e-01
5.440592351939830262e-01
6.272099155531325465e-01
5.566372567563057094e-01
5.583172932498136065e-01
7.024165822939729686e-01
5.003504711890429668e-01
5.173622314444975556e-01
5.000000000000000000e-01
7.805049010336118087e-01
5.621279720513134848e-01
7.879816197331969141e-01
5.496111438712045771e-01
6.796582071451617857e-01
5.207056153272733301e-01
6.696781228095551874e-01
5.845859433238019820e-01
4.905261518263444032e-01
7.791475205554132533e-01
6.563212763826924423e-01
7.520444152694178985e-01
5.399815307246409457e-01
5.691429588669210116e-01
5.063529856807484908e-01
7.942678489969847710e-01
5.449771359271909921e-01
8.108234404032088616e-01
8.037361341358937317e-01
6.477319507337642168e-01
6.970093125201660689e-01
5.652543975789672270e-01
8.082421922807330184e-01
5.011014808798495146e-01
6.806373012605836381e-01
7.348768900410551641e-01
4.856863115967022249e-01
6.440436586966922228e-01
7.862904571701954115e-01
6.646046351205509017e-01
8.091322778402073590e-01
7.568508772905795379e-01
5.288665873007043494e-01
5.548125813593831612e-01
8.009212385540559476e-01
8.045372111394207826e-01
6.147487177204908892e-01
6.141868512110726375e-01
5.075824163597725258e-01
6.296687769111805055e-01
7.975834177060270314e-01
7.930884856306812392e-01
5.228140054962783223e-01
8.047263543208090786e-01
8.058055830616719373e-01
5.390135626787124767e-01
5.368384160927468507e-01
7.989074199757452144e-01
5.000000000000000000e-01
5.232924264844958095e-01
6.524327150947384357e-01
6.706460908554834344e-01
6.645211895993502482e-01
7.672092479889629502e-01
6.644822483561232396e-01
5.335339734531981959e-01
7.978838215823496061e-01
8.167313833042201265e-01
5.225914841064096539e-01
7.461475984378999060e-01
5.084168715717798381e-01
7.775676186873462514e-01
5.000000000000000000e-01
8.051046406835856706e-01
6.320942600607483142e-01
7.723717442339144146e-01
5.423513835267415040e-01
7.479722738348222322e-01
5.000000000000000000e-01
5.337286796693331281e-01
5.577276115666618406e-01
5.000000000000000000e-01
5.234537544921504804e-01
5.255009512789416970e-01
8.062116845981820434e-01
5.631070661667352262e-01
5.411831462299313555e-01
4.982309549505446467e-01
5.176960135293005028e-01
4.509952269161873195e-01
7.448681004461554789e-01
5.000000000000000000e-01
5.000000000000000000e-01
6.561488223055440550e-01
5.623560564759287894e-01
6.084457993524627906e-01
4.874052893334372416e-01
7.468095995727589420e-01
5.408215489713947832e-01
5.254842621747015663e-01
8.057054484362309310e-01
7.569732640550073111e-01
7.815507515659942950e-01
6.671636311040398670e-01
5.972195952335916935e-01
5.612211973875989024e-01
5.000000000000000000e-01
5.294284538101224902e-01
7.989519242537187482e-01
4.955440091678813275e-01
5.000000000000000000e-01
7.439001324002268989e-01
4.803068569966287837e-01
7.556715139242760060e-01
5.054350849475405250e-01
5.483761501574339059e-01
7.717375582727890038e-01
5.000000000000000000e-01
5.754069359917222126e-01
7.538134603188731964e-01
5.511910457392716900e-01
7.558495310361709185e-01
6.289122041856273215e-01
6.251404666273545629e-01
6.643709876611889609e-01
6.653278296376239354e-01
6.244395242492684073e-01
7.046139810189254726e-01
5.553800109035480492e-01
5.352974554679068575e-01
6.189988762669811351e-01
6.260416782563223981e-01
7.126024989152082156e-01
6.519542941065209485e-01
5.562812225325159954e-01
6.237163297321954847e-01
6.498403409027693201e-01
6.433872205965798230e-01
7.319841119727633627e-01
7.373913817465702625e-01
6.701676698672660581e-01
7.327740629067969191e-01
7.101547636266536401e-01
7.635487711256243593e-01
7.244962672036849849e-01
6.873685733041088319e-01
6.829849019236973184e-01
7.423758608796269254e-01
7.237619466171185678e-01
6.932431379966399465e-01
7.312831695946773181e-01
7.206800253674383594e-01
7.127137596101424943e-01
7.261874297666863765e-01
7.441894102070562012e-01
7.525673405356090306e-01
7.884377885824274124e-01
7.535575607205242665e-01
6.930984990932251844e-01
7.604557238064508784e-01
7.332413578255210229e-01
7.601886981386085651e-01
6.919970182133757808e-01
7.463256155497945965e-01
7.591873518841998347e-01
7.510541950845025516e-01
7.703467995861101869e-01
7.516661289066410845e-01
6.891264922840707463e-01
7.770224412821681303e-01
7.200458394063129486e-01
7.252862181377184303e-01
7.786357213587156156e-01
7.617129696592085386e-01
7.408960936370008188e-01
7.183658029128049405e-01
7.474048442906573442e-01
7.779792832586031048e-01
7.467261540515581775e-01
7.378252984568141049e-01
7.448347222376749954e-01
7.741185371443830565e-01
7.177204908821861462e-01
7.616017089642741489e-01
6.609552843267059163e-01
7.404733029962504709e-01
7.461475984378999060e-01
7.502197398724952393e-01
7.363455312141879983e-01
7.359004884344508834e-01
7.194895359316413330e-01
7.218816408727288803e-01
7.217592541083012181e-01
7.418863138219160547e-01
7.216813716218472008e-01
7.425427519220285655e-01
7.386375015298345392e-01
7.341314433849953636e-01
7.361786401717864692e-01
7.252528399292381689e-01
7.454132778513334889e-01
7.738403854070472487e-01
7.372467428431559444e-01
7.344429733308112107e-01
7.308937571624072316e-01
7.378364245263075993e-01
7.443674273189510027e-01
7.344095951223310603e-01
6.836190878848229513e-01
7.261874297666863765e-01
7.429321643542985409e-01
6.997630147197899664e-01
7.168415313922050780e-01
7.315724474015065093e-01
7.700463957097876122e-01
7.189666106654502009e-01
7.184548114687523412e-01
7.341759476629691195e-01
7.449682350715962631e-01
7.381368284026301740e-01
7.309048832319006150e-01
7.426540126169628442e-01
7.392160571434929217e-01
7.334305010069093189e-01
7.589982087028116498e-01
7.033901133746481849e-01
7.010870169895081494e-01
7.273445409940030304e-01
7.261763036971928820e-01
7.358671102259704000e-01
7.290357035570044220e-01
7.310272699963284992e-01
7.321955072931385367e-01
7.301149322978670586e-01
7.383370976535119645e-01
7.271665238821081179e-01
7.409405979149746857e-01
6.925199434795670239e-01
7.111783620200492484e-01
6.927202127304487034e-01
6.840307524560798047e-01
7.139821315323935380e-01
7.253863527631594366e-01
7.438333759832663761e-01
7.171864395465012976e-01
7.320397423202305021e-01
6.929538601898106442e-01
7.072731116278552221e-01
7.404844290657439654e-01
7.048253763393007576e-01
6.374347734175946911e-01
7.227828525016967154e-01
6.502965097519999293e-01
6.206232824130220038e-01
6.449003660476864130e-01
6.645045004951101175e-01
6.730938261440381210e-01
6.818834210438476928e-01
6.919191357269216525e-01
6.586410618720723864e-01
6.420965965353419014e-01
6.862893445632461953e-01
6.493841720535385997e-01
5.145473358626596605e-01
6.334738926779336365e-01
6.843200302629089959e-01
7.353441849597792679e-01
7.460474638124588997e-01
7.550150758241636062e-01
7.001079228740861859e-01
7.356890931140755985e-01
7.475828614025523677e-01
7.606893712658129303e-01
7.615572046863003930e-01
6.942889885290224328e-01
7.345876122342258618e-01
7.499082099266791701e-01
7.391381746570389044e-01
7.567618687346321371e-01
7.353886892377528017e-01
7.350326550139633097e-01
7.587645612434494868e-01
7.548481847817622992e-01
7.564058345108423120e-01
7.709142291302750749e-01
7.772672148110237877e-01
7.685332502586810222e-01
7.530457615238264069e-01
7.500194706216134488e-01
7.985291336129686224e-01
7.360562534073586960e-01
7.671981219194694557e-01
7.699351350148533335e-01
7.630703501374069830e-01
7.682996027993190813e-01
7.790585119994659635e-01
7.785355867332748314e-01
7.589314522858510159e-01
7.722048531915131075e-01
7.870136516872684451e-01
7.737958811290734928e-01
7.392828135604535555e-01
7.613791875744055915e-01
7.629702155119660878e-01
7.600774374436742864e-01
7.652065554801454894e-01
7.643387220596580267e-01
7.254642352496133428e-01
7.740851589359026841e-01
7.412521278607906439e-01
7.857675319040042794e-01
7.740851589359027951e-01
7.684553677722272269e-01
7.810278262998031629e-01
7.400727644944871120e-01
7.280009790941155412e-01
7.506202783742587092e-01
7.680659553399571404e-01
7.534852412688169965e-01
7.040799296832408460e-01
7.211250681471756963e-01
7.365680526040565557e-01
7.605002280844246343e-01
7.349102682495354255e-01
7.582082577687779823e-01
7.603555891810100942e-01
7.397501084791775483e-01
7.727834088051713790e-01
7.592541083011603575e-01
7.667642052092256133e-01
7.480390302517829770e-01
7.507537912081798659e-01
7.277117012872862389e-01
7.731839473069348490e-01
7.483394341281055517e-01
7.331189710610932497e-01
7.318839773473224675e-01
7.584530312976336397e-01
7.628812069560186870e-01
7.494186628689684104e-01
7.326294240033823790e-01
7.419641963083700720e-01
7.312275392472100677e-01
7.402730337453686804e-01
7.482392995026647675e-01
7.608451362387209649e-01
7.196842421477764873e-01
7.212252027726164805e-01
7.400171341470198616e-01
7.465370108701698815e-01
7.277562055652599948e-01
7.295252506147154037e-01
7.316392038184671431e-01
7.223378097219594896e-01
7.019771025489824900e-01
7.407069504556126338e-01
7.289911992790306661e-01
7.301260583673606641e-01
7.427207690339233670e-01
7.260427908632716143e-01
7.244628889952046125e-01
7.324180286830073161e-01
7.196898051825231235e-01
7.208469164098398885e-01
7.348657639715616696e-01
7.187440892755816435e-01
7.254086049021462035e-01
7.245518975511522353e-01
7.331412232000801277e-01
7.193671491672137819e-01
7.356223366971150757e-01
7.388266447112228352e-01
7.523893234237142291e-01
7.129140288610242848e-01
7.301483105063473200e-01
7.376695334839061813e-01
7.184881896772327137e-01
7.301371844368538255e-01
5.912059546723928971e-01
6.730381957965709816e-01
5.558473058222722640e-01
5.707784910824552638e-01
5.574717119683130218e-01
5.134236028438233790e-01
6.623015387354109773e-01
6.387921538957931356e-01
6.769323201192715134e-01
6.679647081075668069e-01
5.188809399303507819e-01
5.012294306790240350e-01
6.891598704925510077e-01
6.167180320208279776e-01
6.232490348134714919e-01
6.275436976379353826e-01
7.643053438511776543e-01
7.219038930117158692e-01
7.428765340068314016e-01
7.173644566583963211e-01
7.493852846604880380e-01
7.576630803635999722e-01
7.096318383604622859e-01
7.609786490726421215e-01
7.488512333248034114e-01
7.431546857441673204e-01
7.481947952246910116e-01
7.594321254130552701e-01
7.556381357157957446e-01
7.439780148866809162e-01
7.532349047052147029e-01
7.674873997262986469e-01
7.669422223211206369e-01
7.638714271409339229e-01
7.694122097486619793e-01
7.649395298123031761e-01
7.656293461208958373e-01
7.662635320820213591e-01
7.751087573292982924e-01
7.697459918334650375e-01
7.608117580302404814e-01
7.429321643542984299e-01
8.007988517896282854e-01
7.740517807274225337e-01
7.393606960469074618e-01
7.543697637935445899e-01
7.656738503988695932e-01
7.822405678745869562e-01
7.604390347022107477e-01
7.782908132044192850e-01
7.493964107299813104e-01
7.805438422768389284e-01
7.820180464847183988e-01
7.285906607772671961e-01
7.692230665672737944e-01
7.747193448970282059e-01
7.696124789995437698e-01
7.878481068992757574e-01
7.461030941599262611e-01
7.499304620656659370e-01
7.560052960090788421e-01
7.860679357803269651e-01
7.777345097297476695e-01
7.605336062929048957e-01
7.603333370420232162e-01
7.525895926745959086e-01
7.417528009879950091e-01
7.676654168381936705e-01
7.912304320252785406e-01
7.621357602999589975e-01
7.411964975133235045e-01
7.552375972140322746e-01
7.464591283837159752e-01
7.637824185849865222e-01
7.369129607583528863e-01
7.449126047241290127e-01
7.761323557226937897e-01
7.640939485308024803e-01
7.738292593375538653e-01
7.576742064330933557e-01
7.472045750397757757e-01
7.311385306912627779e-01
7.387598882942623124e-01
7.737513768510997370e-01
7.706472034624327616e-01
7.366904393684843289e-01
7.234392906018091152e-01
7.396833520622170255e-01
7.545477809054395024e-01
7.456469253106955408e-01
7.303040754792553546e-01
7.567284905261517647e-01
7.464591283837158642e-01
7.722604835389803579e-01
7.363900354921617541e-01
7.192670145417728866e-01
7.291803424604190731e-01
7.471266925533217584e-01
7.200792176147932100e-01
7.208135382013596271e-01
7.451907564614648205e-01
7.627810723305777918e-01
7.283458872484118718e-01
7.425650040610152214e-01
7.437666195663057422e-01
7.323735244050335602e-01
7.365346743955762943e-01
7.327629368373035357e-01
7.368017000634184965e-01
7.245630236206455077e-01
7.357002191835689819e-01
7.353775631682594183e-01
7.422646001846927577e-01
7.267214811023708920e-01
7.396499738537365420e-01
7.307936225369664474e-01
7.271999020905884903e-01
7.235950555747172608e-01
7.415191535286329572e-01
7.447457136817278167e-01
7.226938439457493146e-01
7.324180286830070941e-01
7.190778713603844796e-01
7.494186628689682994e-01
7.181321554534429996e-01
7.295363766842087871e-01
7.204352518385830351e-01
7.329743321576785986e-01
5.093069571312542898e-01
6.296465247721937386e-01
6.491950288721504148e-01
6.024210327217704997e-01
6.487499860924130779e-01
6.609219061182256549e-01
6.243727678323078845e-01
5.823162251471423190e-01
6.628133379321086149e-01
6.158724507393272818e-01
6.359995104529423404e-01
6.092635654602298612e-01
6.215467461809767169e-01
6.052804325815818176e-01
6.617007309827657169e-01
5.214788771570666448e-01
4.655926300915675942e-01
7.193115188197465315e-01
6.849875944325148902e-01
6.414512845047228851e-01
7.096540904994492749e-01
6.893601397434329092e-01
6.869902869413322399e-01
6.897495521757028847e-01
5.994058678890508141e-01
6.537010870169894794e-01
7.197899398079639077e-01
7.307046139810189356e-01
7.327851889762903026e-01
6.874798339990432217e-01
6.678645734821260227e-01
6.717809499438132104e-01
7.007866131131854637e-01
7.176871126737056628e-01
7.212808331200837308e-01
7.392271832129861941e-01
7.402730337453687914e-01
6.660398980852032524e-01
7.384372322789527487e-01
7.290802078349780668e-01
6.968479845125112870e-01
7.002525617775009481e-01
7.292470988773795959e-01
7.289244428620701433e-01
7.168749096006852284e-01
7.312720435251838236e-01
7.421088352117848341e-01
6.605881240334227078e-01
7.407959590115600346e-01
7.193894013062005488e-01
7.148499649528812228e-01
7.210694377997084459e-01
7.012205298234293060e-01
7.113341269929571720e-01
7.214922284404587938e-01
7.121685822049643733e-01
7.291914685299123455e-01
7.101325114876666511e-01
7.011092691284949163e-01
7.316503298879604156e-01
6.987282902569008636e-01
7.107444453098052950e-01
6.975823050990777041e-01
7.154507727055263722e-01
7.046139810189254726e-01
6.909289155420064166e-01
7.131254241813994588e-01
7.057933443852291155e-01
7.181099033144561217e-01
7.145384350070650425e-01
6.995182411909345310e-01
7.106776888928447722e-01
7.099767465147587275e-01
7.020661111049300018e-01
6.588858354009279328e-01
6.465136461242337873e-01
6.705682083690294171e-01
6.355322155342182366e-01
6.683429944703433989e-01
6.739282813560454333e-01
6.820614381557426054e-01
6.612334360640417241e-01
6.285450438923441130e-01
6.370676131243115936e-01
5.250280933254708460e-01
6.759532260038495499e-01
6.670968746870793442e-01
6.632583807118459518e-01
6.629579768355232661e-01
7.055151926478931967e-01
6.791797861569441874e-01
6.168404187852557508e-01
7.151169906207233140e-01
6.841865174289877283e-01
7.149500995783218960e-01
6.353319462833364462e-01
6.454232913138774341e-01
5.002113953203751739e-01
6.347978949476518196e-01
6.491171463856962864e-01
5.359316414290322683e-01
6.494954327484729895e-01
6.582739015787891779e-01
5.128450472301649965e-01
6.269873941632638781e-01
6.303029628723061384e-01
6.697671313655024772e-01
4.812136316603433661e-01
6.303140889417995218e-01
5.938539592118292632e-01
6.703123087706805983e-01
4.714004383671379639e-01
5.918957709809855583e-01
4.962171363722337469e-01
6.208791820113708226e-01
5.686979160871838967e-01
4.875999955495721738e-01
4.738481736556926505e-01
6.455456780783053183e-01
6.593420042501584311e-01
6.439769022797315889e-01
6.142369185237930296e-01
5.079773918267893595e-01
6.383582371855494042e-01
5.845303129763348426e-01
4.737257868912649328e-01
5.711345253062449778e-01
5.995838850009457266e-01
6.701009134503055353e-01
6.487833643008933393e-01
6.243505156933210065e-01
6.469364367649840242e-01
5.995171285839850928e-01
6.084291102482226599e-01
6.346643821137307739e-01
5.855539113697304510e-01
5.881796637701799391e-01
7.187329632060881490e-01
6.774107411074890006e-01
6.507749307402174166e-01
6.505969136283225041e-01
6.463912593598060141e-01
6.493619199145518328e-01
6.160282157122352054e-01
6.824397245185191974e-01
7.205020082555435579e-01
7.348880161105486586e-01
7.090310306078171365e-01
7.370575996617674264e-01
6.924531870626063901e-01
7.378920548737748497e-01
5.189699484862981826e-01
7.084636010636521375e-01
6.954238476173522088e-01
7.089086438433893633e-01
7.264989597125023346e-01
7.232056431424470633e-01
6.975155486821170703e-01
7.124467339423001810e-01
7.143047875477029907e-01
6.579846237719600976e-01
6.593420042501585421e-01
6.959467728835434519e-01
7.096985947774229198e-01
6.831851711745791089e-01
7.152505034546444707e-01
7.136038451696168350e-01
7.422200959067191128e-01
7.184325593297655743e-01
7.523225670067534843e-01
7.411631193048431321e-01
7.384594844179397377e-01
6.715139242759710081e-01
7.556047575073153721e-01
7.216479934133668284e-01
7.154618987750196446e-01
7.294139899197809029e-01
7.105553021284171100e-01
7.051480323546099882e-01
7.062050089564859690e-01
7.531458961492673021e-01
7.049143848952480473e-01
7.175424737702911226e-01
6.802812670367939241e-01
7.113675052014374334e-01
7.111004795335951201e-01
6.660955284326706138e-01
7.442227884155363515e-01
7.388488968502097132e-01
6.848540815985936225e-01
7.195340402096151999e-01
7.037906518764116548e-01
7.229942478220718893e-01
6.899831996350649366e-01
7.101102593486799952e-01
6.938661978882719739e-01
7.089420220518697358e-01
6.936659286373902944e-01
6.898941910791174248e-01
7.240846026324279094e-01
6.940887192781406423e-01
7.037795258069181603e-01
6.997963929282702278e-01
7.264989597125023346e-01
6.380578333092268295e-01
7.254308570411329704e-01
6.586521879415658809e-01
7.253195963461986917e-01
7.106665628233512777e-01
7.002303096385138481e-01
6.950455612545756168e-01
7.195896705570823393e-01
6.662846716140589098e-01
6.622904126659174828e-01
6.209904427063051013e-01
7.028671881084568307e-01
7.081409450483426848e-01
7.006531002792643070e-01
5.991388422212085008e-01
7.275225581058980540e-01
7.363010269362142424e-01
6.911625630013684685e-01
7.261095472802323592e-01
7.242848718833099220e-01
6.332624973575584626e-01
6.156165511409783520e-01
6.844535430968301526e-01
6.966699674006164855e-01
7.060381179140844399e-01
6.979160871838805402e-01
6.599316859333104190e-01
6.556147709698594284e-01
6.620456391370620475e-01
6.324391682150445337e-01
6.671413789650529891e-01
5.895481703178717670e-01
6.938773239577654683e-01
6.226927313387998764e-01
6.678423213431390337e-01
6.416181755471244141e-01
6.096195996840196862e-01
6.106988284248822119e-01
5.356979939696703275e-01
4.919502887215033704e-01
6.650719300392750055e-01
6.021985113319017202e-01
6.327284460218738360e-01
6.530446489168771906e-01
6.792131643654245599e-01
6.878024900143526743e-01
5.866665183190733490e-01
6.774441193159692620e-01
6.014419386063485362e-01
6.067268216157277738e-01
6.146263309560631161e-01
6.653055774986368354e-01
6.514869991877968447e-01
6.238387164966232579e-01
4.584830716852656973e-01
5.176515092513268579e-01
6.626798250981875693e-01
5.864662490681916696e-01
6.514869991877969557e-01
6.397935001502019770e-01
6.387365235483261072e-01
6.488501207178539731e-01
6.589637178873819501e-01
6.703568130486542431e-01
5.728701921472201253e-01
6.881585242381424994e-01
6.170406880361374302e-01
6.594866431535731932e-01
7.338755437866464337e-01
7.372467428431558334e-01
6.969369930684586878e-01
7.165188753768956254e-01
7.289800732095372826e-01
7.204908821860501744e-01
6.566494954327484201e-01
7.295697548926891596e-01
7.264544554345286898e-01
7.365680526040565557e-01
7.113452530624505554e-01
7.308603789539268591e-01
7.644833609630725668e-01
7.310940264132889110e-01
6.987950466738614974e-01
6.900054517740517035e-01
7.194005273756940433e-01
7.443674273189510027e-01
7.713370197710254228e-01
6.812937393606961489e-01
7.250525706783563784e-01
7.445788226393261766e-01
7.392160571434930327e-01
7.253195963461988027e-01
7.215144805794455607e-01
7.297588980740772335e-01
7.261317994192193481e-01
6.411620066978938048e-01
7.427986515203776063e-01
7.219261451507026361e-01
7.354665717242070411e-01
7.197009312520166180e-01
7.265768421989562409e-01
7.229942478220718893e-01
7.464480023142223697e-01
7.207801599928793657e-01
7.156510419564080516e-01
7.326961804203429018e-01
7.575740718076524605e-01
7.326182979338887735e-01
7.094760733875542513e-01
7.326182979338888845e-01
7.276226927313387272e-01
6.645211895993501372e-01
7.361118837548259464e-01
7.418418095439424098e-01
7.321955072931385367e-01
7.423536087406401585e-01
7.221264144015842046e-01
7.071507248634275600e-01
7.170529267125802519e-01
7.128806506525440234e-01
7.299257891164787626e-01
7.183101725653378011e-01
7.236951902001579340e-01
7.040910557527342295e-01
7.059824875666174115e-01
7.169416660176459732e-01
7.157511765818489469e-01
7.259426562378308301e-01
7.221486665405713046e-01
7.262986904616204331e-01
7.202349825877012446e-01
7.015876901167125146e-01
7.172865741719423038e-01
7.008311173911592196e-01
6.927980952169028317e-01
7.195896705570821172e-01
6.925533216880472853e-01
6.916187318505990778e-01
7.055708229953604471e-01
7.298701587690116233e-01
6.945115099188909902e-01
7.055708229953605581e-01
6.748406190545065408e-01
6.899609474960781696e-01
7.036237608340101257e-01
6.444887014764294486e-01
7.031675919847795164e-01
7.142602832697293458e-01
7.039797950577999508e-01
6.343639782374080882e-01
7.168081531837248166e-01
7.166078839328429151e-01
7.084969792721325099e-01
6.733274736034000618e-01
6.586966922195396368e-01
6.576063374091835056e-01
7.402952858843556694e-01
6.531892878202917307e-01
6.226927313387999874e-01
6.967367238175770083e-01
6.372345041667130117e-01
6.800587456469253667e-01
7.152282513156575927e-01
6.310372834588724444e-01
7.115677744523192239e-01
5.883354287430879737e-01
5.785889918668432053e-01
6.268538813293427214e-01
6.937215589848574337e-01
5.976479489090888997e-01
6.251515926968480574e-01
6.472813449192803548e-01
6.444887014764294486e-01
6.742843155798350363e-01
6.470810756683985643e-01
7.077737847550595873e-01
6.456569387732395970e-01
6.299024243705426684e-01
6.428754213998820743e-01
6.494843066789794950e-01
6.375126559040487084e-01
5.502675819713169769e-01
5.030207278674662108e-01
7.203740584563691485e-01
6.040343127983177629e-01
5.292782518719612028e-01
6.604156699562745425e-01
6.446333403798440997e-01
5.117769445587957433e-01
5.604646246620456074e-01
4.993991922473547396e-01
5.547847661856495360e-01
4.951379076313711103e-01
5.000000000000000000e-01
6.586076836635921250e-01
5.260850699273468267e-01
7.836090744222788951e-01
5.514747605113541340e-01
5.071596257190221779e-01
5.770090899987760924e-01
6.753079139732307556e-01
7.365346743955762943e-01
6.732829693254264170e-01
6.369285372556438007e-01
6.157556270096462558e-01
7.021106153829036467e-01
7.241068547714148984e-01
6.833965664949542829e-01
7.066277995972362058e-01
7.400838905639804954e-01
6.636978604568364304e-01
6.654057121240778416e-01
7.101881418351339015e-01
7.404287987182768260e-01
7.397834866876579207e-01
7.389935357536243643e-01
6.617786134692197342e-01
5.538112351049744309e-01
6.966588413311228800e-01
5.576163508717275619e-01
6.612779403420153690e-01
7.921316436542462647e-01
7.234615427407959931e-01
7.745413277851334044e-01
7.333081142424815457e-01
7.155509073309672674e-01
7.830193927391271291e-01
7.764550117380033534e-01
7.633596279442362853e-01
7.571735333058889905e-01
6.683986248178106493e-01
7.700463957097876122e-01
6.551474760511353246e-01
7.372801210516359838e-01
6.778446578177327320e-01
7.131810545288665981e-01
7.034902480000890801e-01
5.000000000000000000e-01
8.078972841264366878e-01
4.962505145807140639e-01
8.005095739827992052e-01
8.095439424114643234e-01
5.146252183491137888e-01
7.429210382848050465e-01
8.154407592429822049e-01
7.760655993057332669e-01
7.897840429911324733e-01
7.200458394063129486e-01
7.658852457192446561e-01
4.606693443407247623e-01
8.070962071229095258e-01
7.990409328096663710e-01
6.182144883676943259e-01
4.749051502575685757e-01
5.489825209448258025e-01
8.106565493608072215e-01
7.528788704814250998e-01
6.493174156365779659e-01
6.635977258313954241e-01
6.448781139086994241e-01
6.637813059780370839e-01
7.419308180998898106e-01
7.621580124389456534e-01
5.125780215623226832e-01
7.576519542941064778e-01
7.873696859110582702e-01
7.835645701443051392e-01
6.107099544943758174e-01
5.163275069816086749e-01
7.456357992412019353e-01
6.682317337754092312e-01
7.709921116167292032e-01
7.489291158112573177e-01
8.053271620734543390e-01
6.552921149545499757e-01
7.514324814472791436e-01
7.535241825120440051e-01
7.040242993357737067e-01
8.044815807919536432e-01
7.934445198544710642e-01
5.448770013017500968e-01
7.750642530513245365e-01
8.033355956341303727e-01
6.880917678211817545e-01
7.738070071985670983e-01
7.564503387888161789e-01
7.066389256667297003e-01
7.517328853236017183e-01
6.270096463022507560e-01
7.229831217525785059e-01
7.982954861536065705e-01
7.328964496712246923e-01
7.438333759832663761e-01
7.595322600384961653e-01
7.485174512400003533e-01
7.479500216958355763e-01
7.414969013896460792e-01
7.527898619254774770e-01
6.861113274513512827e-01
7.598827312275391321e-01
6.726710355032876620e-01
6.589692809221286973e-01
7.402174033979016521e-01
5.669900644199423745e-01
7.384483583484462432e-01
6.475316814828825374e-01
7.443451751799641247e-01
5.685421511142758622e-01
7.066834299447033452e-01
5.164777089197699622e-01
5.000000000000000000e-01
4.764850521256355775e-01
6.210571991232656242e-01
5.332446956463690046e-01
4.990709731972985397e-01
6.960246553699975802e-01
5.291280499337998044e-01
5.047786468474282362e-01
6.163953760055185249e-01
4.943757718710711235e-01
4.982698961937715998e-01
4.838560731650329849e-01
5.115377340646869442e-01
5.784332268939351707e-01
5.191757807719267204e-01
6.605269306512088212e-01
7.219372712201961306e-01
5.728479400082333584e-01
6.661177805716574918e-01
6.924198088541260176e-01
6.335907164076146625e-01
6.109547280232312527e-01
4.982698961937715998e-01
5.968468719055619598e-01
6.159169550173010377e-01
5.000000000000000000e-01
6.542351383526741060e-01
5.550629179229853438e-01
6.216023765284437452e-01
5.724696536454566553e-01
7.888605792231778713e-01
5.858765673850399036e-01
5.820325103750597640e-01
6.754525528766452958e-01
4.994548225948218789e-01
6.990954505501841831e-01
5.903603733908922013e-01
5.000000000000000000e-01
6.970148755549125941e-01
7.382925933755382086e-01
6.648494086494063371e-01
7.115343962438388514e-01
7.510986993624761965e-01
5.000000000000000000e-01
7.726165177627699610e-01
5.000000000000000000e-01
6.273211762480668252e-01
5.990108924220340914e-01
6.497179541383415469e-01
6.748628711934934188e-01
6.622236562489569600e-01
6.798139721180699313e-01
6.778446578177327320e-01
6.597202906129351341e-01
7.863572135871560453e-01
6.033278073854848600e-01
6.966699674006163745e-01
5.000000000000000000e-01
4.833720891420688059e-01
5.000000000000000000e-01
7.983511165010737098e-01
5.375560475750731371e-01
5.000000000000000000e-01
8.005429521912793556e-01
6.009245763749040403e-01
7.883265278874931337e-01
7.471044404143348805e-01
6.484718343550774922e-01
5.000000000000000000e-01
7.467261540515581775e-01
6.647381479544720584e-01
5.700441704958888467e-01
5.119994659486643007e-01
5.196987060381179635e-01
6.406835857096764286e-01
5.296899164432180562e-01
4.908488078416537448e-01
6.853547547257980987e-01
4.985257957921205296e-01
6.817944124879005141e-01
4.642797538913427946e-01
5.000000000000000000e-01
8.024677622136426880e-01
6.003182055875120327e-01
6.148822305544120459e-01
8.019003326694778000e-01
5.436308815184859311e-01
5.874842844268405306e-01
6.772215979261005936e-01
4.821927257757652741e-01
7.863905917956364178e-01
8.027014096730049619e-01
7.394719567418418515e-01
7.488067290468296555e-01
5.276816608996538482e-01
7.846215467461810089e-01
7.811724652032177030e-01
6.942333581815551824e-01
4.883065009624049657e-01
6.584852968991644628e-01
4.997663525406380036e-01
7.716930539948151369e-01
7.281233658585432034e-01
7.756984390124500583e-01
7.958366247955583894e-01
5.092680158880271701e-01
7.774897362008923452e-01
5.074489035258513692e-01
8.023453754492151369e-01
7.434773417594765510e-01
7.198956374681516612e-01
5.434306122676041406e-01
6.734053560898541901e-01
7.331634753390670056e-01
4.704602854949432311e-01
4.721125068147176140e-01
7.825409717509095309e-01
7.503977569843901518e-01
5.481258135938317233e-01
5.352140099467060930e-01
8.051268928225725485e-01
6.568497646836302106e-01
5.899375827501418534e-01
7.350549071529499656e-01
7.527676097864908211e-01
5.518307947351439591e-01
5.478699139954827935e-01
5.690316981719868439e-01
5.007621357603000423e-01
6.548470721748128609e-01
5.133902246353430066e-01
5.244217225380789493e-01
5.000000000000000000e-01
5.296064709220174027e-01
6.544354076035558965e-01
5.277539803513612293e-01
5.899542718543819841e-01
4.896082510931363263e-01
5.513913149901534805e-01
6.211350816097196414e-01
5.779714950099578141e-01
5.068425327384594725e-01
5.030763582149333502e-01
6.960691596479711141e-01
5.212062884544776953e-01
5.346632695067813357e-01
6.183925054795892384e-01
5.335005952447178235e-01
5.842410351695056514e-01
5.000000000000000000e-01
7.965486932431380396e-01
6.778446578177326209e-01
4.789995438311507314e-01
6.807596880250115223e-01
6.920526485608428091e-01
5.000000000000000000e-01
6.766207901734555552e-01
5.000000000000000000e-01
6.486275993279853047e-01
5.544009167881263078e-01
5.905272644332936194e-01
6.556092079351125701e-01
5.000000000000000000e-01
5.807752645223021037e-01
5.000000000000000000e-01
6.077615460786168766e-01
6.687045917288799712e-01
6.638814406034779791e-01
6.337520444152694443e-01
7.192781406112661591e-01
5.542006475372445173e-01
5.304631782730114820e-01
7.014096730048176020e-01
5.000000000000000000e-01
5.000000000000000000e-01
6.478042701854715979e-01
6.234938083423269273e-01
5.233591829014563324e-01
7.226159614592952973e-01
5.201270597136149476e-01
6.868456480379176998e-01
4.962894558239410725e-01
5.092791419575206646e-01
7.270107589092001943e-01
5.738937905406157336e-01
7.057321510030152290e-01
5.783998486854547982e-01
4.964118425883687347e-01
5.370720635521089026e-01
6.820503120862493329e-01
6.781840029372823153e-01
4.694978804837615094e-01
5.386352763159358847e-01
4.998776132355722268e-01
6.768766897718043740e-01
7.979783931730437541e-01
5.119605247054372921e-01
5.000000000000000000e-01
6.839083656916521425e-01
4.998776132355722268e-01
4.794501496456347045e-01
6.733831039508672012e-01
7.927046362331578999e-01
6.686322722771725902e-01
7.679769467840095176e-01
7.006308481402774291e-01
7.932108723951090123e-01
5.120829114698649542e-01
6.667630926022763971e-01
6.682261707406623730e-01
6.439880283492250834e-01
7.721826010525261186e-01
6.808041923029851672e-01
5.601030274035092571e-01
4.705659831551307071e-01
7.862237007532348887e-01
4.817532460307746844e-01
7.515326160727199278e-01
8.057277005752178090e-01
5.293783864974019870e-01
6.747460474638125039e-01
5.000000000000000000e-01
6.535230699050946779e-01
5.000000000000000000e-01
4.984479133056664568e-01
5.083779303285529405e-01
4.724518519342671419e-01
6.049299613925388508e-01
5.000000000000000000e-01
5.000000000000000000e-01
4.983922829581993730e-01
6.493730459840452163e-01
5.125502063885890580e-01
5.000000000000000000e-01
5.544176058923664385e-01
5.000000000000000000e-01
4.698650407770446624e-01
6.182701187151615763e-01
6.980607260872951914e-01
5.000000000000000000e-01
5.000000000000000000e-01
4.966677421867176645e-01
5.198489079762791398e-01
5.299680681805538640e-01
5.723027626030552373e-01
4.938194683963996190e-01
5.000000000000000000e-01
5.034602076124568004e-01
5.000000000000000000e-01
5.000000000000000000e-01
7.408682784632674156e-01
4.691084680514914784e-01
5.000000000000000000e-01
5.000000000000000000e-01
7.113675052014375444e-01
6.392928270229975007e-01
5.261184481358270881e-01
5.190367049032588165e-01
5.145417728279131353e-01
5.142914362643109527e-01
5.677299480412555388e-01
6.819390513913150542e-01
5.709342560553632984e-01
7.063607739293940035e-01
5.493274290991221331e-01
6.523659586777779129e-01
6.832630536610331262e-01
6.319941254353074189e-01
6.320720079217614362e-01
6.123788649183903310e-01
7.404287987182769371e-01
7.403620423013161922e-01
7.532349047052149249e-01
7.784243260383405527e-01
7.924876778780360898e-01
7.725608874153029326e-01
7.495521757028894561e-01
7.709587334082489418e-01
7.261540515582058930e-01
7.591428476062261899e-01
7.588535697993969986e-01
7.939229408426884405e-01
7.238732073120529575e-01
6.936993068458705558e-01
7.364679179786157714e-01
7.307491182589926915e-01
7.610342794201091499e-01
7.767776677533128060e-01
7.790473859299725801e-01
7.596991510808976944e-01
7.492295196875798924e-01
7.752867744411932049e-01
8.100557416081620721e-01
7.378141723873206104e-01
7.976279219840007872e-01
7.429099122153116630e-01
7.061271264700319517e-01
7.942010925800241372e-01
8.040476640817098009e-01
7.913750709286930807e-01
8.007098432336807736e-01
7.722938617474603973e-01
7.994414713114298410e-01
7.379031809432681221e-01
7.856228930005897393e-01
7.785912170807418597e-01
7.698238743199190548e-01
8.151069771581793688e-01
8.059836001735667388e-01
7.982732340146196925e-01
7.912526841642653075e-01
7.495299235639025781e-01
7.887493185282435926e-01
7.571957854448758685e-01
7.436887370798518360e-01
8.084313354621213144e-01
8.010436253184837208e-01
7.908966499404754824e-01
8.120473080474859273e-01
8.076858888060614028e-01
7.276449448703256051e-01
7.466705237040911491e-01
7.650952947852112107e-01
7.117680437032009033e-01
7.957476162396110997e-01
7.471934489702822813e-01
8.036471255799463309e-01
7.377585420398535820e-01
8.095105642029840620e-01
7.703022953081364310e-01
8.063396343973563418e-01
7.533795436086294650e-01
7.545700330444264914e-01
7.434884678289701565e-01
7.862793311007021391e-01
7.451240000445042977e-01
7.781573003704982394e-01
7.860011793633663313e-01
7.558384049666775351e-01
8.096774552453854801e-01
7.771225759076092476e-01
7.968490971194606143e-01
7.465592630091566484e-01
8.136272099155531512e-01
8.005652043302662335e-01
7.572514157923430078e-01
7.931886202561220234e-01
7.889495877791252720e-01
8.047708585987827234e-01
7.413967667642051840e-01
7.521111716863781993e-01
7.758430779158645985e-01
7.933443852290300580e-01
7.861346921972874879e-01
7.534351739560966044e-01
7.534240478866032209e-01
7.636044014730916096e-01
7.770669455601418862e-01
6.817165300014464968e-01
8.037639493096274679e-01
7.834755615883577384e-01
7.483060559196252903e-01
7.477386263754604023e-01
7.458694467005640982e-01
7.604445977369573839e-01
7.876255855094072000e-01
7.416081620845804689e-01
7.804270185471577914e-01
7.502864962894557621e-01
7.485285773094938477e-01
7.360117491293850511e-01
7.564058345108422010e-01
7.525673405356089196e-01
7.395387131588022633e-01
7.402841598148621749e-01
7.584752834366204066e-01
7.549371933377095889e-01
7.470376839973742467e-01
7.432881985780882550e-01
7.384706104874331212e-01
7.436108545933977076e-01
7.310940264132889110e-01
6.654613424715449810e-01
5.935313031965196995e-01
6.638814406034779791e-01
7.346321165121996177e-01
6.200113485908833599e-01
6.815496389590449677e-01
6.817165300014463858e-01
6.786067935780326632e-01
5.000000000000000000e-01
5.409216835968357895e-01
5.563312898452363875e-01
5.671625184970905398e-01
7.103327807385484416e-01
6.062261484885235197e-01
6.236161951067547005e-01
7.380255677076958953e-01
7.529678790373723896e-01
7.859900532938728368e-01
7.758208257768777205e-01
7.655403375649485476e-01
6.400827779570310572e-01
7.558050267581972737e-01
7.685332502586812442e-01
7.898730515470799851e-01
7.626809377051367855e-01
5.571379298835100746e-01
7.581748795602976099e-01
5.712124077926991061e-01
7.304375883131766223e-01
7.523948864584608653e-01
7.874364423280189040e-01
7.826411063763503151e-01
8.075189977636599847e-01
7.715039108134269519e-01
8.067179207601331559e-01
7.961815329498547200e-01
7.732840819323757442e-01
6.624684297778122843e-01
8.058055830616718263e-01
7.805382792420921811e-01
7.815173733575140336e-01
8.001424136895158856e-01
7.977280566094415715e-01
8.077860234315024091e-01
7.973720223856517464e-01
8.078527798484629319e-01
8.022007365458003747e-01
8.016333070016355977e-01
8.035024866765319018e-01
7.915308359016011153e-01
7.875588290924464552e-01
7.906518764116199360e-01
7.758542039853579819e-01
8.047374803903024620e-01
8.140166223478233487e-01
8.012105163608851388e-01
8.148955818378041949e-01
5.000000000000000000e-01
7.561721870514803712e-01
8.112462310439590985e-01
8.102782629980307405e-01
8.000200269250883345e-01
8.045594632784076605e-01
8.027125357424982344e-01
8.074411152772058564e-01
5.296342860957510279e-01
7.934890241324447091e-01
7.888939574316581327e-01
8.028237964374325131e-01
8.058612134091389656e-01
8.085092179485753316e-01
7.980062083467773792e-01
7.855783887226159834e-01
8.027792921594588682e-01
8.097553377318393864e-01
7.942901011359716490e-01
8.064063908143170867e-01
7.542918813070906836e-01
8.044482025834733818e-01
7.484061905450660745e-01
8.077303930840350477e-01
7.838427218816409470e-01
4.807741519153528320e-01
7.908855238709820989e-01
8.094994381334905675e-01
7.411074889573759927e-01
8.096552031063986021e-01
7.531236440102803131e-01
7.772338366025435263e-01
7.986737725163832735e-01
8.082978226282001577e-01
7.884489146519209068e-01
6.384806239499771774e-01
7.439891409561742996e-01
8.096106988284248462e-01
7.968157189109803529e-01
7.920982654457660033e-01
7.972607616907174677e-01
7.500083445521201764e-01
7.932442506035893848e-01
8.050267581971317643e-01
7.389156532671703470e-01
7.806161617285461984e-01
7.480390302517828660e-01
4.988095105642029736e-01
7.431880639526473598e-01
8.126481158001312988e-01
7.509206822505813950e-01
7.454800342682940117e-01
7.898953036860667520e-01
7.876700897873808449e-01
7.463478676887815855e-01
7.540916120562088931e-01
7.506202783742587092e-01
7.441894102070562012e-01
7.797817065165388861e-01
5.000000000000000000e-01
7.884600407214142903e-01
7.587423091044627199e-01
7.399281255910724608e-01
8.020560976423859456e-01
7.998976401606604503e-01
7.522335584508061945e-01
7.762102382091478070e-01
7.752311440937260656e-01
7.576297021551197108e-01
7.420420787948240893e-01
7.380478198466826623e-01
6.237052036627019902e-01
5.017301038062284002e-01
6.166568386386142020e-01
5.845692542195618513e-01
6.009078872706639096e-01
5.104195640805972989e-01
4.983922829581993730e-01
5.592407570177683196e-01
5.469297611232879497e-01
5.220908109792052887e-01
5.016077170418006270e-01
5.843578588991866773e-01
5.914952324792220884e-01
6.378241858498647776e-01
6.826844980473748548e-01
5.794735143915707987e-01
5.998008433560675368e-01
7.491405111316324916e-01
5.361096585409271809e-01
7.789249991655448069e-01
6.007298701587689971e-01
6.379076313710655421e-01
6.041010692152782857e-01
5.000000000000000000e-01
7.722159792610063800e-01
7.548481847817622992e-01
6.786012305432859160e-01
7.727389045271977341e-01
7.965709453821248065e-01
7.518886502965097529e-01
5.936981942389212286e-01
6.175524872328352899e-01
7.437443674273189753e-01
5.125668954928291887e-01
6.457960146419073899e-01
8.185560587011426747e-01
8.130375282324012742e-01
7.839317304375883477e-01
7.980062083467772682e-01
7.731171908899743261e-01
7.120239433015498332e-01
7.950021695835512991e-01
7.999087662301538337e-01
7.490737547146719688e-01
8.046707239733419392e-01
7.962705415058022318e-01
8.094660599250104172e-01
5.793344385229031168e-01
5.637468151626074953e-01
7.980952169027246690e-01
8.093881774385562888e-01
8.051491449615594265e-01
7.976056698450137983e-01
7.883154018179998612e-01
8.065844079262119992e-01
7.959590115599862736e-01
8.070071985669622361e-01
7.884934189298946627e-01
5.391915797906073893e-01
8.133045539002436985e-01
6.183925054795891274e-01
6.894102070561531903e-01
8.065510297177316268e-01
4.946594866431535675e-01
7.939340669121819349e-01
8.007765996506415185e-01
7.911636756083179067e-01
6.819557404955550739e-01
5.252283625763526365e-01
8.164309794278974408e-01
8.044036983054996259e-01
8.132044192748028033e-01
7.879927458026901865e-01
8.099333548437342989e-01
7.410296064709220865e-01
7.935112762714315870e-01
5.206778001535398159e-01
8.129373936069603790e-01
8.005207000522924776e-01
8.029016789238864193e-01
7.924765518085425953e-01
6.052025500951279113e-01
8.003204308014107982e-01
7.778235182856951813e-01
4.973297433215767560e-01
8.031242003137550878e-01
8.073632327907519501e-01
7.855005062361619661e-01
8.039809076647492780e-01
7.980618386942445186e-01
8.157189109803180127e-01
5.708841887426427952e-01
8.041255465681638182e-01
5.923686289344562983e-01
8.035358648850121632e-01
5.114320364044993017e-01
4.789216613446968251e-01
8.051268928225727706e-01
5.378787035903825897e-01
6.412510152538413166e-01
7.931218638391615006e-01
8.053827924209214784e-01
4.983922829581993730e-01
7.543252595155709450e-01
5.052292526619120983e-01
7.510208168760224012e-01
7.902179597013763157e-01
4.996384027414635387e-01
7.414969013896463013e-01
7.617908521456624449e-01
7.867243738804390318e-01
7.478387610009011865e-01
7.520110370609373041e-01
7.470599361363610136e-01
5.429521912793867644e-01
5.337509318083200061e-01
7.464925065921961256e-01
6.608273345275315069e-01
5.527987627810723170e-01
7.490181243672047184e-01
5.958121474426729680e-01
7.450127393495699080e-01
7.503643787759097794e-01
4.683407692564447444e-01
7.919870047508317246e-01
7.486175858654413595e-01
5.315312809443808462e-01
7.730726866120005702e-01
6.423858743421710926e-01
6.602209637401394993e-01
6.580068759109469756e-01
5.134180398090766317e-01
6.103205420621056199e-01
5.017078516672415223e-01
6.522546979828436342e-01
6.115110314979027573e-01
6.241057421644655712e-01
5.014630781383859759e-01
5.820158212708196332e-01
6.409728635165055088e-01
6.115777879148633911e-01
6.676197999532704763e-01
6.970037494854193216e-01
5.245051680592797139e-01
7.701242781962416295e-01
6.636811713525962997e-01
7.743410585342516139e-01
7.558272788971840406e-01
7.514658596557594050e-01
6.401940386519654469e-01
7.533572914696424760e-01
7.213030852590704978e-01
7.220819101236106707e-01
7.602554545555690879e-01
7.643498481291514102e-01
7.079295497279675109e-01
6.983054996161506267e-01
7.105330499894302321e-01
7.814394908710600163e-01
6.617897395387131176e-01
7.896171519487309443e-01
7.983288643620867209e-01
7.734509729747771622e-01
7.808053049099343834e-01
6.689660543619755373e-01
6.988172988128483754e-01
7.821515593186395554e-01
7.197676876689772518e-01
7.952024388344329786e-01
7.660410106921529128e-01
7.905072375082056180e-01
7.484840730315200918e-01
7.857341536955239070e-01
7.710811201726766040e-01
7.799263454199534262e-01
7.853558673327474260e-01
8.067735511076001842e-01
7.431435596746737149e-01
7.213920938150180096e-01
7.303040754792554656e-01
7.336418963272843818e-01
8.072519720958177825e-01
7.916754748050156554e-01
7.695679747215700139e-01
7.433215767865685164e-01
7.263876990175679449e-01
7.352329242648449892e-01
7.466037672871304043e-01
7.789695034435184517e-01
7.819957943457316318e-01
7.434773417594766620e-01
7.982732340146196925e-01
7.581526274213108429e-01
7.437554934968124698e-01
7.404733029962504709e-01
7.709698594777424363e-01
7.172420698939685479e-01
7.776788793822805301e-01
7.828525016967256001e-01
7.965153150346576671e-01
7.358337320174901386e-01
7.690784276638591432e-01
7.773228451584909271e-01
7.334416270764028134e-01
7.393384439079206949e-01
7.281122397890495979e-01
7.607004973353063138e-01
7.548259326427753102e-01
7.416860445710343752e-01
7.551930929360584077e-01
7.255866220140410050e-01
7.481280388077303778e-01
7.450572436275436639e-01
7.432993246475818605e-01
7.812948519676454762e-01
7.514547335862660216e-01
7.846994292326350262e-01
7.466927758430779161e-01
7.508427997641273777e-01
7.093759387621134671e-01
7.324069026135138216e-01
7.421978437677321239e-01
7.529567529678791171e-01
7.554601186039008320e-01
7.359561187819178008e-01
7.104885457114565872e-01
7.283570133179051442e-01
6.829626497847105515e-01
8.005095739827990942e-01
7.440113930951611776e-01
6.786346087517662884e-01
7.472490793177494206e-01
7.365235483260829108e-01
7.391159225180521375e-01
7.410629846794023479e-01
7.458360684920837258e-01
7.373023731906228617e-01
7.532349047052148139e-01
7.407403286640928952e-01
7.280009790941154302e-01
7.435663503154241738e-01
7.405511854827045992e-01
7.138374926289789979e-01
7.362231444497602251e-01
7.356334627666083481e-01
7.175535998397846171e-01
7.530346354543329124e-01
7.301149322978671696e-01
7.428542818678445236e-01
7.270552631871738392e-01
6.663403019615260492e-01
7.436442328018779691e-01
7.101213854181733787e-01
7.342427040799295312e-01
7.139821315323934270e-01
7.453576475038662386e-01
6.473814795447212500e-01
5.959400972418473774e-01
6.949788048376150940e-01
6.469586889039709021e-01
6.779447924431736272e-01
6.491616506636701533e-01
6.921972874642574602e-01
6.394485919959056464e-01
7.232501474204208192e-01
6.972151448057943846e-01
6.958688903970894346e-01
5.938984634898029080e-01
6.972596490837682515e-01
5.378453253819023283e-01
6.307146274435629918e-01
6.902168470944269885e-01
7.693899576096752124e-01
7.413633885557249226e-01
7.603555891810099832e-01
7.407737068725730456e-01
7.869246431313209333e-01
7.574294329042379204e-01
7.618798607016099567e-01
7.714037761879860566e-01
7.550373279631503731e-01
7.694789661656227242e-01
7.788026124011171447e-01
6.985502731450059510e-01
7.643275959901645322e-01
7.431435596746737149e-01
7.927101992679046472e-01
7.659186239277251396e-01
8.054718009768689901e-01
7.579523581704291635e-01
7.463367416192882020e-01
7.983956207790473547e-01
8.120361819779926549e-01
7.872027948686566301e-01
8.052826577954806941e-01
7.885379232078683076e-01
7.785244606637813369e-01
7.405511854827044882e-01
7.869802734787882947e-01
7.581303752823240760e-01
7.825187196119227639e-01
7.640383181833354520e-01
7.913305666507193248e-01
7.884822928604011683e-01
7.715929193693743526e-01
7.909856584964229942e-01
7.946683874987483520e-01
7.958700030040386508e-01
7.611344140455500451e-01
7.791697726944002422e-01
7.756094304565026576e-01
7.949020349581104039e-01
7.853892455412275764e-01
7.980618386942445186e-01
7.987405289333436853e-01
7.888717052926712547e-01
7.896282780182245498e-01
7.638491750019469340e-01
8.042924376105653472e-01
7.846104206766875144e-01
7.707250859488867789e-01
7.709698594777423253e-01
7.700241435708006232e-01
7.644499827545923054e-01
7.913194405812258303e-01
7.600996895826611643e-01
7.373913817465704845e-01
7.397167302706972869e-01
7.928659642408126818e-01
7.605447323623985012e-01
7.324069026135138216e-01
7.955250948497425423e-01
7.967267103550328411e-01
7.641829570867499921e-01
7.455134124767743842e-01
7.442895448324970964e-01
7.483060559196252903e-01
7.708474727133145521e-01
7.614681961303529922e-01
7.461253462989130281e-01
7.406846983166257559e-01
7.461364723684065225e-01
7.469931797194004908e-01
7.649284037428096816e-01
7.763103728345888133e-01
7.453353953648795827e-01
7.525673405356090306e-01
7.420977091422913396e-01
7.348212596935881358e-01
7.196230487655626007e-01
7.475494831940719953e-01
7.439112584697202823e-01
7.446567051257803049e-01
7.314834388455591085e-01
7.587868133824363648e-01
7.450906218360238142e-01
7.357335973920493544e-01
7.426873908254432166e-01
7.280454833720890750e-01
7.514769857252527885e-01
7.391604267960256713e-01
7.411297410963628707e-01
7.584752834366204066e-01
7.499415881351595425e-01
7.327740629067969191e-01
7.497635710232645190e-01
7.742075457003305683e-01
7.252194617207580185e-01
7.451240000445042977e-01
7.413745146252183060e-01
7.315724474015063983e-01
7.394497046028549736e-01
7.419975745168503334e-01
7.504200091233769188e-01
7.533572914696425871e-01
7.302706972707752042e-01
7.436442328018779691e-01
7.280454833720892971e-01
7.467150279820646830e-01
7.438111238442794981e-01
7.553377318394730588e-01
7.460808420209392722e-01
7.409851021929483306e-01
7.384149801399658708e-01
6.855772761156666562e-01
7.375026424415046522e-01
6.797249635621225305e-01
6.306812492350827304e-01
6.487277339534260889e-01
6.718810845692542166e-01
6.856662846716139459e-01
7.308715050234203536e-01
6.870125390803190069e-01
6.401050300960180461e-01
6.538345998509105250e-01
6.575173288532358828e-01
6.320497557827745583e-01
7.070839684464668151e-01
6.998297711367506002e-01
4.963339601019147729e-01
7.807385484929739716e-01
7.296476373791430658e-01
7.844212774952992184e-01
7.811835912727110864e-01
7.118348001201615372e-01
7.469598015109202294e-01
7.944903703868535505e-01
7.721269707050588682e-01
7.663414145684754875e-01
7.565615994837504577e-01
7.601108156521545478e-01
7.785467128027681039e-01
7.151058645512299305e-01
7.902402118403631937e-01
7.590872172587589395e-01
7.596657728724173220e-01
7.697126136249846651e-01
7.942010925800242482e-01
7.953915820158212746e-01
7.977503087484285604e-01
7.445009401528721593e-01
8.131487889273355529e-01
7.851667241513591300e-01
8.037472602053872262e-01
7.860901879193137320e-01
7.966154496600985624e-01
8.075968802501141131e-01
7.994637234504167189e-01
7.871805427296698632e-01
7.852334805683195418e-01
8.061949954939419127e-01
7.991076892266268938e-01
7.432659464391013771e-01
8.074856195551798344e-01
7.817176426083957130e-01
7.920982654457660033e-01
7.756650608039696859e-01
7.651397990631849666e-01
7.953136995293673683e-01
7.898062951301194623e-01
7.530123833153463675e-01
7.509318083200747784e-01
7.939785711901556908e-01
7.730615605425071868e-01
7.926768210594241637e-01
7.973275181076779905e-01
8.091434039097009645e-01
7.940564536766097081e-01
7.806606660065198433e-01
7.801933710877957395e-01
7.388934011281833580e-01
7.350549071529501877e-01
7.765440202939507541e-01
7.926211907119572464e-01
7.859344229464058085e-01
8.144839172665472304e-01
7.759098343328252323e-01
8.020560976423859456e-01
7.455801688937347960e-01
7.965820714516183010e-01
7.984623771960079885e-01
7.887493185282434816e-01
7.493074021740340207e-01
7.663302884989819930e-01
7.727945348746648735e-01
7.657406068158301160e-01
7.905406157166857684e-01
7.445343183613524207e-01
7.566951123176715033e-01
7.508427997641273777e-01
7.843100168003649397e-01
7.785022085247945700e-01
7.742409239088108297e-01
7.695123443741029856e-01
7.504978916098310471e-01
7.921761479322200206e-01
7.449793611410897576e-01
7.792254030418672706e-01
7.441782841375628177e-01
7.453353953648793606e-01
7.269217503532527935e-01
7.354776977937005356e-01
7.529456268983855116e-01
7.560609263565459814e-01
7.407292025945994007e-01
7.650396644377440714e-01
7.377696681093469655e-01
7.484618208925332139e-01
7.510653211539959351e-01
7.309605135793677544e-01
7.662746581515147426e-01
7.484061905450660745e-01
7.329854582271719821e-01
7.402730337453686804e-01
7.448792265156487513e-01
7.434217114120095227e-01
7.396833520622170255e-01
7.516438767676543176e-01
7.585642919925676964e-01
7.460585898819525053e-01
7.582305099077648602e-01
7.507092869302061100e-01
7.616573393117412882e-01
7.483616862670923187e-01
7.391826789350125493e-01
7.297922762825576060e-01
7.508873040421010225e-01
7.500751009690806992e-01
7.354220674462332852e-01
7.274001713414701698e-01
7.391826789350125493e-01
7.356890931140757095e-01
5.609486086850098419e-01
5.215233814350404007e-01
5.000000000000000000e-01
5.687869246431314085e-01
5.441148655414502766e-01
5.001056976601876425e-01
4.900866720813537580e-01
5.368328530580002145e-01
6.338076747627365837e-01
5.915007955139688356e-01
5.942544977135927331e-01
5.234648805616439748e-01
4.983922829581993730e-01
6.657394942088807888e-01
6.433760945270864395e-01
5.000000000000000000e-01
5.912170807418862806e-01
4.796504188965164395e-01
6.987060381179140967e-01
7.141156443663146947e-01
6.751632750698161045e-01
5.505679858476395516e-01
6.090299180008678093e-01
7.132478109458272320e-01
7.130976090076658336e-01
5.850977425204997306e-01
6.876467250414445287e-01
6.594087606671191759e-01
5.888917322177594782e-01
7.305488490081109010e-01
5.944492039297277763e-01
6.796860223188954109e-01
6.703568130486542431e-01
6.618564959556736405e-01
6.671191268260661111e-01
6.693554667942456238e-01
5.000000000000000000e-01
6.470532604946650501e-01
6.492896004628444517e-01
7.961370286718810751e-01
6.725263965998731219e-01
6.540571212407793045e-01
6.741953070238877466e-01
7.168415313922050780e-01
7.487065944213887603e-01
6.541016255187530604e-01
6.607216368673438645e-01
6.569387732395777224e-01
7.058823529411764053e-01
6.326895047786468274e-01
5.127337865352307178e-01
6.660287720157099800e-01
6.607550150758241259e-01
8.020004672949185842e-01
5.320097019325983334e-01
6.747293583595722621e-01
7.150502342037627912e-01
7.416025990498336107e-01
7.270552631871738392e-01
4.976579623716330114e-01
7.112562445065030436e-01
7.127026335406489999e-01
7.017879593675941940e-01
7.619354910490772070e-01
6.624239254998386395e-01
7.930217292137207163e-01
5.653823473781417475e-01
6.776888928448246974e-01
7.345319818867588335e-01
6.748628711934934188e-01
5.893256489280032095e-01
7.157177983733686855e-01
7.857007754870437566e-01
6.876801032499249011e-01
6.683986248178106493e-01
5.483817131921806531e-01
7.603110849030361162e-01
6.633918935457669974e-01
6.873796993736023264e-01
7.787914863316236502e-01
7.976835523314678156e-01
6.771325893701531928e-01
4.784209882174924044e-01
5.531993012828357870e-01
5.272477441894102279e-01
6.589859700263687170e-01
6.535119438356011834e-01
5.203940853814572609e-01
6.650274257613013607e-01
4.911825899264566364e-01
6.581070105363877598e-01
6.698005095739827386e-01
5.000000000000000000e-01
6.212240901656671532e-01
5.502063885891030903e-01
5.299569421110603695e-01
8.054050445599083563e-01
7.277228273567797334e-01
5.000000000000000000e-01
5.991165900822216228e-01
6.731049522135315044e-01
8.063229452931163221e-01
7.261206733497256316e-01
6.467695457225824951e-01
6.559374269851687700e-01
7.773395342627309468e-01
7.483283080586121683e-01
5.873952758708931299e-01
7.833754269629167322e-01
6.955796125902602434e-01
6.644266180086561002e-01
4.681961303530302043e-01
6.205787781350482479e-01
7.472602053872430261e-01
7.395053349503220019e-01
5.000000000000000000e-01
6.471367060158658147e-01
5.827668309616261810e-01
7.386375015298345392e-01
7.394608306723484681e-01
6.768433115633241126e-01
7.253418484851856807e-01
7.079295497279676219e-01
7.807329854582270023e-01
6.530001446389034347e-01
4.983922829581993730e-01
6.748739972629869133e-01
7.130252895559585635e-01
6.910179240979539284e-01
5.384238809955607108e-01
6.528777578744756616e-01
5.000834455212006535e-01
6.343306000289277158e-01
4.753446300025589433e-01
6.078950589125379222e-01
4.845458894736255906e-01
4.906930428687458212e-01
4.889128717497969179e-01
6.480712958533139112e-01
5.869112918479288954e-01
6.030329665439090325e-01
5.462733230231755499e-01
5.554300782162685524e-01
5.311251794078706290e-01
6.270207723717442505e-01
5.000000000000000000e-01
6.651164343172487614e-01
6.669522357836645821e-01
6.654168381935713361e-01
5.459896082510931059e-01
6.685321376517316949e-01
6.863672270497001016e-01
6.149823651798529411e-01
4.872105831173021429e-01
6.049800287052593539e-01
4.964007165188752957e-01
5.183691407336530332e-01
6.575340179574762356e-01
5.070706171630747772e-01
6.105319373824809048e-01
5.147197899398079368e-01
6.442939952602942943e-01
5.000000000000000000e-01
5.994392460975310755e-01
7.470599361363612356e-01
6.300303741697170778e-01
6.677978170651653889e-01
5.238487299591674251e-01
6.922974220896984665e-01
6.291625407492296151e-01
6.486053471889985378e-01
7.112451184370096602e-01
7.000745446656059245e-01
5.498281022263264983e-01
5.274647025445321491e-01
6.411953849063741773e-01
6.369563524293773149e-01
6.440436586966922228e-01
6.588468941577009241e-01
4.889406869235305431e-01
6.916298579200925722e-01
5.825276204675173819e-01
7.127693899576095227e-01
6.828513890897761618e-01
5.472691062428375330e-01
5.359316414290323793e-01
6.639259448814517350e-01
7.757763214989040756e-01
5.608317849553288159e-01
6.641595923408137869e-01
6.711912682606614444e-01
6.749852579579211920e-01
6.868845892811445975e-01
5.135181744345175270e-01
6.545911725764639311e-01
5.564759287486509276e-01
5.949888183001590392e-01
6.605436197554490629e-01
5.707562389434684968e-01
5.000000000000000000e-01
5.000000000000000000e-01
6.588524571924476714e-01
4.983922829581993730e-01
6.726487833643008951e-01
6.591306089297833681e-01
7.182767943568575397e-01
5.000000000000000000e-01
5.000000000000000000e-01
6.114498381156888707e-01
6.656059813749597431e-01
6.780894313465881673e-01
7.660632628311395687e-01
5.116323056553812032e-01
4.980585008733964814e-01
5.973753602064998391e-01
6.667742186717697805e-01
5.281267036793910741e-01
6.075390246887482082e-01
5.000000000000000000e-01
7.816731383304220682e-01
6.167402841598148555e-01
5.056353541984223154e-01
5.912727110893535309e-01
6.607216368673438645e-01
6.637813059780370839e-01
7.439891409561744107e-01
7.768166089965398147e-01
7.548259326427750882e-01
7.569176337075402827e-01
7.277450794957665003e-01
5.017301038062284002e-01
7.071284727244405710e-01
4.549894858643287465e-01
5.000000000000000000e-01
7.129474070695045462e-01
5.282935947217926032e-01
7.736456791909122055e-01
5.166056587189443716e-01
5.000000000000000000e-01
5.339011337464814044e-01
4.984423502709198761e-01
5.446934211551084370e-01
5.000000000000000000e-01
4.651086460686033597e-01
6.508750653656583118e-01
5.002225213898686684e-01
4.982698961937715998e-01
6.354487700130175831e-01
5.000000000000000000e-01
7.081409450483429069e-01
5.573103839606582399e-01
5.026535675741830023e-01
5.102749251771827588e-01
6.749073754714672857e-01
5.238876712023943227e-01
5.123777523114410037e-01
6.137807496745624203e-01
4.619710944714561229e-01
5.016077170418006270e-01
4.922117513545989365e-01
5.000000000000000000e-01
5.703000700942378876e-01
6.514313688403299274e-01
6.415569821649106386e-01
5.000000000000000000e-01
5.234370653879104607e-01
5.038663091489670176e-01
5.947829860145306125e-01
6.453120306189432664e-01
5.062806662290412207e-01
5.000000000000000000e-01
5.084836279887404720e-01
7.771559541160893980e-01
6.687657851110937468e-01
6.136583629101347581e-01
5.000000000000000000e-01
6.860890753123644048e-01
6.589359027136483249e-01
5.014853302773729649e-01
6.223366971150101623e-01
6.517874030641195304e-01
6.547358114798784712e-01
6.253129207045027282e-01
6.012639214944537347e-01
4.965397923875432551e-01
5.000000000000000000e-01
5.285161161116611606e-01
5.162551875299012938e-01
4.974688191902446599e-01
6.475149923786422956e-01
5.000000000000000000e-01
5.244272855728256966e-01
4.982698961937715998e-01
7.025890363711212450e-01
6.597981730993891514e-01
5.322322233224668908e-01
5.000000000000000000e-01
4.983922829581993730e-01
6.589414657483951832e-01
6.680982209414880746e-01
7.019159091667686035e-01
5.017301038062284002e-01
5.000000000000000000e-01
6.742175591628745135e-01
5.407547925544342604e-01
4.613146563713436676e-01
6.600874509062182316e-01
5.000000000000000000e-01
4.981363833598504431e-01
5.965687201682261520e-01
8.040031598037361560e-01
7.404844290657439654e-01
4.825431969648082409e-01
5.000000000000000000e-01
6.056809710833452876e-01
6.879638180220073451e-01
6.601597703579256127e-01
6.062261484885235197e-01
6.000789950934033445e-01
6.857608562623082049e-01
5.000000000000000000e-01
5.715350638080085588e-01
5.150480089898641367e-01
5.179352240234091909e-01
5.078438789928680919e-01
6.628800943490693598e-01
5.000000000000000000e-01
5.000000000000000000e-01
8.070962071229097479e-01
6.059758119249212260e-01
6.222254364200757726e-01
5.825721247454911378e-01
6.583295319262563172e-01
5.000000000000000000e-01
5.000000000000000000e-01
7.180097686890152264e-01
6.353987027002970800e-01
5.067590872172587080e-01
6.455067368350781987e-01
5.000000000000000000e-01
7.414635231811657068e-01
6.710355032877535209e-01
4.890408215489714383e-01
5.000000000000000000e-01
5.222577020216068178e-01
5.230254008166534962e-01
5.718577198233180114e-01
5.266580625062584620e-01
5.942934389568197417e-01
5.000000000000000000e-01
6.330677911414235304e-01
5.000000000000000000e-01
5.000000000000000000e-01
7.501307313165477275e-01
5.000000000000000000e-01
4.907375471467194661e-01
6.582739015787891779e-01
4.967122464646914204e-01
5.385351416904949895e-01
7.620467517440114857e-01
5.410385073265167044e-01
6.436431201949287528e-01
5.000000000000000000e-01
6.644154919391626057e-01
5.109480523815351782e-01
5.049455378898296543e-01
4.983922829581993730e-01
5.000000000000000000e-01
5.156321276382692664e-01
5.076102315335061510e-01
5.013851956519320696e-01
5.000000000000000000e-01
6.044125991610943549e-01
5.868334093614748781e-01
4.990375949888182783e-01
4.957053371755359983e-01
6.054139454155030853e-01
5.004061015365102172e-01
5.000000000000000000e-01
6.658730070428020564e-01
5.000000000000000000e-01
5.153205976924531972e-01
5.000000000000000000e-01
5.017301038062284002e-01
6.178083868311841087e-01
5.104084380111038044e-01
6.221364278641283718e-01
6.182200514024410731e-01
6.429755560253229696e-01
6.125568820302851325e-01
6.126681427252194112e-01
6.437988851678367874e-01
6.444664493374425707e-01
6.340190700831117576e-01
6.294351294518185647e-01
6.585075490381512298e-01
6.567273779192025485e-01
5.802579022908576079e-01
6.064264177394051991e-01
5.817487956029773200e-01
7.816953904694088351e-01
6.241613725119327105e-01
7.248856796359549604e-01
7.183769289822985460e-01
6.662179151970982760e-01
7.455467906852546456e-01
6.726376572948074006e-01
7.094760733875544734e-01
6.625685644032532906e-01
7.121797082744578677e-01
7.063162696514202477e-01
7.051146541461298378e-01
6.462911247343650079e-01
7.598549160538056180e-01
6.491004572814561557e-01
7.292693510163664738e-01
7.775231144093726066e-01
7.181655336619232610e-01
7.246631582460865140e-01
7.443006709019905909e-01
7.974832830805861361e-01
7.788026124011170337e-01
7.447679658207144726e-01
7.913083145117325579e-01
7.363677833531747652e-01
8.007320953726677626e-01
8.187674540215178487e-01
8.121474426729269336e-01
5.704892132756260725e-01
7.070728423769735427e-01
7.469041711634530900e-01
6.520154874887347241e-01
6.661066545021641083e-01
7.682328463823584475e-01
7.395720913672827468e-01
7.798595890029929034e-01
7.873808119805515426e-01
7.694233358181554738e-01
7.414523971116723233e-01
7.988851678367583364e-01
6.669188575751844317e-01
8.025122664916164439e-01
7.374025078160638680e-01
7.202794868656748895e-01
7.754314133446076340e-01
5.205498503543652955e-01
8.091100257012207031e-01
5.424904593954094079e-01
8.019559630169449393e-01
7.512600273701309783e-01
7.612234226014976679e-01
7.859566750853925754e-01
7.766107767109113880e-01
6.801255020638858895e-01
7.442227884155363515e-01
5.000000000000000000e-01
7.836758308392393069e-01
8.028794267848997634e-01
4.886291569777144739e-01
7.540582338477286317e-01
7.540693599172221262e-01
8.129485196764537625e-01
7.191668799163319914e-01
7.688670323434840803e-01
7.268772460752790376e-01
7.641050746002959748e-01
7.946238832207745961e-01
8.064620211617841150e-01
8.062283737024220631e-01
7.905517417861792628e-01
7.694789661656227242e-01
5.088730404210104474e-01
7.952914473903802683e-01
7.609897751421355050e-01
7.496634363978236237e-01
7.864907264210772020e-01
7.579634842399225469e-01
8.023898797271887817e-01
7.699573871538401004e-01
7.991521935046006497e-01
7.187774674840619049e-01
7.371466082177149381e-01
7.997863794657262826e-01
7.561165567040131208e-01
7.619577431880639740e-01
7.721269707050589792e-01
7.563947084413489286e-01
7.806495399370263488e-01
7.483839384060793076e-01
6.106821393206421922e-01
7.464257501752356028e-01
7.479611477653288487e-01
7.612679268794713128e-01
7.508316736946338832e-01
7.852557327073065307e-01
7.333859967289354520e-01
7.581637534908043374e-01
7.552431602487789108e-01
5.444987149389735048e-01
7.610454054896027554e-01
6.333403798440124799e-01
7.425427519220284545e-01
7.357892277395166047e-01
7.401061427029671513e-01
7.508761779726075281e-01
7.500083445521201764e-01
7.866576174634787311e-01
7.402730337453686804e-01
7.465481369396633760e-01
7.488846115332836728e-01
7.108557060047396847e-01
7.342649562189165202e-01
5.237096540904995212e-01
6.086738837770780952e-01
6.319496211573336630e-01
6.272544198311061914e-01
5.290779826210795234e-01
5.236373346387921401e-01
6.436653723339156308e-01
5.301127070839685151e-01
5.000000000000000000e-01
5.068814739816863701e-01
6.446667185883242501e-01
6.051580458171541554e-01
6.388811624517406473e-01
7.118793043981351820e-01
6.526663625541005986e-01
6.129129162540749576e-01
7.335195095628567197e-01
7.138263665594855034e-01
4.958388500094571549e-01
6.607216368673438645e-01
7.475049789160983504e-01
7.341203173155019801e-01
7.211028160081888183e-01
5.570322322233224321e-01
7.390602921705849981e-01
5.208780694044214954e-01
7.179986426195217319e-01
5.673906029217058444e-01
5.914284760622615655e-01
6.490503899687356526e-01
5.593520177127027093e-01
6.336296576508416711e-01
7.978281912348823557e-01
7.209136728268004113e-01
6.675085392583361976e-01
7.802267492962760009e-01
7.094983255265412403e-01
5.721414345954004554e-01
5.778657973497702827e-01
6.769768243972451582e-01
7.321510030151650028e-01
6.641595923408137869e-01
7.314166824285984747e-01
7.903069682573237165e-01
7.140600140188475553e-01
7.389824096841308698e-01
5.034602076124568004e-01
6.717586978048264434e-01
7.068447579523582380e-01
7.079851800754347613e-01
4.791330566650719991e-01
8.152516160615939089e-01
8.173210649873718925e-01
6.800142413689516108e-01
8.076858888060616248e-01
6.172743354954994821e-01
7.637379143070127663e-01
7.655180854259615586e-01
5.580947718599450491e-01
8.086538568519898718e-01
7.972885768644510929e-01
7.424537433660809427e-01
6.293349948263777804e-01
7.443563012494576192e-01
5.032209971183480013e-01
6.721481102370965299e-01
8.161750798295487330e-01
5.405656493730459644e-01
7.719712057321510557e-01
7.954360862937950305e-01
7.536243171374849004e-01
4.931185260183135188e-01
8.043814461665127480e-01
7.746859666885478335e-01
7.161016477708919137e-01
5.620389634953659730e-01
8.040476640817099119e-01
8.154963895904493443e-01
7.908632717319953320e-01
7.374803903025177743e-01
7.945905050122943347e-01
7.530123833153462565e-01
7.551819668665651353e-01
5.332502586811157519e-01
6.690439368484294436e-01
6.444553232679490762e-01
7.397667975834176790e-01
7.903848507437778448e-01
7.862348268227282722e-01
5.343628656304587610e-01
7.018769679235417058e-01
5.000000000000000000e-01
7.814617430100467832e-01
8.038473948308281214e-01
8.138831095139019700e-01
6.406390814317026727e-01
5.048565293338822535e-01
7.526007187440892920e-01
7.446010747783130546e-01
5.017301038062284002e-01
5.024143570800743142e-01
7.992968324080151898e-01
8.051713971005463044e-01
5.267025667842322179e-01
7.461253462989130281e-01
6.065043002258592164e-01
7.716596757863349865e-01
7.604668498759444839e-01
7.811502130642308250e-01
5.233591829014563324e-01
7.884266625129339179e-01
6.005017857341536924e-01
7.307602443284861859e-01
5.156933210204830420e-01
7.237730726866120623e-01
7.543920159325314678e-01
7.429989207712590638e-01
5.000000000000000000e-01
5.791897996194883547e-01
7.215923630658996890e-01
7.888160749452041154e-01
7.796926979605915964e-01
5.815151481436152681e-01
7.851555980818656355e-01
4.997274112974109395e-01
7.902735900488434551e-01
4.500495110092457840e-01
7.646502520054740959e-01
4.941699395854426413e-01
6.914295886692107818e-01
5.000000000000000000e-01
6.549138285917734947e-01
4.982698961937715998e-01
5.480868723506046036e-01
6.052526174078483034e-01
5.233258046929760710e-01
6.478932787414188876e-01
4.699317971940052407e-01
4.991933599617263129e-01
6.597091645434417506e-01
5.082499805293783091e-01
5.000000000000000000e-01
6.028549494320141200e-01
5.476195774318806109e-01
6.745179630391970882e-01
5.633685287998309033e-01
6.487054818144394330e-01
7.130697938339322084e-01
7.663414145684753764e-01
5.268583317571401414e-01
6.717698238743198269e-01
6.674529089108690583e-01
7.802823796437433623e-01
7.600774374436742864e-01
6.699562745468907732e-01
7.328296932542641695e-01
5.349414212441171435e-01
5.942656237830861166e-01
5.076602988462265431e-01
7.840207389935357485e-01
6.419241424581938471e-01
7.044915942544975884e-01
7.259204040988440632e-01
6.621791519709832041e-01
7.766274658151515187e-01
6.576007743744367584e-01
5.892700185805360702e-01
6.101369619154641821e-01
7.755649261785289017e-01
7.191001234993712465e-01
7.834199312408905991e-01
7.789027470265578179e-01
8.007654735811479130e-01
6.628578422100824818e-01
7.428320297288577567e-01
6.454956107655848152e-01
6.436709353686623780e-01
7.847105553021284097e-01
7.704914384895248380e-01
6.361664014953436475e-01
6.865341180921016306e-01
4.498548047931107408e-01
6.677644388566850164e-01
8.150068425327384736e-01
7.886936881807763422e-01
5.403264388789372763e-01
7.748194795224691012e-01
7.900065643810011418e-01
5.000000000000000000e-01
5.339233858854681714e-01
8.162974665939762842e-01
5.186528555057354772e-01
7.031731550195262637e-01
5.822216535564481710e-01
7.683663592162797151e-01
8.087762436164176449e-01
7.297366459350904666e-01
5.444263954872662348e-01
5.000000000000000000e-01
8.009101124845625641e-01
8.060281044515404947e-01
5.799797505535220221e-01
6.819724295997953156e-01
5.075712902902791424e-01
6.416793689293384118e-01
6.916854882675598226e-01
5.938094549338555073e-01
6.782118181110159405e-01
4.870103138664203524e-01
6.869680348023453620e-01
5.263020282824686369e-01
5.090121162896783513e-01
7.844101514258057239e-01
5.417839539825766160e-01
6.719700931252016174e-01
4.999443696525328606e-01
4.923563902580135876e-01
6.858888060614826143e-01
5.502175146585965848e-01
5.898708263331813306e-01
6.149545500061193160e-01
6.764984034090276710e-01
7.858676665294451746e-01
5.000000000000000000e-01
5.017801711189487923e-01
5.017301038062284002e-01
5.389245541227651870e-01
7.342649562189165202e-01
4.965397923875432551e-01
7.737736289900867259e-01
8.007877257201349019e-01
7.635932754035982262e-01
7.866019871160115917e-01
6.453120306189433775e-01
7.470265579278808632e-01
4.584330043725453607e-01
7.649951601597703155e-01
6.310706616673527058e-01
5.000000000000000000e-01
8.060169783820471112e-01
6.749574427841876778e-01
7.358448580869835220e-01
4.983032744022519167e-01
5.282268383048320803e-01
6.902502253029072499e-01
8.120584341169795328e-01
7.653178161750797681e-01
6.233825476473926486e-01
4.852857730949386994e-01
7.506091523047652148e-01
7.577965931975210179e-01
7.561165567040131208e-01
7.707362120183802734e-01
7.383816019314857204e-01
7.544031420020249623e-01
7.548036805037883212e-01
6.755304353630993131e-01
6.449671224646469359e-01
6.253407358782362424e-01
6.832630536610331262e-01
6.832964318695136097e-01
6.729603133101169643e-01
5.943546323390335173e-01
6.357769890630736720e-01
7.034679958611020911e-01
5.413277851333458957e-01
6.072052426039453721e-01
6.434651030830339513e-01
6.921082789083099485e-01
6.833520622169806380e-01
6.827401283948419941e-01
6.520766808709486106e-01
7.681994681738781861e-01
7.345319818867588335e-01
7.912081798862915516e-01
7.348657639715618917e-01
7.347990075546011468e-01
7.298812848385051177e-01
7.258647737513768128e-01
7.428542818678445236e-01
7.475161049855917339e-01
7.074400026702567512e-01
6.646157611900443962e-01
7.831195273645679134e-01
7.005084613758496559e-01
7.362231444497602251e-01
7.889440247443785248e-01
7.807274224234805882e-01
7.803936403386775300e-01
7.636044014730916096e-01
7.982621079451261981e-01
8.122809555068480902e-01
7.981730993891787973e-01
7.840874954104963823e-01
7.270107589092000833e-01
7.375360206499849136e-01
7.243182500917899613e-01
7.845659163987138696e-01
7.571957854448757574e-01
7.573070461398101472e-01
7.352774285428186340e-01
7.722604835389801359e-01
8.126147375916509263e-01
8.043925722360061314e-01
7.427986515203774953e-01
7.883154018179996392e-01
7.780571657450573442e-01
7.942901011359717600e-01
7.998753880216735723e-01
8.006875910946938957e-01
8.013106509863259230e-01
7.211584463556559577e-01
8.059502219650863664e-01
7.923541650441148221e-01
7.577187107110672226e-01
7.969158535364211371e-01
7.432548203696081046e-01
7.823963328474949908e-01
7.455356646157612621e-01
7.837092090477197903e-01
7.919425004728579687e-01
7.822071896661065837e-01
7.555936314378219887e-01
7.799485975589404152e-01
7.949799174445643102e-01
7.717820625507627597e-01
7.441782841375625956e-01
7.701242781962416295e-01
7.491405111316324916e-01
7.843990253563124515e-01
8.076080063196074965e-01
7.760655993057332669e-01
7.927547035458781810e-01
7.768889284482469737e-01
7.469041711634532010e-01
7.778457704246819482e-01
7.904961114387121235e-01
7.441894102070562012e-01
7.421088352117847231e-01
7.717709364812692652e-01
7.536020649984980224e-01
7.976056698450140203e-01
7.430211729102459417e-01
8.002759265234370423e-01
7.942678489969847710e-01
6.607661411453176203e-01
7.985625118214488838e-01
7.837092090477197903e-01
7.883265278874932447e-01
7.533239132611623257e-01
7.439112584697202823e-01
8.004761957743188328e-01
7.415191535286328461e-01
7.263431947395943000e-01
7.514547335862660216e-01
7.446010747783129435e-01
7.283125090399313883e-01
7.812280955506847313e-01
8.011326338744311215e-01
7.984735032655013720e-01
7.568174990820990544e-01
7.543808898630380844e-01
7.393050656994404335e-01
7.590315869112920222e-01
7.450906218360239253e-01
7.541472424036761435e-01
7.481725430857041337e-01
7.698683785978926997e-01
7.632038629713280287e-01
7.457581860056298195e-01
7.479388956263420818e-01
7.469152972329465845e-01
7.480167781127960991e-01
7.544698984189855961e-01
7.424648694355745482e-01
7.487288465603756382e-01
7.500361597258535795e-01
7.389379054061572250e-01
7.521445498948586827e-01
7.474382224991378276e-01
6.689994325704557987e-01
7.342315780104363698e-01
7.260205387242848474e-01
7.512210861269037476e-01
6.211962749919336391e-01
6.752077793477897494e-01
5.365658273901579012e-01
6.642152226882809263e-01
6.241279943034524491e-01
6.806595533995705161e-01
6.910513023064341898e-01
6.673750264244151520e-01
7.190333670824107237e-01
6.964029417327740612e-01
7.083857185771982312e-01
6.414401584352295016e-01
6.774774975244495234e-01
7.119794390235760773e-01
7.161517150836123058e-01
6.057143492918256600e-01
7.368239522024053745e-01
7.662746581515147426e-01
7.786579734977024936e-01
7.816620122609284627e-01
7.599216724707662518e-01
7.518886502965097529e-01
7.339645523425939455e-01
7.732840819323757442e-01
7.367905739939253351e-01
7.222488011660119778e-01
7.498859577876921811e-01
7.655292114954548310e-01
7.630369719289266106e-01
7.851444720123722520e-01
7.803825142691840355e-01
7.855227583751488440e-01
7.915864662490682546e-01
7.446455790562866994e-01
8.082088140722527569e-01
7.873474337720713923e-01
8.011326338744312325e-01
8.152738682005807869e-01
8.101447501641094728e-01
7.991855717130809111e-01
7.716374236473481085e-01
7.986181421689159121e-01
7.812169694811914589e-01
8.122030730203940729e-01
7.901178250759353094e-01
7.812392216201782258e-01
7.811947173422044699e-01
8.075412499026468627e-01
7.869246431313210444e-01
7.956252294751833265e-01
7.946127571512811016e-01
7.887270663892568257e-01
7.825298456814161474e-01
7.927101992679046472e-01
7.915864662490681436e-01
7.892722437944347247e-01
8.001312876200225022e-01
8.113686178083867606e-01
7.938673104952214121e-01
8.033133434951433838e-01
7.933777634375103194e-01
7.483616862670924297e-01
7.939785711901556908e-01
7.801377407403287112e-01
7.877368462043413677e-01
7.753312787191668498e-01
7.905517417861791518e-01
8.061616172854616513e-01
8.067179207601330448e-01
7.985625118214488838e-01
8.063730126058368253e-01
7.637045360985325049e-01
7.817510208168760855e-01
8.001201615505291187e-01
7.940898318850899695e-01
7.943902357614125442e-01
7.819290379287708870e-01
8.042590594020850858e-01
7.951468084869657282e-01
7.940230754681292247e-01
7.518775242270163695e-01
7.297922762825576060e-01
7.583306445332056445e-01
7.914418273456536035e-01
7.853892455412276874e-01
7.568508772905795379e-01
7.952914473903804904e-01
7.839428565070816202e-01
7.974832830805860251e-01
7.422200959067188908e-01
8.002091701064765195e-01
8.066622904126659055e-01
7.345876122342260839e-01
7.862348268227282722e-01
7.912415580947718130e-01
7.522558105897928504e-01
7.579968624484028084e-01
7.512322121963973531e-01
7.517106331846148404e-01
7.485842076569610981e-01
7.517106331846148404e-01
7.909189020794623604e-01
7.584641573671269121e-01
7.601108156521545478e-01
7.647615127004082636e-01
7.735844858086984299e-01
7.558161528276905461e-01
7.492295196875800034e-01
7.529790051068658840e-01
7.514769857252528995e-01
7.572625418618365023e-01
7.549371933377095889e-01
7.523448191457403622e-01
7.417416749185015146e-01
7.563835823718554341e-01
7.343094604968902761e-01
7.704135560030708207e-01
7.394719567418417405e-01
7.474270964296443331e-01
7.357002191835690930e-01
7.425427519220284545e-01
7.550484540326438676e-01
7.400727644944870010e-01
7.915419619710944987e-01
7.469041711634532010e-01
7.317727166523881888e-01
7.268438678667986652e-01
7.451017479055175308e-01
7.271665238821082289e-01
6.890374837281233455e-01
6.488056164398802172e-01
7.383148455145250866e-01
6.074166379243204350e-01
6.481380522702744340e-01
7.155175291224868950e-01
7.145495610765584260e-01
6.735944992712424861e-01
7.155175291224868950e-01
6.775386909066632990e-01
6.721481102370965299e-01
7.159736979717175043e-01
6.863449749107132236e-01
6.565604868768011304e-01
6.558595444987149747e-01
7.854226237497078378e-01
7.950244217225380661e-01
7.669867265990943928e-01
7.816508861914350792e-01
7.741407892833699345e-01
7.735399815307246740e-01
7.699351350148533335e-01
7.351327896394040939e-01
7.778457704246821702e-01
7.936447891053526327e-01
7.796148154741373570e-01
7.962149111583350924e-01
7.938784365647147956e-01
7.644277306156055385e-01
7.615794568252873820e-01
7.390825443095718761e-01
7.972329465169840645e-01
8.053605402819346004e-01
8.044593286529666543e-01
8.086427307824965993e-01
7.885045449993879352e-01
7.964040543397234995e-01
8.064842733007709930e-01
8.105675408048599317e-01
7.925766864339834905e-01
8.018892065999845276e-01
8.023342493797217534e-01
7.479388956263420818e-01
8.044148243749928984e-01
7.660521367616461852e-01
8.140945048342772550e-01
5.580892088251983019e-01
8.103561454844846468e-01
7.613903136438989749e-01
8.034913606070382963e-01
7.815284994270073060e-01
8.061171130074877844e-01
8.050045060581447753e-01
8.089765128672994354e-01
8.068959378720278464e-01
7.912860623727455689e-01
7.936114108968723713e-01
8.012883988473391561e-01
7.917199790829891892e-01
8.027904182289522517e-01
8.029239310628734083e-01
8.047819846682762179e-01
8.022563668932675141e-01
7.828747538357124780e-01
8.033800999121040176e-01
8.055385573938294019e-01
7.829081320441928504e-01
8.050935146140922871e-01
7.906296242726331691e-01
7.556492617852892391e-01
7.904961114387121235e-01
7.915864662490682546e-01
8.002091701064765195e-01
8.002870525929305368e-01
7.989853024621992317e-01
7.994080931029495796e-01
8.195907831640315555e-01
8.019448369474515559e-01
7.952358170429132400e-01
8.039252773172821387e-01
7.865574828380378358e-01
8.162752144549895172e-01
7.890831006130464287e-01
7.917088530134959168e-01
7.741630414223568124e-01
7.890163441960857948e-01
7.800042279064075545e-01
7.859066077726720723e-01
7.430879293272065755e-01
5.759409873274068392e-01
7.910969191913572729e-01
7.959478854904927791e-01
8.030129396188208091e-01
7.384594844179396267e-01
8.171430478754769799e-01
7.518218938795491191e-01
7.615238264778202426e-01
7.569176337075402827e-01
7.566839862481781198e-01
7.610676576285895223e-01
7.878258547602888795e-01
7.512878425438646035e-01
7.949131610276037874e-01
7.883376539569867392e-01
7.459028249090442486e-01
7.695345965130898636e-01
7.495410496333959616e-01
7.888383270841909933e-01
7.627699462610844083e-01
7.532015264967344415e-01
7.970938706483161607e-01
7.287686778891621087e-01
7.489402418807509232e-01
7.535464346510307720e-01
8.039697815952558946e-01
7.395275870893089909e-01
7.902068336318829322e-01
7.545589069749328859e-01
7.543475116545577119e-01
7.458805727700574817e-01
7.662190278040476032e-01
7.566506080396977474e-01
7.957643053438512304e-01
5.748172543085704467e-01
7.359338666429311449e-01
7.375805249279586695e-01
7.298590326995182398e-01
