9.132109928288272283e-01
9.124871943343281222e-01
9.172308583136609128e-01
9.178433031936217290e-01
9.195024720502429361e-01
9.172753997594762509e-01
9.086009531869405631e-01
9.148256202396329861e-01
9.186227784953899800e-01
9.190459222306355258e-01
9.147198343058217107e-01
9.177096788561757146e-01
9.119415616230901467e-01
9.230546523540154036e-01
9.163400293973542610e-01
9.096810832479622633e-01
9.220970112689859111e-01
9.136898133713420300e-01
9.157164491559397490e-01
9.203933009665494769e-01
9.120751859605361611e-01
9.236225557881608816e-01
9.182887176517748884e-01
9.191461404837201199e-01
9.206605496414413947e-01
9.177653556634448595e-01
9.018863302302793095e-01
9.222640416907933458e-01
9.240234288004989249e-01
9.206716850028950905e-01
9.236114204267069638e-01
9.228208097634850171e-01
9.133557525277269384e-01
9.131553160215581944e-01
9.217184089795554813e-01
9.240456995234065385e-01
9.153267115050555125e-01
9.205826021112645252e-01
9.211170994610484719e-01
9.243463542826598767e-01
9.164068415660772127e-01
9.254932965124048616e-01
9.217740857868247373e-01
9.215291078348403220e-01
9.224199367511470848e-01
9.185002895193977723e-01
9.039018306534229996e-01
9.258718988018350693e-01
9.253374014520511226e-01
9.152821700592400633e-01
9.165738719878847585e-01
9.166852256024231593e-01
9.213398066901251626e-01
9.231437352456460799e-01
9.242906774753909538e-01
9.233775778361765774e-01
9.162064050599082465e-01
9.261836889225424363e-01
9.177096788561756036e-01
9.216404614493787228e-01
9.161173221682776813e-01
9.207162264487105396e-01
9.243574896441137945e-01
9.233775778361764663e-01
9.162175404213620533e-01
9.259721170549196634e-01
9.170972339762148984e-01
9.229210280165693892e-01
9.242461360295753936e-01
9.244131664513830504e-01
9.164513830118925508e-01
9.260055231392811947e-01
9.172531290365684153e-01
9.261391474767270982e-01
9.186339138568436757e-01
9.166740902409691305e-01
9.233664424747227706e-01
9.211950469912253414e-01
9.219299808471783653e-01
9.250033406084361420e-01
9.185448309652131105e-01
9.172197229522071060e-01
9.234443900048995291e-01
9.182664469288672748e-01
9.239454812703220554e-01
9.173422119281990916e-01
9.233330363903611282e-01
9.202374059061958489e-01
9.262616364527191948e-01
9.059396017994744144e-01
9.214400249432097567e-01
9.250033406084361420e-01
9.190125161462739944e-01
9.201594583760188684e-01
9.190125161462742165e-01
9.208498507861565541e-01
9.210614226537793270e-01
9.205603313883568006e-01
9.253039953676895912e-01
9.276424212729944552e-01
9.216515968108325296e-01
9.188343503630127529e-01
9.162843525900851160e-01
9.232550888601844807e-01
9.203376241592802209e-01
9.232550888601843697e-01
9.247472272949979200e-01
9.195024720502428250e-01
9.248808516324439344e-01
9.199478865083960955e-01
9.172531290365686374e-01
9.206939557258029261e-01
9.189122978931896224e-01
9.204489777738183998e-01
9.176651374103603764e-01
9.266179680192417889e-01
9.151374103603403531e-01
9.134114293349961944e-01
9.198031268094963853e-01
9.240345641619527317e-01
9.167074963253307729e-01
9.238563983786914902e-01
9.210948287381408583e-01
9.157832613246625897e-01
9.226871854260388917e-01
9.125985479488665231e-01
9.197808560865885497e-01
9.180771457841521155e-01
9.200369694000267717e-01
9.207607678945257668e-01
9.193521446706161004e-01
9.213954834973944186e-01
9.240122934390450071e-01
9.208832568705180854e-01
9.203264887978263031e-01
9.151374103603403531e-01
9.158278027704778168e-01
9.181216872299675646e-01
9.194913366887889072e-01
9.160839160839160389e-01
9.184557480735823232e-01
9.106331566522649634e-01
9.199924279542115446e-01
9.188120796401051393e-01
9.194802013273351005e-01
9.190180838270011199e-01
9.116464745445637119e-01
9.185225602423054969e-01
9.094472406574318768e-01
9.203933009665492548e-01
9.205714667498106074e-01
9.175871898801835069e-01
9.207384971716181532e-01
9.219522515700859788e-01
9.228653512093003553e-01
9.175871898801833959e-01
9.207050910872567329e-01
9.153378468665094303e-01
9.211282348225022787e-01
9.232996303059997079e-01
9.136007304797114648e-01
9.179713598503407290e-01
9.277537748875328560e-01
9.287782281412855223e-01
9.222863124137009594e-01
9.228987572936617756e-01
9.136007304797113537e-01
9.209500690392410371e-01
9.214734310275711771e-01
9.189345686160972360e-01
9.181105518685136468e-01
9.257382744643891659e-01
9.187675381942898012e-01
9.214066188588482254e-01
9.217852211482784330e-01
9.207496325330720710e-01
9.246692797648212725e-01
9.229098926551155824e-01
9.260500645850964219e-01
9.104271524653690939e-01
9.212507237984943753e-01
9.259943877778272769e-01
9.142465814440337013e-01
9.218520333170014958e-01
7.351120217362255849e-01
9.236893679568838333e-01
9.227651329562158722e-01
9.213843481359406118e-01
9.218854394013631381e-01
9.271190592846643153e-01
9.248363101866287073e-01
9.252260478375128327e-01
9.266179680192420109e-01
9.245690615117367894e-01
9.210391519308717134e-01
9.200369694000267717e-01
9.177319495790834392e-01
9.252594539218742531e-01
9.238007215714222342e-01
9.200481047614805785e-01
9.180437396997906951e-01
9.278762638635250637e-01
9.225869671729545196e-01
9.233219010289074324e-01
9.244131664513830504e-01
9.217852211482785441e-01
9.119081555387287263e-01
9.189568393390049605e-01
9.208832568705178634e-01
9.140127388535032038e-01
9.202819473520109650e-01
9.257828159102043930e-01
9.229544341009309205e-01
9.199924279542114336e-01
9.244911139815598089e-01
9.167520377711460000e-01
9.230101109082000654e-01
9.177096788561757146e-01
7.351621308627678264e-01
9.212061823526791482e-01
9.203821656050955591e-01
9.229655694623848383e-01
9.221081466304396068e-01
9.199590218698499022e-01
9.241570531379448283e-01
9.167297670482383865e-01
9.180771457841521155e-01
5.344361052959778480e-01
9.206271435570800854e-01
9.244131664513830504e-01
9.202262705447418201e-01
9.224867489198699255e-01
9.182775822903210816e-01
9.258830341632889871e-01
9.253151307291433980e-01
9.222640416907932348e-01
9.226649147031311671e-01
9.244131664513829394e-01
9.255044318738586684e-01
9.193799830742506174e-01
9.235112021736225918e-01
9.255712440425817311e-01
9.187675381942899122e-01
9.177319495790833281e-01
9.211115317803215685e-01
9.243463542826600987e-01
9.226760500645851959e-01
9.130439624070197935e-01
9.215291078348403220e-01
9.133334818048193249e-01
9.149147031312636624e-01
9.123647053583360256e-01
9.186450492182977046e-01
9.178544385550755358e-01
9.218743040399092203e-01
9.070308672219500323e-01
9.226092378958621332e-01
9.239454812703220554e-01
9.203598948821878345e-01
9.121030243641709001e-01
9.188120796401051393e-01
9.112511692129526830e-01
9.058059774620285109e-01
9.183666651819517579e-01
9.143356643356643776e-01
9.241570531379448283e-01
9.152487639748786430e-01
9.141797692753106386e-01
9.107723486704379923e-01
9.172308583136608018e-01
9.202930827134648828e-01
9.163066233129928406e-01
9.221415527148011382e-01
9.220413344617166551e-01
9.191238697608123953e-01
9.181996347601443231e-01
9.144692886731102810e-01
9.098592490312235048e-01
9.212284530755867618e-01
9.237895862099683164e-01
9.168411206627767873e-01
9.176317313259989561e-01
9.235668789808917367e-01
9.231103291612846595e-01
9.211727762683177279e-01
9.081889448131486020e-01
9.142966905705758318e-01
9.198810743396732548e-01
9.195358781346043564e-01
9.188677564473741732e-01
9.157721259632088939e-01
9.194245245200660666e-01
9.245356554273752581e-01
9.160282392766470050e-01
9.212952652443098245e-01
9.106609950558995914e-01
9.185893724110283376e-01
9.233441717518149350e-01
9.181439579528750672e-01
9.209055275934256990e-01
9.244688432586520843e-01
9.257828159102045040e-01
9.210836933766870516e-01
9.151040042759788218e-01
9.221860941606164763e-01
9.245690615117365674e-01
9.146919959021869717e-01
9.203933009665494769e-01
9.200035633156653514e-01
9.209612044006947329e-01
9.283328136831321409e-01
9.226871854260390027e-01
7.192998084717829865e-01
9.152153578905171116e-01
9.209723397621487617e-01
9.186116431339361732e-01
9.212507237984944863e-01
9.283328136831321409e-01
9.129771502382968418e-01
9.188343503630127529e-01
9.255712440425816201e-01
9.229321633780233070e-01
9.185559663266669173e-01
9.158723442162932660e-01
9.203376241592802209e-01
9.204267070509107862e-01
4.984076433121019112e-01
9.185671016881207240e-01
9.247472272949980310e-01
9.162509465057235847e-01
9.229321633780231959e-01
9.258162219945659244e-01
9.178878446394370672e-01
9.181773640372365985e-01
9.211170994610484719e-01
9.203487595207339167e-01
9.260055231392810837e-01
9.279430760322480154e-01
9.159725624693777490e-01
9.206828203643488973e-01
9.215068371119327084e-01
9.262727718141731126e-01
9.240902409692218766e-01
9.161061868068237635e-01
9.225869671729544086e-01
9.224867489198700365e-01
9.184334773506748206e-01
9.185225602423054969e-01
9.239566166317758622e-01
9.125985479488665231e-01
9.183221237361364198e-01
9.132666696360963732e-01
9.201594583760188684e-01
5.216527103469777993e-01
9.231994120529151138e-01
5.000000000000000000e-01
9.208387154247027473e-01
9.252928600062357845e-01
9.232884949445460121e-01
9.232773595830920943e-01
9.175537837958219756e-01
9.172642643980223331e-01
9.211616409068639211e-01
9.241793238608525529e-01
7.121787448220568972e-01
9.257716805487505862e-01
9.203487595207340277e-01
5.203108992917910847e-01
9.151930871676096091e-01
9.193911184357044242e-01
9.182887176517749994e-01
9.221860941606164763e-01
9.197363146407732115e-01
9.194022537971583420e-01
9.205157899425415735e-01
9.090463676450938335e-01
9.257382744643890549e-01
9.187118613870206563e-01
9.242461360295755046e-01
5.000000000000000000e-01
9.272972250679256678e-01
9.148144848781791794e-01
9.206271435570798634e-01
9.168188499398691738e-01
9.152933054206939811e-01
9.156273662643090727e-01
9.115852300565675526e-01
9.077212596320877180e-01
9.057948421005745931e-01
9.170192864460379178e-01
9.073426573426573993e-01
9.007059819161731262e-01
9.069974611375886120e-01
9.040577257137767386e-01
9.035900405327157436e-01
9.067524831856041967e-01
9.145806422876486819e-01
8.987795643846600013e-01
9.071533561979422400e-01
9.082223508975102444e-01
9.146363190949178268e-01
9.209834751236025685e-01
9.122088102979823976e-01
9.028662420382166376e-01
9.108168901162532194e-01
9.073092512582958680e-01
9.067858892699656170e-01
9.163511647588080677e-01
9.106387243329919778e-01
9.113513874660370551e-01
9.126653601175893638e-01
9.129103380695737791e-01
9.136118658411652715e-01
9.158278027704778168e-01
9.186116431339360622e-01
9.089016079461940123e-01
9.110173266224220745e-01
9.092579395127166064e-01
9.204044363280032837e-01
9.180548750612445019e-01
9.166295487951540144e-01
9.062179858358201390e-01
9.162509465057235847e-01
9.224867489198699255e-01
9.116075007794752771e-01
9.214177542203020321e-01
9.062402565587277525e-01
9.213175359672174380e-01
9.258162219945659244e-01
9.162509465057235847e-01
9.189122978931895114e-01
9.148367556010867929e-01
9.186339138568438978e-01
9.236893679568838333e-01
9.173978887354683476e-01
9.162175404213621643e-01
9.164736537348003864e-01
9.057614360162130618e-01
9.140906863836800733e-01
9.227094561489466162e-01
9.239788873546836978e-01
9.175426484343681688e-01
9.187564028328359944e-01
9.137454901786111749e-01
9.044697340875684777e-01
9.154714712039553337e-01
9.208609861476103609e-01
9.168967974700459322e-01
9.236448265110686062e-01
9.228096744020312103e-01
9.194022537971582310e-01
9.190793283149970572e-01
9.218854394013630271e-01
9.249922052469823353e-01
9.185002895193977723e-01
9.149481092156250828e-01
9.161729989755467152e-01
9.227874036791234857e-01
9.071867622823035493e-01
9.121197274063514993e-01
9.256937330185737167e-01
9.262505010912653880e-01
9.205269253039953803e-01
9.257828159102043930e-01
9.255712440425817311e-01
9.211616409068639211e-01
9.171974522292993814e-01
9.218743040399091093e-01
9.269186227784954601e-01
9.157498552403011693e-01
9.203598948821878345e-01
9.223308538595164086e-01
9.219077101242707517e-01
9.225424257271391815e-01
9.234555253663533358e-01
9.198476682553116124e-01
9.202930827134648828e-01
9.212841298828560177e-01
9.254320520244087023e-01
9.284107612133091214e-01
9.215513785577480466e-01
9.266068326577880931e-01
9.245356554273751470e-01
9.176540020489065697e-01
9.198476682553116124e-01
9.192240880138968784e-01
9.233441717518151570e-01
9.247472272949981420e-01
9.174758362656452171e-01
9.201037815687496124e-01
9.241793238608525529e-01
9.180548750612445019e-01
9.146363190949178268e-01
9.176317313259987341e-01
9.112734399358602966e-01
9.199701572313037090e-01
9.252483185604206684e-01
9.266179680192418999e-01
9.140572802993185419e-01
9.227317268718542298e-01
9.245022493430136157e-01
9.219967930159013170e-01
9.205491960269029939e-01
9.208832568705179744e-01
9.190013807848201877e-01
9.182887176517748884e-01
9.210836933766870516e-01
9.215402431962941288e-01
9.229432987394770027e-01
9.254376197051356057e-01
9.175983252416373137e-01
9.233553071132689638e-01
9.100262794530310506e-01
9.058505189078437381e-01
9.168856621085920144e-01
9.073426573426572883e-01
9.049596899915370862e-01
9.069306489688655493e-01
9.096922186094161811e-01
9.098147075854083887e-01
9.035120930025388741e-01
9.007505233619883533e-01
8.953053316110641813e-01
9.026323994476860291e-01
8.989020533606522090e-01
9.088904725847402055e-01
9.093915638501626209e-01
8.980334951672531707e-01
9.080107790298874715e-01
9.094583760188856836e-01
9.056500824016748830e-01
9.104271524653690939e-01
9.105273707184535770e-01
9.122867578281590450e-01
9.092133980669012683e-01
9.123758407197898324e-01
9.142131753596722810e-01
9.141129571065877979e-01
9.154492004810477201e-01
9.091911273439935437e-01
9.211839116297715346e-01
9.084116520422251817e-01
9.170304218074918357e-01
9.158500734933856524e-01
9.134448354193576147e-01
9.250701527771590937e-01
9.126319540332279434e-01
9.162732172286313093e-01
9.154603358425014159e-01
9.195136074116966318e-01
9.155494187341320922e-01
9.043472451115763810e-01
9.267515923566879144e-01
9.154380651195938023e-01
9.206048728341721388e-01
9.223531245824239111e-01
9.260611999465503397e-01
9.221081466304396068e-01
9.173978887354684586e-01
9.146474544563718556e-01
9.200592401229343853e-01
9.195470134960581632e-01
9.210836933766871626e-01
9.253262660905973158e-01
9.215959200035633847e-01
9.217295443410093991e-01
9.243463542826599877e-01
9.261502828381809049e-01
9.103714756580998380e-01
9.168856621085921255e-01
9.147922141552715658e-01
9.178989800008907629e-01
9.215959200035634957e-01
9.240791056077680699e-01
9.221638234377087517e-01
9.160059685537392804e-01
9.247472272949981420e-01
9.155494187341320922e-01
9.201817290989267040e-01
9.247249565720904174e-01
9.088682018618324809e-01
9.217852211482785441e-01
9.194356598815198733e-01
9.200703754843881921e-01
9.227205915104004230e-01
9.220524698231704619e-01
9.237005033183378622e-01
9.219856576544473992e-01
9.234109839205381087e-01
9.147699434323638412e-01
9.209723397621486507e-01
9.239232105474144419e-01
9.255601086811278133e-01
9.234332546434456113e-01
9.224310721126008916e-01
9.197474500022269073e-01
9.180214689768829706e-01
9.235557436194379299e-01
9.192240880138968784e-01
9.250812881386130115e-01
9.233553071132689638e-01
9.197029085564116802e-01
9.215291078348404330e-01
9.222083648835240899e-01
9.181773640372367096e-01
9.182775822903211926e-01
9.228319451249386018e-01
9.230212462696539832e-01
9.181105518685136468e-01
9.205157899425415735e-01
9.232550888601843697e-01
9.218631686784553025e-01
9.258607634403813735e-01
9.213175359672174380e-01
9.276758273573559865e-01
9.241236470535834080e-01
9.242906774753908428e-01
9.184334773506749316e-01
9.260500645850964219e-01
9.252037771146052192e-01
9.223753953053316357e-01
9.274753908511871314e-01
9.243686250055677123e-01
9.266736448265110448e-01
9.255823794040354269e-01
9.178433031936215070e-01
9.199812925927575158e-01
9.183332590975902265e-01
9.227539975947618434e-01
9.198142621709500810e-01
9.241347824150372148e-01
9.249587991626209149e-01
9.186561845797515113e-01
9.191015990379047818e-01
9.204712484967262354e-01
9.233219010289074324e-01
9.172865351209300577e-01
9.173756180125606230e-01
9.237227740412454757e-01
9.209055275934256990e-01
9.054385105340519990e-01
9.043027036657610429e-01
9.107500779475301567e-01
9.105941828871766397e-01
9.091799919825398479e-01
9.058616542692976559e-01
9.101710391519307608e-01
9.069974611375886120e-01
9.117968019241904365e-01
9.008173355307114161e-01
9.065743174023428441e-01
9.091911273439936547e-01
9.033673333036391639e-01
8.969310943833237459e-01
8.905171261859159415e-01
9.062513919201817814e-01
9.150149213843481455e-01
9.146808605407332760e-01
9.086009531869404521e-01
9.162954879515388118e-01
9.171083693376687052e-01
9.134448354193578368e-01
9.170081510845842221e-01
9.100930916217541133e-01
9.132221281902810350e-01
9.092913455970781378e-01
9.162620818671775025e-01
9.181216872299675646e-01
9.126987662019510061e-01
9.117856665627367407e-01
9.142911228898490394e-01
9.059061957151129940e-01
9.190459222306357479e-01
9.188009442786513326e-01
9.192352233753507962e-01
9.157164491559396380e-01
9.175203777114605552e-01
9.189791100619127961e-01
9.191461404837202309e-01
9.174090240969222654e-01
9.215402431962941288e-01
9.136564072869804987e-01
9.140016034920495080e-01
9.158723442162932660e-01
9.202374059061957379e-01
9.194133891586120377e-01
9.189568393390050716e-01
9.223976660282393603e-01
9.211282348225022787e-01
9.224199367511469738e-01
9.225981025344082154e-01
9.206048728341721388e-01
9.172865351209300577e-01
9.209389336777871193e-01
9.243018128368447606e-01
9.249587991626208039e-01
9.184223419892210138e-01
9.238898044630527995e-01
9.215179724733864042e-01
9.190347868691817190e-01
9.214845663890250949e-01
9.168856621085921255e-01
9.164513830118926618e-01
9.233441717518151570e-01
9.220190637388089305e-01
9.225090196427776501e-01
9.206828203643490083e-01
9.278205870562559188e-01
9.160839160839159279e-01
9.222417709678856212e-01
9.247806333793595623e-01
9.267293216337801898e-01
9.252260478375127217e-01
9.205603313883569117e-01
9.240568348848603453e-01
9.227874036791234857e-01
9.220079283773551238e-01
9.269742995857646051e-01
9.210280165694177956e-01
9.167965792169614492e-01
9.226760500645850849e-01
9.201705937374726751e-01
9.232662242216381765e-01
9.222751770522470416e-01
9.139904681305954792e-01
9.254042136207741853e-01
9.206494142799874769e-01
9.228764865707542731e-01
9.156496369872166863e-01
9.192240880138969894e-01
9.236114204267069638e-01
9.217963565097323508e-01
9.202151351832881243e-01
9.284775733820320731e-01
9.191350051222663131e-01
9.246358736804596301e-01
9.250478820542514802e-01
9.201817290989265929e-01
9.267961338025032525e-01
9.209277983163333126e-01
9.215847846421094669e-01
9.238229922943298478e-01
9.218408979555476890e-01
9.231771413300076112e-01
9.250701527771592048e-01
9.242795421139369250e-01
9.220190637388090416e-01
9.248697162709902386e-01
9.207719032559796846e-01
9.180548750612445019e-01
9.167520377711460000e-01
9.261280121152732914e-01
9.210280165694179066e-01
9.251926417531511904e-01
9.208387154247027473e-01
9.274085786824640687e-01
9.213843481359405008e-01
9.254264843436817989e-01
9.232773595830920943e-01
9.270299763930337500e-01
9.203153534363726074e-01
9.258384927174735379e-01
9.227651329562157612e-01
9.208275800632488295e-01
9.243240835597523741e-01
9.239566166317759732e-01
9.253819428978664607e-01
9.231103291612846595e-01
8.836020667230858328e-01
8.897153801612400770e-01
8.852278294953455084e-01
8.913411429334996416e-01
8.906618858848158737e-01
8.819874393122799638e-01
8.687474945436728380e-01
8.900271702819475550e-01
8.705959645450092044e-01
8.997817469155049430e-01
8.772549106944012021e-01
8.656295933365997231e-01
8.965413567324395094e-01
8.927887399224978537e-01
8.862634181105518705e-01
8.863190949178210154e-01
9.010845842056032229e-01
9.045922230635607963e-01
8.948265110685492685e-01
9.015522693866643289e-01
9.006057636630885321e-01
9.021981203509865654e-01
9.057948421005748152e-01
9.005500868558193872e-01
9.060509554140127042e-01
8.979110061912610741e-01
8.980446305287069775e-01
8.973876442029308231e-01
8.989131887221060158e-01
9.038127477617923233e-01
9.020199545677254349e-01
9.068304307157810662e-01
9.082780277047792783e-01
8.997706115540511362e-01
8.971426662509465189e-01
9.128268228586700062e-01
9.003273796267425855e-01
9.001603492049352617e-01
9.055832702329518202e-01
8.876107968464657105e-01
9.034230101109081978e-01
8.968197407687853451e-01
8.995256336020667209e-01
9.049819607144448108e-01
8.954946327557793406e-01
9.089238786691015148e-01
9.087457128858402733e-01
9.056500824016748830e-01
9.043472451115763810e-01
9.062847980045433127e-01
9.147031312636407785e-01
9.025655872789630774e-01
9.125540065030510739e-01
9.007950648078036915e-01
9.096476771636007319e-01
9.050933143289831007e-01
8.748830787047348068e-01
9.067970246314195348e-01
9.060286846911052017e-01
9.042804329428534293e-01
9.178878446394369561e-01
9.106944011402609007e-01
9.022983386040710485e-01
8.996926640238742667e-01
9.086677653556636258e-01
9.077658010779030562e-01
9.020979020979020824e-01
9.037793416774309030e-01
9.053382922809674049e-01
8.919869938978219892e-01
9.062179858358201390e-01
8.919090463676450087e-01
9.091131798138166742e-01
9.074317402342878536e-01
9.086120885483943699e-01
9.113959289118525042e-01
9.079662375840721333e-01
9.045699523406529607e-01
9.030332724600240724e-01
9.067747539085119213e-01
8.964968152866241713e-01
9.026212640862321113e-01
9.108502962006147508e-01
9.078771546924413460e-01
9.046590352322836370e-01
9.052603447507905354e-01
9.052492093893369507e-01
9.075876352946415926e-01
9.113179813816757457e-01
9.041468086054073039e-01
9.046590352322836370e-01
9.083114337891406986e-01
9.049930960758986176e-01
8.991915727584518514e-01
9.048594717384526032e-01
8.981559841432452673e-01
9.096254064406930073e-01
9.065965881252506797e-01
9.028439713153089130e-01
9.087234421629325487e-01
9.001269431205738414e-01
9.135227829495345953e-01
9.052603447507905354e-01
9.089795554763706598e-01
9.039129660148769174e-01
9.080330497527950850e-01
8.954946327557791186e-01
9.029330542069395893e-01
8.970313126364082290e-01
9.057280299318515304e-01
8.957062046234021135e-01
8.986236693243063733e-01
9.003273796267426965e-01
8.908623223909848399e-01
9.035900405327157436e-01
9.001046723976660058e-01
8.937018395617122302e-01
8.966749810698856349e-01
9.024765043873324011e-01
9.056166763173132406e-01
9.051378557747984388e-01
8.839918043739700693e-01
8.994031446260746243e-01
9.041468086054074149e-01
8.986793461315755183e-01
8.968865529375082968e-01
9.036679880628925021e-01
8.954723620328716160e-01
8.855284842545989576e-01
8.915638501625763324e-01
9.028773773996703333e-01
8.901719299808472652e-01
8.985679925170371174e-01
8.830118925660326301e-01
9.005834929401808076e-01
8.959177764910248865e-01
8.963409202262706543e-01
9.024096922186095604e-01
8.974099149258385477e-01
8.937463810075276793e-01
9.049485546300832794e-01
8.893367778718096472e-01
8.983786913723218470e-01
8.823883123246181182e-01
9.003719210725579236e-01
9.039018306534231106e-01
9.056389470402208541e-01
9.010845842056034449e-01
8.961627544430091907e-01
9.054496458955059168e-01
9.060509554140128152e-01
9.065743174023428441e-01
9.046924413166451684e-01
8.980223598057992529e-01
9.053160215580597914e-01
8.973319673956616782e-01
8.956950692619481957e-01
8.977439757694535283e-01
9.076433121019109596e-01
8.984343681795909919e-01
9.049262839071757769e-01
9.021201728208098070e-01
9.073315219812037036e-01
9.108057547547994126e-01
9.027326177007705121e-01
9.082000801746024088e-01
9.058393835463899313e-01
9.024096922186095604e-01
9.111954924056836491e-01
9.013295621575876382e-01
9.052714801122444532e-01
9.095920003563314760e-01
9.121754042136207552e-01
9.120417798761748518e-01
9.106164536100842533e-01
9.011402610128725899e-01
9.063070687274509263e-01
9.105941828871766397e-01
9.115184178878446009e-01
9.059284664380204966e-01
9.066188588481582933e-01
9.064184223419891051e-01
9.045699523406529607e-01
9.038906952919691928e-01
9.080887265600641189e-01
9.062959333659970085e-01
9.103269342122846108e-01
9.021647142666251451e-01
9.043249743886685454e-01
9.105607768028151083e-01
9.040131842679615115e-01
8.994922275177053006e-01
9.025321811946016570e-01
9.057614360162131728e-01
9.041579439668612217e-01
9.059618725223821389e-01
9.016413522782950052e-01
9.033339272192775216e-01
9.082446216204178580e-01
9.111732216827758135e-01
9.065520466794352306e-01
9.000935370362121990e-01
9.058839249922053805e-01
9.040354549908690140e-01
9.090575030065476403e-01
9.072647098124805298e-01
9.110284619838758813e-01
9.049151485457219701e-01
9.065631820408890373e-01
9.076655828248184621e-01
9.104716939111843210e-01
9.074317402342879646e-01
9.027994298694935749e-01
9.086900360785711284e-01
9.043806511959378014e-01
9.064518284263507475e-01
9.142911228898489284e-01
9.083002984276870029e-01
9.039241013763306132e-01
9.016858937241103433e-01
9.008507416150728364e-01
8.932675604650127665e-01
9.009620952296111263e-01
9.037125295087079513e-01
9.093804284887085920e-01
9.019865484833637925e-01
9.140572802993185419e-01
9.078771546924413460e-01
9.135227829495344842e-01
9.020310899291790196e-01
9.032114382432854249e-01
9.027214823393165943e-01
8.996592579395127354e-01
9.013629682419491695e-01
9.080998619215179257e-01
9.037459355930693716e-01
9.034007393880005843e-01
9.055164580642287575e-01
8.983118792035991174e-01
9.062179858358202500e-01
9.056723531245823855e-01
8.945481270322035439e-01
9.024430983029709807e-01
9.054607812569595016e-01
9.094026992116165387e-01
9.015411340252104111e-01
9.068638368001427086e-01
8.981782548661529919e-01
9.133223464433655181e-01
9.046144937864684099e-01
9.113847935503985864e-01
9.038572892076077725e-01
9.005834929401808076e-01
9.125317357801434603e-01
8.959623179368401136e-01
9.059396017994745254e-01
8.897376508841479126e-01
9.007282526390807398e-01
8.926217095006905300e-01
8.953387376954256016e-01
8.971092601665850985e-01
9.031223553516547486e-01
8.919981292592759070e-01
8.928555520912209165e-01
8.809963921428889400e-01
8.807959556367200848e-01
8.864972607010823680e-01
8.965524920938934272e-01
8.908734577524386467e-01
8.929557703443052885e-01
8.928444167297669987e-01
8.934902676940893462e-01
9.003162442652887787e-01
9.042136207741303666e-01
8.991470313126365133e-01
9.122756224667054603e-01
8.997928822769586388e-01
9.017192998084719857e-01
9.007059819161731262e-01
9.035566344483541013e-01
8.943699612489421913e-01
9.015745401095720535e-01
8.985902632399447310e-01
8.990022716137366920e-01
9.031223553516547486e-01
9.029330542069394783e-01
9.035009576410850674e-01
8.979778183599838037e-01
9.037793416774309030e-01
9.046924413166450574e-01
9.043917865573916082e-01
9.075208231259186409e-01
9.064963698721660856e-01
9.078103425237182833e-01
9.089461493920092394e-01
9.110952741525990550e-01
9.094138345730702344e-01
8.983118792035988953e-01
9.063182040889047331e-01
9.069640550532270806e-01
9.018195180615563578e-01
9.069306489688655493e-01
9.052269386664291151e-01
9.061400383056434915e-01
9.043472451115763810e-01
9.064072869805354093e-01
9.037459355930693716e-01
9.109616498151530406e-01
9.015188633023027975e-01
9.104048817424614803e-01
9.066856710168812450e-01
9.116075007794752771e-01
9.071756269208499646e-01
9.100819562603003066e-01
9.140684156607723487e-01
9.094026992116164276e-01
8.939579528751503412e-01
9.124871943343281222e-01
9.053048861966059846e-01
9.127210369248586197e-01
9.072313037281189985e-01
9.066411295710659068e-01
9.132221281902810350e-01
9.109171083693377025e-01
9.131998574673734215e-01
9.112623045744063788e-01
8.989465948064674361e-01
9.037793416774309030e-01
9.114850118034832915e-01
9.098035722239544709e-01
9.092356687898088818e-01
8.993029263729901412e-01
9.146029130105562954e-01
9.082223508975101334e-01
9.065743174023428441e-01
9.037459355930694826e-01
9.034898222796311495e-01
9.114850118034831805e-01
9.098592490312233938e-01
9.113625228274909729e-01
9.133000757204579045e-01
9.065186405950736992e-01
9.074094695113804621e-01
9.084673288494943266e-01
9.076878535477261867e-01
9.103380695737384176e-01
9.063850162576276848e-01
9.079105607768029884e-01
9.078994254153489596e-01
9.015968108324796670e-01
9.070642733063115637e-01
9.126764954790433926e-01
9.157164491559396380e-01
9.045922230635605743e-01
9.122199456594360933e-01
9.047815242082758447e-01
9.149592445770791116e-01
9.074651463186496070e-01
9.062068504743664432e-01
9.045699523406529607e-01
9.069751904146809984e-01
8.983230145650527021e-01
9.102823927664691617e-01
9.054830519798672261e-01
9.116631775867444221e-01
9.061511736670970762e-01
9.057391652933053372e-01
9.016079461939334738e-01
9.051935325820676947e-01
9.022983386040710485e-01
9.092802102356243310e-01
9.049819607144448108e-01
9.023985568571556426e-01
8.964634092022627510e-01
8.979778183599841368e-01
9.034786869181774538e-01
8.997817469155049430e-01
9.015411340252104111e-01
8.942029308271348675e-01
9.061066322212818491e-01
9.052603447507906465e-01
9.089572847534630462e-01
8.969310943833236349e-01
9.045142755333838158e-01
9.238675337401451859e-01
9.054719166184134194e-01
9.188009442786513326e-01
9.178767092779832604e-01
9.199812925927575158e-01
7.232083203420782702e-01
9.256046501269431515e-01
9.187898089171975258e-01
9.242238653066678911e-01
7.374615830029842556e-01
9.150705981916172904e-01
9.254932965124047506e-01
7.578949712707675479e-01
9.215402431962942398e-01
8.508418333259097910e-01
9.203710302436418633e-01
9.173199412052917001e-01
7.554117856665627517e-01
7.219388891363412997e-01
9.225312903656853747e-01
9.224533428355083942e-01
7.308805843837691274e-01
9.207162264487105396e-01
9.184557480735825452e-01
9.216515968108324186e-01
9.012404792659570729e-01
7.452563360206673204e-01
9.185671016881207240e-01
9.248697162709902386e-01
9.218074918711861576e-01
9.107723486704379923e-01
9.245356554273753691e-01
9.282103247071399332e-01
9.198253975324039988e-01
9.244131664513830504e-01
6.860941606164536744e-01
8.716148501180347452e-01
9.243797603670215191e-01
9.217740857868247373e-01
8.936461627544431963e-01
9.272749543450180543e-01
9.200926462072958056e-01
6.785221148278473002e-01
7.344439000489956237e-01
9.233330363903612392e-01
9.303705848291835556e-01
9.230435169925615968e-01
7.294441227562247221e-01
9.013963743263105899e-01
9.161729989755467152e-01
9.172753997594762509e-01
9.226983207874926984e-01
9.225646964500467950e-01
9.251369649458821565e-01
9.074985524030110273e-01
9.225090196427777611e-01
9.250701527771592048e-01
9.260055231392811947e-01
9.201483230145649506e-01
9.252149124760589149e-01
9.233998485590841909e-01
9.168411206627766763e-01
9.165181951806156135e-01
9.212284530755867618e-01
9.054719166184134194e-01
9.187452674713820766e-01
9.215847846421094669e-01
9.255601086811278133e-01
9.194356598815197623e-01
9.195024720502427140e-01
8.933455079951895250e-01
9.177096788561757146e-01
9.218297625940936602e-01
9.181996347601443231e-01
9.205269253039952693e-01
9.159948331922853626e-01
9.195581488575119700e-01
9.229210280165693892e-01
9.213732127744865830e-01
9.246247383190058233e-01
9.264509375974343541e-01
9.235334728965303164e-01
9.222083648835239789e-01
9.142243107211259767e-01
9.248140394637210937e-01
9.213175359672175491e-01
9.221192819918935246e-01
9.312614137454900964e-01
9.221638234377087517e-01
9.217184089795553703e-01
7.173622555788161659e-01
9.239454812703221664e-01
9.217852211482785441e-01
9.209612044006947329e-01
9.188343503630127529e-01
9.138123023473343487e-01
9.266179680192417889e-01
6.993786468308760274e-01
9.190236515077279122e-01
9.210502872923255202e-01
9.213843481359405008e-01
9.208609861476103609e-01
9.099037904770389540e-01
9.227428622333080366e-01
9.156941784330320244e-01
7.104249253930782215e-01
9.183443944590441443e-01
9.093247516814395581e-01
9.240679702463141520e-01
9.185002895193977723e-01
9.178655739165293426e-01
9.247472272949980310e-01
9.197697207251346319e-01
9.173088058438376713e-01
9.219188454857244475e-01
9.116130684602021805e-01
9.245913322346444030e-01
9.200926462072959167e-01
8.943254198031268531e-01
9.198142621709500810e-01
9.116854483096520356e-01
9.235000668121687850e-01
7.311199946550264173e-01
7.343770878802725610e-01
9.197251792793194047e-01
9.172197229522069950e-01
9.158834795777470728e-01
9.148478909625405997e-01
9.247472272949979200e-01
8.532582067613915244e-01
7.366487016168545843e-01
9.245690615117367894e-01
8.986236693243061513e-01
9.170081510845842221e-01
8.814084005166807900e-01
7.267493652843971530e-01
8.861353614538327594e-01
9.215847846421094669e-01
9.231994120529152248e-01
9.166907932831500627e-01
9.205826021112645252e-01
8.710859204489778129e-01
9.243018128368446495e-01
9.214957017504787906e-01
8.952273840808872007e-01
9.242350006681216978e-01
9.222417709678856212e-01
9.156385016257628795e-01
9.194802013273349894e-01
9.043027036657610429e-01
9.207162264487105396e-01
9.220524698231704619e-01
9.234555253663534469e-01
9.233219010289073214e-01
7.371720636051846132e-01
9.222640416907933458e-01
9.261502828381810160e-01
9.234555253663533358e-01
7.320497973364215039e-01
7.285978352857334084e-01
9.191015990379045597e-01
8.985345864326756971e-01
9.198365328938576946e-01
8.747049129214734542e-01
9.253151307291433980e-01
8.794708476237138584e-01
9.181773640372365985e-01
7.414814484878178291e-01
9.236893679568838333e-01
9.239009398245067173e-01
9.148757293661753387e-01
9.184112066277670960e-01
9.238341276557837656e-01
9.242015945837602775e-01
9.249587991626209149e-01
9.236670972339762198e-01
9.220413344617165441e-01
9.151040042759788218e-01
9.249476638011669971e-01
9.159725624693777490e-01
7.574439891318871521e-01
9.194690659658812937e-01
9.185336956037593037e-01
9.256046501269432625e-01
9.184668834350364630e-01
8.933009665493742979e-01
9.216181907264709983e-01
8.903667988062892169e-01
9.233887131976306062e-01
9.270355440737606534e-01
7.536635339183109794e-01
9.216627321722863364e-01
9.228096744020310993e-01
9.235780143423456545e-01
9.194634982851543903e-01
9.132221281902810350e-01
9.182553115674133570e-01
9.229989755467461476e-01
9.257494098258428616e-01
9.171083693376688162e-01
9.150984365952520294e-01
9.219188454857245585e-01
9.158723442162931550e-01
9.244911139815598089e-01
9.241069440114026978e-01
9.209723397621487617e-01
9.260723353080041464e-01
9.245801968731904852e-01
9.207719032559796846e-01
9.282437307915014646e-01
9.255601086811278133e-01
9.228208097634850171e-01
9.146919959021869717e-01
8.561534007393880596e-01
8.655405104449690468e-01
9.206939557258029261e-01
9.154436328003205947e-01
9.120974566834438857e-01
9.223197184980624908e-01
9.243129481982984563e-01
9.222863124137008484e-01
7.516758718988019172e-01
9.146975635829139861e-01
9.130439624070197935e-01
9.205380606654491871e-01
9.244020310899292436e-01
9.238007215714222342e-01
9.213509420515789694e-01
9.208053093403412159e-01
9.152153578905172226e-01
9.201594583760188684e-01
9.175203777114605552e-01
9.145249654803795369e-01
9.184000712663134003e-01
9.236336911496147994e-01
9.207607678945258778e-01
9.142131753596720589e-01
9.235780143423455435e-01
8.915193087167609942e-01
9.265734265734265618e-01
7.544430092200793414e-01
9.127767137321277646e-01
9.136341365640727741e-01
9.164068415660772127e-01
9.211393701839560855e-01
9.146808605407332760e-01
9.183889359048593715e-01
9.175871898801836180e-01
9.224088013896931670e-01
9.171974522292993814e-01
9.211616409068636990e-01
9.193465769898891971e-01
7.162153133490712920e-01
9.050599082446216803e-01
9.138457084316957690e-01
9.213286713286713558e-01
9.178544385550755358e-01
9.244911139815599199e-01
7.357578727005478214e-01
9.233664424747227706e-01
9.254487550665895235e-01
9.186951583448398351e-01
9.250478820542514802e-01
8.371676094606030905e-01
7.828938577346220562e-01
8.408645494632756012e-01
7.210591955814885656e-01
9.160505099995546185e-01
9.184000712663132893e-01
7.347779608926106043e-01
7.150126943120573841e-01
7.309362611910381613e-01
9.216850028951939500e-01
9.239900227161373936e-01
7.250790610663222502e-01
7.420382165605096114e-01
9.201594583760188684e-01
8.265556099951004709e-01
9.212284530755868728e-01
9.265956972963342864e-01
9.228208097634850171e-01
8.971872076967618570e-01
9.234221192819919155e-01
9.194467952429735691e-01
9.232996303059997079e-01
9.188454857244666707e-01
9.221638234377087517e-01
5.017482517482517723e-01
9.178989800008908739e-01
9.272860897064718610e-01
9.232773595830920943e-01
9.249365284397129683e-01
9.218854394013630271e-01
9.233664424747227706e-01
9.246136029575520165e-01
9.258273573560198422e-01
9.220970112689858000e-01
9.195247427731504386e-01
9.175203777114605552e-01
8.982450670348759436e-01
9.240345641619528427e-01
9.216627321722864474e-01
9.217518150639170127e-01
9.234221192819919155e-01
9.191350051222663131e-01
9.088459311389247564e-01
9.232996303059997079e-01
9.238118569328760410e-01
9.252149124760590260e-01
8.947931049841878481e-01
9.242461360295755046e-01
9.208721215090642787e-01
9.101376330675694515e-01
9.177653556634448595e-01
9.191572758451740377e-01
7.380183510756759269e-01
7.263596276335129165e-01
7.992071622644871809e-01
7.353569996882098891e-01
9.226426439802235535e-01
9.208832568705179744e-01
5.000000000000000000e-01
9.168856621085921255e-01
9.244131664513829394e-01
9.294797559128769038e-01
9.248919869938978522e-01
9.159057503006546863e-01
9.179323860852521832e-01
9.251258295844284607e-01
9.119304262616365619e-01
9.219299808471782542e-01
9.249922052469822242e-01
9.165404659035232271e-01
9.206605496414413947e-01
9.249031223553516590e-01
9.241013763306756834e-01
6.663623001202618745e-01
9.186951583448399461e-01
9.211170994610484719e-01
9.240234288004989249e-01
9.227094561489467273e-01
5.051946461182129644e-01
8.279252594539217025e-01
9.219077101242706407e-01
9.203042180749188006e-01
9.247806333793595623e-01
9.190347868691817190e-01
9.281991893456861265e-01
9.207384971716182642e-01
9.230657877154692104e-01
9.241570531379448283e-01
7.993908957284754369e-01
9.266179680192418999e-01
9.189791100619125741e-01
9.238007215714222342e-01
9.229321633780231959e-01
9.222195002449780077e-01
9.193298739477082648e-01
9.187786735557436080e-01
9.218074918711860466e-01
7.364259943877777825e-01
9.226203732573159400e-01
5.000000000000000000e-01
9.199256157854883709e-01
7.341432452897421745e-01
8.697051356287024415e-01
9.144804240345641988e-01
9.177876263863523620e-01
9.254932965124047506e-01
9.182330408445056324e-01
9.164959244577078890e-01
9.217184089795554813e-01
9.287336866954700731e-01
9.238898044630530215e-01
9.176317313259988451e-01
6.704601131352724286e-01
7.839183109883747225e-01
9.269965703086722186e-01
9.209612044006948439e-01
9.206494142799874769e-01
9.282994075987706095e-01
9.222751770522471526e-01
9.232328181372767562e-01
9.205380606654492981e-01
9.206048728341723608e-01
9.179435214467062121e-01
9.134671061422654503e-01
9.253262660905973158e-01
9.158166674090242321e-01
9.171529107834841543e-01
9.152988731014209955e-01
9.149147031312636624e-01
9.185893724110285596e-01
9.164625183733464686e-01
9.191906819295355691e-01
9.111064095140527508e-01
9.211393701839561965e-01
9.195581488575120810e-01
9.185559663266669173e-01
9.170081510845842221e-01
9.211282348225022787e-01
9.189902454233664919e-01
9.164068415660773237e-01
9.200592401229343853e-01
9.196138256647812259e-01
9.205714667498107184e-01
9.213286713286714669e-01
9.197474500022271293e-01
9.234221192819918045e-01
9.212507237984945974e-01
9.213954834973943075e-01
9.155494187341319812e-01
9.214957017504787906e-01
9.218297625940938822e-01
9.269297581399491559e-01
9.218297625940936602e-01
9.221081466304396068e-01
9.256157854883969582e-01
9.163734354817157923e-01
9.176428666874526519e-01
9.186895906641129317e-01
9.261502828381809049e-01
9.206160081956260566e-01
9.142243107211259767e-01
9.219077101242706407e-01
9.286223330809316723e-01
9.208053093403411049e-01
9.257382744643891659e-01
9.155048772883168651e-01
9.196583671105964530e-01
9.264509375974344652e-01
9.096254064406932294e-01
9.300476593470223818e-01
9.244911139815598089e-01
9.210168812079639888e-01
9.184112066277672071e-01
9.188009442786513326e-01
9.235112021736224808e-01
9.212173177141329550e-01
9.239009398245068283e-01
9.190570575920894436e-01
9.210168812079640999e-01
9.139793327691416724e-01
9.140350095764109284e-01
9.129437441539353104e-01
9.111732216827759245e-01
9.165961427107923720e-01
9.135561890338961266e-01
9.236448265110686062e-01
9.070308672219500323e-01
9.292681840452541309e-01
9.228987572936617756e-01
9.202708119905571582e-01
9.238118569328759300e-01
9.236670972339762198e-01
9.221081466304396068e-01
9.273306311522871992e-01
9.241681884993986351e-01
9.200815108458421099e-01
9.193354416284351682e-01
9.212507237984944863e-01
9.196583671105964530e-01
9.194802013273351005e-01
9.098592490312236158e-01
9.186561845797514003e-01
9.216070553650170805e-01
9.197251792793194047e-01
9.248029041022670649e-01
9.189345686160972360e-01
9.093915638501626209e-01
9.205269253039953803e-01
9.230880584383769349e-01
9.139013852389648029e-01
9.223197184980624908e-01
9.230101109082001765e-01
9.269408935014030737e-01
9.305598859738988260e-01
9.261725535610885185e-01
9.224199367511469738e-01
9.210614226537794380e-01
9.205714667498107184e-01
9.265177497661574169e-01
9.231882766914614180e-01
9.178989800008908739e-01
9.263173132599883397e-01
9.233107656674536257e-01
9.248585809095363208e-01
9.214734310275711771e-01
9.236002850652531571e-01
9.257716805487505862e-01
9.277760456104405806e-01
9.244577078971982775e-01
9.221638234377088628e-01
9.290900182619927783e-01
9.231771413300076112e-01
9.178767092779831493e-01
9.144247472272950539e-01
9.177653556634448595e-01
9.109616498151529296e-01
9.230435169925615968e-01
9.164402476504387440e-01
9.210280165694179066e-01
9.169079328314997390e-01
9.247472272949979200e-01
9.229544341009310315e-01
9.251703710302436878e-01
9.174424301812836857e-01
9.136675426484344165e-01
9.246692797648211615e-01
9.230991937998308527e-01
9.199256157854884819e-01
9.257828159102043930e-01
9.235334728965302054e-01
9.145917776491025997e-01
9.169970157231304153e-01
9.205937374727184430e-01
9.209834751236025685e-01
9.191350051222662021e-01
9.223197184980624908e-01
6.818460202218163957e-01
9.185392632844863181e-01
9.201483230145650616e-01
9.235112021736224808e-01
9.215959200035633847e-01
9.179880628925215502e-01
9.240791056077680699e-01
9.230657877154692104e-01
9.132555342746425664e-01
9.181439579528751782e-01
9.261168767538194846e-01
9.264509375974344652e-01
9.222195002449780077e-01
9.203042180749186896e-01
9.206828203643491193e-01
9.149926506614405319e-01
9.147699434323638412e-01
9.225646964500467950e-01
9.211727762683177279e-01
9.219967930159013170e-01
9.236782325954301376e-01
9.236448265110686062e-01
9.202151351832880133e-01
9.260834706694579532e-01
9.212284530755868728e-01
9.190570575920894436e-01
9.142799875283953437e-01
9.269074874170415423e-01
9.242795421139369250e-01
9.234666607278072537e-01
9.225090196427776501e-01
9.254598904280433302e-01
9.253151307291435090e-01
9.211282348225022787e-01
9.250256113313438666e-01
9.244688432586521953e-01
9.167074963253307729e-01
9.282437307915014646e-01
9.152153578905171116e-01
9.205491960269032159e-01
9.196249610262350327e-01
9.219188454857244475e-01
9.277983163333480832e-01
9.298138167564918843e-01
9.128769319852122477e-01
9.194690659658812937e-01
9.179657921696138256e-01
9.265622912119727550e-01
9.274976615740947450e-01
9.175537837958219756e-01
9.154492004810477201e-01
9.223197184980624908e-01
9.198810743396731437e-01
9.293127254910694690e-01
9.254042136207741853e-01
9.281991893456862375e-01
9.176094606030912315e-01
9.238452630172375724e-01
9.244131664513830504e-01
9.193354416284352792e-01
9.259943877778272769e-01
9.241459177764910216e-01
9.173422119281992027e-01
9.242238653066678911e-01
9.189457039775510427e-01
9.159948331922854736e-01
9.208832568705178634e-01
9.163288940359004542e-01
9.181439579528752892e-01
9.209277983163334236e-01
9.177987617478062798e-01
9.148478909625405997e-01
9.218965747628167229e-01
9.228096744020312103e-01
9.241459177764911326e-01
9.188454857244666707e-01
9.230435169925617078e-01
9.197140439178655980e-01
9.255155672353124752e-01
9.224088013896930560e-01
9.228319451249387129e-01
9.202151351832882353e-01
9.217072736181016746e-01
9.191461404837202309e-01
9.210280165694177956e-01
9.218074918711860466e-01
9.287893635027393291e-01
9.226537793416773603e-01
9.217406797024630949e-01
9.215179724733865152e-01
9.180437396997906951e-01
9.190013807848201877e-01
9.169524742773151882e-01
9.141909046367645564e-01
9.200481047614805785e-01
9.230657877154692104e-01
9.204155716894569794e-01
9.066968063783351628e-01
9.200258340385729650e-01
9.079328314997106020e-01
9.237673154870607028e-01
9.151819518061556913e-01
9.259721170549195524e-01
9.219856576544473992e-01
9.237116386797916689e-01
9.094361052959779590e-01
9.169747450002226907e-01
9.159614271079239423e-01
9.188677564473741732e-01
9.226203732573159400e-01
9.153267115050554015e-01
9.204935192196339599e-01
9.177542203019910527e-01
9.252371831989666395e-01
9.213954834973944186e-01
9.132443989131888706e-01
9.156607723486702710e-01
9.197251792793196268e-01
9.128101198164891850e-01
9.148812970469022421e-01
9.243240835597523741e-01
9.178098971092603087e-01
9.214400249432095347e-01
9.197029085564117912e-01
9.215402431962942398e-01
9.174090240969221544e-01
9.201594583760188684e-01
9.245356554273752581e-01
9.220747405460780755e-01
9.177208142176295214e-01
9.211616409068639211e-01
9.141352278294953004e-01
9.180548750612445019e-01
9.179323860852524053e-01
9.221972295220703941e-01
9.182664469288672748e-01
9.238898044630529105e-01
9.206605496414415057e-01
9.178767092779833714e-01
9.117299897554673738e-01
9.205603313883569117e-01
9.156941784330319134e-01
9.243463542826598767e-01
9.200146986771190472e-01
9.209946104850563753e-01
9.228764865707540510e-01
9.209277983163333126e-01
9.218854394013629161e-01
9.225424257271390704e-01
9.190570575920894436e-01
9.229878401852923409e-01
9.197641530444078395e-01
9.183889359048593715e-01
9.184112066277672071e-01
9.188788918088280910e-01
9.207941739788874091e-01
9.205269253039953803e-01
9.223753953053315247e-01
9.258830341632888761e-01
9.239009398245066063e-01
9.249810698855284175e-01
9.203710302436416413e-01
9.251926417531514124e-01
9.252149124760589149e-01
9.214066188588481143e-01
9.142243107211259767e-01
9.175092423500066374e-01
9.213286713286712448e-01
9.257271391029352481e-01
9.219188454857243364e-01
9.216850028951939500e-01
9.260277938621886973e-01
9.263061778985345329e-01
9.161395928911852948e-01
9.187675381942896902e-01
9.194022537971582310e-01
9.268740813326800110e-01
9.241236470535832970e-01
9.264509375974344652e-01
9.246358736804597411e-01
9.204601131352723176e-01
9.157721259632087829e-01
9.233887131976303841e-01
9.211616409068639211e-01
9.228987572936618866e-01
9.244688432586521953e-01
9.214511603046634525e-01
9.281657832613245951e-01
9.289898000089082952e-01
9.255823794040355379e-01
7.200124716048283968e-01
9.275644737428175857e-01
9.272192775377487983e-01
9.241681884993987461e-01
9.248808516324440454e-01
9.216070553650171915e-01
9.291791011536234546e-01
9.237784508485145096e-01
9.276424212729945662e-01
9.243018128368447606e-01
9.229767048238385341e-01
9.266068326577879821e-01
9.230101109082001765e-01
9.176985434947219078e-01
9.184112066277672071e-01
9.179657921696137146e-01
9.239454812703220554e-01
9.198253975324038878e-01
9.236670972339763308e-01
9.222751770522471526e-01
9.265288851276112236e-01
9.227428622333080366e-01
9.213843481359406118e-01
9.175537837958220866e-01
9.305598859738988260e-01
9.219856576544475102e-01
9.247694980179057556e-01
9.185336956037593037e-01
9.202039998218342065e-01
9.169302035544073526e-01
9.223531245824239111e-01
9.216070553650171915e-01
9.232884949445460121e-01
9.191015990379048928e-01
9.235891497037994613e-01
9.236448265110686062e-01
9.178655739165293426e-01
9.253485368135051514e-01
9.237895862099683164e-01
9.211393701839561965e-01
9.221415527148010272e-01
9.183109883746827240e-01
9.230657877154693214e-01
9.164068415660772127e-01
9.261614181996348227e-01
9.175871898801835069e-01
9.196583671105964530e-01
9.232662242216381765e-01
7.631174557926150293e-01
9.197474500022270183e-01
9.168745267471380966e-01
9.201594583760188684e-01
9.267293216337801898e-01
9.151374103603403531e-01
9.123647053583359146e-01
9.216850028951939500e-01
9.222417709678856212e-01
9.175092423500067484e-01
9.231214645227383553e-01
9.213064006057636313e-01
9.182441762059595503e-01
9.081555387287871817e-01
9.175649191572758934e-01
9.169302035544074636e-01
9.047258474010066998e-01
9.187675381942898012e-01
9.163066233129926186e-01
9.117188543940135670e-01
9.134448354193577257e-01
9.194802013273351005e-01
9.194133891586120377e-01
9.194467952429735691e-01
9.228764865707540510e-01
9.194579306044273759e-01
9.277092334417175179e-01
9.176985434947217968e-01
9.261502828381809049e-01
9.199590218698499022e-01
9.197140439178657090e-01
9.208609861476102498e-01
9.226760500645850849e-01
9.194022537971582310e-01
9.205157899425415735e-01
9.177319495790834392e-01
9.160839160839161499e-01
9.158946149392008795e-01
9.234332546434457223e-01
9.234889314507149782e-01
9.234777960892610604e-01
9.224422074740546984e-01
9.181550933143289850e-01
9.220413344617166551e-01
9.110061912609682677e-01
9.120863213219901899e-01
9.166963609638769661e-01
9.182775822903211926e-01
9.235668789808917367e-01
9.239788873546836978e-01
9.248140394637210937e-01
9.189345686160973470e-01
9.175871898801835069e-01
9.186673199412052071e-01
9.204601131352724286e-01
9.242238653066677800e-01
9.193799830742506174e-01
9.188900271702820088e-01
9.251592356687898810e-01
9.228987572936617756e-01
9.195470134960581632e-01
9.177542203019910527e-01
9.301033361542916378e-01
9.248808516324439344e-01
9.257271391029352481e-01
9.256825976571200210e-01
9.263618547058037889e-01
9.288784463943700054e-01
9.079216961382566842e-01
9.254598904280432192e-01
9.208387154247028583e-01
9.183778005434056757e-01
9.229655694623846163e-01
9.242350006681216978e-01
9.223976660282391382e-01
9.159948331922853626e-01
9.222974477751548772e-01
9.229321633780231959e-01
9.268740813326800110e-01
9.254710257894971370e-01
9.088904725847402055e-01
9.221526880762549450e-01
9.187786735557437190e-01
9.227317268718542298e-01
9.219856576544475102e-01
9.202262705447419311e-01
9.168522560242304831e-01
9.205046545810876557e-01
9.216850028951939500e-01
9.205491960269031049e-01
9.199478865083959844e-01
9.223419892209701043e-01
9.185559663266670283e-01
9.190125161462741055e-01
9.130996392142888274e-01
9.229655694623848383e-01
9.204489777738185108e-01
9.231882766914614180e-01
9.247026858491825818e-01
9.241125116921296012e-01
9.188677564473742843e-01
9.215291078348404330e-01
9.246024675960982098e-01
9.189902454233664919e-01
9.217629504253708195e-01
9.258718988018351803e-01
9.088904725847402055e-01
9.191461404837200089e-01
9.266291033806957067e-01
9.208943922319718922e-01
9.228208097634851281e-01
9.210836933766870516e-01
9.178989800008909850e-01
9.251481003073359632e-01
9.201371876531112548e-01
9.224310721126007806e-01
9.254598904280433302e-01
9.218743040399091093e-01
9.211839116297715346e-01
9.197251792793195158e-01
9.225201550042314569e-01
9.207496325330719600e-01
9.202039998218342065e-01
9.209834751236025685e-01
9.234443900048995291e-01
9.267627277181417211e-01
9.244577078971982775e-01
9.154380651195936913e-01
9.209946104850562643e-01
9.141352278294953004e-01
9.142020399982184742e-01
9.190236515077280233e-01
9.262282303683577744e-01
9.183109883746827240e-01
9.198922097011268395e-01
9.208609861476102498e-01
9.198810743396730327e-01
9.181328225914213714e-01
9.244020310899292436e-01
9.225090196427776501e-01
9.169079328314997390e-01
9.214734310275711771e-01
9.155494187341322032e-01
9.224533428355086162e-01
9.190459222306357479e-01
9.214734310275711771e-01
9.216850028951939500e-01
9.120751859605362721e-01
9.194467952429735691e-01
9.150371921072558701e-01
9.218854394013630271e-01
9.147254019865485031e-01
9.178989800008908739e-01
9.196138256647811149e-01
9.138568437931494648e-01
9.195692842189656657e-01
9.159391563850162177e-01
9.183109883746827240e-01
9.230991937998306307e-01
9.129103380695737791e-01
9.196917731949579844e-01
9.130216916841121799e-01
9.211950469912253414e-01
9.162620818671773915e-01
9.146251837334640200e-01
9.060954968598281534e-01
9.191906819295354580e-01
9.146251837334640200e-01
9.174869716270992459e-01
9.209055275934256990e-01
9.152933054206940922e-01
9.187341321099282698e-01
9.241125116921294902e-01
9.260389292236426151e-01
9.115406886107522144e-01
9.253262660905974268e-01
9.218297625940938822e-01
9.203042180749186896e-01
9.235780143423455435e-01
9.260055231392810837e-01
9.165070598191618068e-01
9.271079239232105085e-01
9.264620729588882719e-01
9.212729945214022109e-01
9.236114204267069638e-01
9.244911139815598089e-01
9.253374014520510116e-01
9.189345686160974580e-01
9.279096699478864840e-01
9.249922052469822242e-01
9.206828203643490083e-01
9.251146942229745429e-01
9.173199412052915891e-01
9.211393701839561965e-01
9.224644781969623120e-01
9.195581488575119700e-01
9.269186227784954601e-01
9.193911184357044242e-01
9.199478865083960955e-01
9.243908957284754369e-01
9.241793238608525529e-01
9.223753953053316357e-01
9.274419847668257111e-01
9.258050866331120066e-01
9.112400338514987652e-01
9.249365284397131903e-01
9.218074918711862686e-01
9.244354371742907750e-01
9.256157854883969582e-01
9.160171039151930872e-01
9.289229878401853435e-01
9.218408979555476890e-01
9.250812881386130115e-01
9.253374014520512336e-01
9.164513830118927729e-01
9.224199367511468628e-01
9.198142621709501920e-01
9.233219010289074324e-01
9.222863124137009594e-01
9.186450492182977046e-01
9.245133847044676445e-01
9.225646964500467950e-01
9.201705937374727862e-01
9.170638278918533670e-01
9.264175315130728228e-01
9.206160081956260566e-01
9.217518150639169017e-01
9.245579261502828716e-01
9.233664424747227706e-01
9.267627277181418322e-01
9.200258340385729650e-01
9.242572713910293114e-01
9.235334728965302054e-01
9.191238697608126174e-01
9.235446082579841232e-01
9.170192864460381399e-01
9.199256157854883709e-01
9.248363101866285962e-01
9.196026903033271971e-01
9.219188454857244475e-01
9.222640416907932348e-01
9.282103247071400443e-01
9.194245245200659555e-01
9.184780187964901588e-01
9.220970112689858000e-01
9.196249610262348106e-01
9.194802013273349894e-01
9.243797603670215191e-01
9.234221192819918045e-01
9.235446082579841232e-01
9.181773640372368206e-01
9.183443944590441443e-01
9.244799786201058911e-01
9.252928600062357845e-01
9.219299808471783653e-01
9.259609816934657456e-01
9.182219054830518257e-01
9.199812925927574048e-01
9.233441717518150460e-01
9.225981025344083264e-01
9.256825976571200210e-01
9.217406797024630949e-01
9.219522515700859788e-01
9.240568348848602342e-01
9.245022493430136157e-01
9.208275800632488295e-01
9.204378424123648150e-01
9.170638278918532560e-01
9.198142621709501920e-01
9.192018172909893758e-01
9.148924324083559378e-01
9.139793327691417835e-01
9.238229922943299588e-01
9.158834795777470728e-01
9.167074963253307729e-01
9.180437396997906951e-01
9.223197184980623797e-01
9.057948421005745931e-01
9.195136074116967428e-01
9.135450536724423198e-01
9.174090240969221544e-01
9.169858803616766085e-01
9.179546568081601299e-01
9.212952652443098245e-01
9.158834795777470728e-01
9.224756135584162298e-01
9.213843481359403897e-01
9.213175359672175491e-01
9.109282437307915092e-01
9.236559618725224130e-01
9.233330363903613502e-01
9.215179724733864042e-01
9.169858803616763865e-01
9.187675381942898012e-01
9.190681929535433614e-01
9.226649147031312781e-01
9.228430804863926307e-01
9.205714667498108295e-01
9.207273618101643464e-01
9.222306356064318145e-01
9.281212418155093680e-01
9.243908957284754369e-01
9.220301991002628483e-01
9.232773595830920943e-01
9.257494098258429727e-01
9.215513785577480466e-01
9.235557436194379299e-01
9.213620774130328872e-01
9.226537793416774713e-01
9.251481003073360743e-01
9.205046545810875447e-01
9.199256157854884819e-01
9.243352189212061809e-01
9.242015945837602775e-01
9.198699389782192259e-01
9.205603313883569117e-01
9.259498463320118278e-01
9.212173177141329550e-01
9.241570531379448283e-01
9.270522471159412525e-01
9.209946104850563753e-01
9.256491915727584896e-01
9.309273529018752269e-01
9.262839071756270304e-01
9.256157854883969582e-01
9.258941695247429049e-01
9.254487550665894124e-01
9.276201505500868416e-01
9.165404659035233381e-01
9.279208053093402908e-01
9.268963520555876245e-01
9.199590218698497912e-01
9.177319495790834392e-01
9.223642599438778289e-01
9.307714578415214879e-01
9.247138212106366106e-01
9.275422030199100831e-01
9.234221192819919155e-01
9.278094516948020010e-01
9.244354371742907750e-01
9.240902409692217656e-01
9.234443900048994180e-01
9.216070553650171915e-01
9.242795421139369250e-01
9.201817290989265929e-01
9.247694980179056445e-01
9.210502872923255202e-01
9.223531245824240221e-01
9.258830341632888761e-01
9.211282348225023897e-01
9.197474500022270183e-01
9.243018128368447606e-01
9.236670972339763308e-01
9.245245200659213403e-01
9.229432987394771137e-01
9.268406752483184796e-01
9.166072780722461788e-01
9.229767048238386451e-01
9.274308494053716823e-01
9.247917687408133691e-01
9.227428622333080366e-01
9.216293260879249161e-01
9.158946149392008795e-01
9.242461360295756156e-01
9.237895862099683164e-01
9.250144759698899488e-01
9.192352233753507962e-01
9.219633869315397856e-01
9.206494142799874769e-01
9.223976660282393603e-01
9.216181907264709983e-01
9.235334728965303164e-01
9.244911139815598089e-01
9.213509420515789694e-01
9.233664424747227706e-01
9.203042180749188006e-01
9.236225557881608816e-01
9.197140439178655980e-01
9.199033450625808683e-01
9.201705937374726751e-01
9.213732127744866940e-01
9.213843481359405008e-01
9.212507237984945974e-01
9.202708119905572692e-01
9.220524698231704619e-01
9.236559618725224130e-01
9.184112066277670960e-01
9.207050910872567329e-01
9.249142577168054657e-01
9.219745222929935924e-01
9.188343503630127529e-01
9.206382789185336701e-01
9.194356598815198733e-01
9.210614226537793270e-01
9.250367466927976734e-01
8.339272192775377679e-01
7.549051267204133220e-01
8.740590619571512176e-01
8.865306667854438993e-01
8.538483809184447271e-01
7.533072023517881632e-01
7.390984811366976270e-01
9.220301991002628483e-01
9.184112066277672071e-01
8.014230991937997262e-01
9.035454990869002945e-01
9.247583626564518378e-01
7.308917197452229342e-01
7.262037325731592885e-01
6.880317135094204950e-01
7.202463141953587833e-01
7.330185737829050252e-01
7.183867088325686101e-01
8.764086232239098884e-01
8.511536234466171580e-01
8.281869404480869390e-01
7.530288183154425496e-01
6.844349917598324673e-01
7.224399804017638260e-01
9.206104405148991532e-01
8.501180348314107960e-01
7.385528484254599846e-01
7.333749053494277303e-01
9.227317268718543408e-01
8.719767493652843537e-01
8.669212952652443072e-01
6.804485323593604251e-01
9.174869716270990239e-01
7.203576678098970731e-01
8.901942007037549898e-01
7.875484388223241705e-01
8.241169658367111239e-01
7.505623357534185747e-01
9.157387198788473626e-01
8.813193176250502248e-01
9.276869627188099043e-01
8.959289118524786932e-01
9.239009398245067173e-01
7.762571823081376721e-01
9.236670972339762198e-01
8.520667230858313124e-01
9.112288984900449584e-01
8.794819829851676651e-01
8.974767270945614994e-01
9.089572847534631572e-01
7.433521892120618091e-01
9.176317313259989561e-01
9.089906908378245776e-01
8.607300342969133045e-01
7.275900850741614523e-01
7.433800276156964371e-01
9.213620774130328872e-01
7.882889403590039867e-01
8.882121063649726089e-01
8.551734889314507315e-01
7.792136207741302556e-01
7.781390583938354588e-01
9.218130595519130610e-01
9.216850028951939500e-01
7.435637610796845820e-01
8.631686784553026515e-01
9.210614226537793270e-01
9.139793327691416724e-01
7.198120350986593197e-01
6.943454634537437054e-01
7.296000178165782390e-01
9.151151396374327396e-01
7.498608079818270822e-01
7.244109393790921780e-01
5.000000000000000000e-01
8.664202039998217808e-01
8.599839650795064738e-01
9.174312948198298789e-01
8.896374326310632075e-01
9.228764865707541620e-01
7.307803661306846443e-01
6.973186049619171101e-01
9.182664469288673859e-01
9.211170994610485829e-01
7.362366932430626232e-01
7.733397176072335233e-01
9.015411340252104111e-01
8.777894080441851488e-01
9.034842545989043572e-01
9.188788918088280910e-01
9.063516101732661534e-01
8.892811010645405023e-01
9.078660193309875392e-01
9.014297804106720102e-01
8.368224132555343031e-01
7.016168544830965192e-01
7.823482250233844137e-01
8.510868112778940953e-01
7.377845084851455404e-01
8.754732528617878984e-01
8.914636319094917383e-01
8.497060264576188349e-01
9.206160081956259456e-01
7.303906284798004078e-01
9.081388356866064715e-01
8.689033896040265770e-01
9.242127299452140843e-01
9.137009487327958368e-01
8.168455748073581990e-01
8.754398467774264780e-01
9.091465858981782056e-01
9.159168856621087151e-01
9.056946238474901101e-01
8.643378914079550279e-01
9.057057592089439169e-01
9.103603402966460312e-01
9.128435259008507163e-01
8.998151529998663634e-01
8.643044853235937186e-01
9.108280254777070262e-01
9.075263908066455443e-01
9.208164447017950227e-01
8.311322435526257157e-01
9.175092423500067484e-01
6.723197184980624908e-01
9.186840229833861393e-01
8.972317491425773062e-01
9.183221237361364198e-01
8.772994521402164292e-01
7.247895416685224967e-01
7.315487060709990885e-01
8.607300342969133045e-01
7.928488708743486324e-01
7.337535076388579380e-01
7.286535120930025533e-01
8.775332947307469267e-01
7.172230635606432481e-01
7.255300432052024240e-01
7.290321143824328720e-01
8.922653779341678248e-01
9.145639392454678607e-01
7.282637744421183168e-01
9.219856576544476212e-01
9.245690615117366784e-01
7.990735379270411665e-01
7.764019420070376043e-01
6.365529375083514019e-01
8.771212863569550766e-01
9.188844594895551054e-01
7.621598147075854257e-01
7.322001247160483395e-01
8.939022760678811963e-01
7.599884192240879965e-01
8.290387955993052671e-01
7.293327691416864322e-01
8.925771680548750808e-01
7.318939022760678759e-01
7.240880138969310043e-01
8.714645227384081316e-01
8.175916440247650296e-01
7.604783751280567161e-01
7.254910694401141003e-01
9.272192775377487983e-01
7.307246893234153884e-01
6.846020221816400131e-01
8.422230635606431370e-01
8.988352411919290352e-01
7.476838448176028606e-01
7.239432541980312941e-01
8.987795643846598903e-01
6.756491915727584896e-01
8.926439802235979215e-01
8.489822279631196178e-01
9.214177542203020321e-01
7.279297135985034473e-01
9.292459133223464063e-01
8.651396374326311145e-01
9.003162442652888897e-01
9.214734310275711771e-01
8.743708520778583626e-01
9.169190681929535458e-01
8.920649414279988587e-01
6.248051311745579373e-01
8.619660594182887436e-01
7.177408578682463736e-01
9.085786824640328385e-01
8.573671551378557742e-01
7.273061333570888243e-01
9.026992116164089808e-01
8.878557747984499038e-01
7.567480290410227850e-01
8.894147254019866278e-01
6.836332457351564917e-01
9.063349071310855543e-01
9.091354505367245098e-01
8.827001024453254852e-01
8.021468976882990543e-01
7.273172687185425200e-01
7.211260077502115173e-01
9.041579439668611107e-01
8.882343770878802225e-01
8.004431873858625091e-01
9.097534630974121184e-01
7.276401942007038048e-01
7.323615874571289819e-01
9.209445013585140227e-01
7.407687853547726409e-01
8.381252505456326940e-01
9.171083693376687052e-01
8.937463810075275683e-01
9.003830564340118414e-01
9.140795510222261555e-01
7.442207474054608474e-01
9.192018172909892648e-01
8.753173578014342704e-01
8.907621041379003568e-01
7.162431517527059199e-01
7.035432720146097552e-01
9.075375261680993511e-01
8.867088325687051409e-01
7.637855774798449904e-01
8.631241370094874243e-01
9.226537793416773603e-01
9.119861030689055958e-01
9.184223419892209028e-01
9.252260478375129438e-01
7.341877867355575127e-01
8.673333036390363793e-01
9.011959378201417348e-01
9.154380651195936913e-01
7.347501224889760874e-01
9.121921072558016874e-01
8.048138167564919954e-01
4.818716315531602623e-01
9.215847846421094669e-01
9.199701572313038200e-01
7.436083025255000312e-01
9.236225557881609927e-01
7.717807670036970213e-01
7.240713108547504051e-01
9.064128546612623127e-01
6.909380428488709480e-01
7.725658099861922867e-01
8.912966014876843035e-01
8.647610351432007958e-01
7.663689813371341586e-01
8.875328493162888410e-01
7.261257850429825300e-01
8.783573114783305158e-01
8.700280611108635043e-01
9.048706070999066320e-01
9.001046723976660058e-01
9.280321589238788027e-01
7.243107211260078060e-01
9.058505189078436270e-01
7.161262304574407267e-01
8.477462028417444007e-01
7.281746915504877515e-01
8.808850385283507611e-01
7.251792793194067333e-01
7.240212017282080526e-01
9.135394859917151944e-01
7.423834127655783988e-01
8.944924502249342879e-01
7.359694445681707053e-01
9.216850028951940610e-01
7.216939111843569954e-01
7.683176695915550081e-01
7.281635561890338337e-01
7.162932608792481615e-01
9.051489911362522456e-01
8.467440203108992369e-01
8.644826511068549602e-01
8.574116965836710014e-01
8.796211750033406940e-01
7.268607188989354428e-01
7.285699968820988914e-01
7.282192329963030897e-01
7.960447196115985058e-01
9.030889492672933283e-01
7.366598369783083911e-01
6.808048639258830192e-01
8.758852612355796374e-01
9.234109839205381087e-01
9.152988731014209955e-01
9.195024720502427140e-01
6.795354327201461597e-01
6.841120662776714045e-01
7.385305777025522600e-01
8.758184490668567967e-01
7.483631018662866285e-01
7.257694534764598249e-01
7.446995679479756491e-01
7.591588347957773930e-01
8.800944278651285924e-01
8.928110106454055783e-01
7.357244666161864011e-01
9.044585987261146709e-01
8.250634715602869207e-01
8.254754799340787708e-01
8.230702418600508441e-01
9.072869805353882544e-01
7.167052692530399005e-01
8.245512449334105876e-01
7.935559663266669173e-01
9.258162219945660354e-01
8.737584071978976574e-01
8.911240033851499653e-01
8.528907398334150125e-01
9.224978842813237323e-01
9.204823838581799311e-01
8.900383056434011397e-01
7.212262260032960004e-01
6.906151173667096632e-01
8.768429023206092410e-01
8.859738987127521170e-01
9.207830386174333803e-01
5.482161150950959350e-01
7.516758718988019172e-01
8.912854661262303857e-01
7.297336421540243645e-01
7.333080931807046676e-01
7.629281546478998699e-01
9.158946149392009906e-01
8.248073582468486986e-01
7.184646563627454796e-01
9.070085964990424188e-01
8.223798494499131584e-01
7.238541713064006178e-01
7.223286267872255362e-01
7.301623535699969247e-01
7.620150550086856045e-01
7.802547770700636320e-01
9.220858759075319933e-01
7.942407910560775886e-01
9.182553115674134681e-01
7.893412320163912810e-01
7.202797202797203147e-01
7.343102757115494983e-01
9.194133891586120377e-01
8.886018440158567344e-01
9.214957017504787906e-01
9.068972428845041289e-01
8.346287470491291494e-01
9.072090330052113849e-01
8.629237005033183472e-01
9.143913411429334115e-01
9.227094561489467273e-01
6.889169747450003545e-01
9.209723397621486507e-01
7.312146452273841080e-01
9.155939601799473193e-01
7.270388846821966844e-01
7.234421629326088787e-01
8.735468353302747735e-01
9.149481092156251938e-01
7.331299273974433151e-01
8.775555654536547623e-01
9.075319584873726697e-01
9.160393746381007007e-01
8.993808739031668997e-01
9.101821745133847896e-01
9.090185292414592055e-01
7.234588659747895889e-01
8.249187118613870995e-01
7.258585363680905012e-01
8.001313972651552531e-01
7.629949668166227106e-01
8.148412097456683156e-01
7.275956527548883557e-01
7.465257672264040689e-01
9.054385105340518880e-01
7.124070197318604913e-01
9.158946149392009906e-01
6.988552848425459985e-01
9.085007349338560800e-01
9.050487728831678735e-01
9.068972428845041289e-01
7.973753953053316357e-01
7.334584205603313922e-01
8.608079818270901740e-01
8.895372143779787244e-01
8.994810921562512718e-01
9.169747450002228017e-01
9.204601131352723176e-01
9.137232194557035614e-01
9.242015945837603885e-01
9.220747405460780755e-01
7.688076254955236166e-01
9.238452630172375724e-01
9.240902409692218766e-01
9.207162264487105396e-01
7.286646474544564711e-01
9.207050910872567329e-01
9.225535610885926552e-01
7.319161729989756004e-01
8.636697697207250668e-01
9.250367466927977844e-01
9.155160126497705608e-01
7.283305866108413795e-01
8.778339494900004869e-01
8.993586031802591751e-01
8.829450803973096784e-01
9.249699345240747217e-01
9.220970112689858000e-01
8.813972651552270943e-01
9.191906819295354580e-01
9.224199367511468628e-01
9.216738675337402542e-01
9.179323860852522943e-01
9.239009398245066063e-01
9.202596766291033514e-01
9.225535610885929882e-01
9.193577123513428928e-01
7.484076433121018557e-01
8.435036301278340254e-01
9.226426439802236645e-01
9.217518150639170127e-01
9.236670972339762198e-01
9.271858714533873780e-01
8.911518417887844823e-01
9.144247472272950539e-01
9.259164402476505185e-01
9.185559663266669173e-01
8.783350407554229022e-01
9.174869716270991349e-01
8.964411384793550264e-01
9.189457039775510427e-01
9.080775911986103122e-01
9.202262705447418201e-01
9.187229967484744630e-01
9.282325954300476578e-01
9.284664380205781553e-01
9.214511603046633414e-01
9.256603269342121854e-01
9.177653556634447485e-01
9.211393701839560855e-01
9.216515968108324186e-01
9.233998485590843019e-01
9.252817246447820887e-01
9.266847801879649626e-01
9.195470134960580522e-01
9.268072691639570593e-01
8.767983608747940139e-01
9.253262660905973158e-01
9.088125250545633360e-01
9.227205915104004230e-01
9.250701527771592048e-01
9.219188454857244475e-01
9.218520333170016068e-01
9.195358781346042454e-01
9.206605496414413947e-01
9.217184089795554813e-01
9.275087969355484407e-01
9.254932965124049726e-01
9.194245245200659555e-01
8.904169079328315695e-01
9.166629548795153237e-01
9.190236515077279122e-01
9.236336911496147994e-01
9.177208142176295214e-01
9.224867489198699255e-01
9.252483185604205573e-01
9.271413300075721509e-01
9.115518239722061322e-01
9.227985390405772925e-01
9.163734354817156813e-01
9.208609861476103609e-01
9.189011625317358156e-01
9.028217005924012994e-01
9.256603269342122964e-01
9.151151396374326286e-01
9.074428755957418824e-01
9.194356598815197623e-01
9.036568527014386953e-01
9.206160081956260566e-01
9.204712484967263464e-01
9.240122934390450071e-01
9.172642643980224442e-01
9.209612044006948439e-01
9.218854394013629161e-01
8.641931317090553177e-01
9.210391519308716024e-01
9.180326043383368884e-01
9.180882811456059223e-01
9.202819473520109650e-01
9.232550888601844807e-01
9.208609861476103609e-01
9.124871943343281222e-01
9.187564028328358834e-01
9.203376241592802209e-01
9.154436328003207057e-01
9.201149169302036412e-01
9.250478820542514802e-01
9.208498507861565541e-01
9.181216872299675646e-01
9.208609861476104719e-01
9.168856621085921255e-01
9.176985434947217968e-01
9.159725624693777490e-01
9.183109883746827240e-01
9.230212462696538722e-01
9.225090196427776501e-01
9.201149169302035302e-01
9.189902454233664919e-01
9.087791189702016936e-01
9.190904636764509750e-01
9.205937374727184430e-01
9.136230012026189673e-01
9.193911184357044242e-01
9.195804195804196945e-01
9.192352233753506852e-01
9.193799830742506174e-01
7.727384080887266249e-01
9.222640416907932348e-01
9.202262705447419311e-01
9.218074918711860466e-01
9.190793283149971682e-01
9.278929669057057739e-01
9.206939557258028151e-01
9.213064006057636313e-01
7.517593871097054681e-01
9.191795465680816513e-01
9.051712618591599702e-01
9.152264932519709184e-01
9.230769230769231282e-01
7.243552625718231441e-01
9.211616409068639211e-01
8.928332813683133029e-01
7.293773105875016594e-01
9.230546523540155146e-01
9.228653512093002442e-01
9.282882722373169138e-01
9.207719032559796846e-01
9.236448265110686062e-01
9.237784508485145096e-01
9.218241949133668678e-01
7.692196338693153557e-01
9.240568348848604563e-01
9.216181907264709983e-01
9.197251792793194047e-01
9.196026903033273081e-01
7.557681172330854569e-01
9.262059596454501609e-01
9.240011580775912003e-01
9.249587991626208039e-01
9.197752884058617573e-01
9.175092423500066374e-01
9.237005033183376401e-01
9.150149213843481455e-01
9.199144804240345641e-01
9.223976660282393603e-01
9.179212507237985985e-01
9.092133980669013793e-01
9.227985390405770705e-01
9.109059730078838957e-01
9.259387109705581320e-01
9.210168812079639888e-01
9.189902454233664919e-01
9.241681884993987461e-01
9.211950469912252304e-01
8.842033762415928422e-01
9.190793283149971682e-01
9.127321722863124265e-01
9.285332501893012180e-01
9.261057413923654558e-01
9.200592401229343853e-01
9.197919914480424675e-01
9.131775867444658079e-01
9.203821656050954481e-01
9.241013763306756834e-01
8.748719433432810000e-01
9.200369694000267717e-01
9.223976660282393603e-01
9.191906819295355691e-01
9.244577078971982775e-01
9.175203777114604442e-01
9.257939512716581998e-01
9.237116386797915579e-01
9.170638278918533670e-01
9.218074918711861576e-01
9.196583671105964530e-01
9.177430849405372459e-01
9.207941739788874091e-01
9.214957017504787906e-01
9.166295487951540144e-01
9.140906863836799623e-01
9.279208053093402908e-01
9.139125206004187207e-01
9.219967930159014280e-01
9.280210235624247739e-01
9.182441762059596613e-01
9.175092423500067484e-01
9.167631731326000288e-01
9.245913322346444030e-01
9.207496325330719600e-01
9.280878357311477256e-01
9.264398022359806584e-01
9.224756135584162298e-01
9.168522560242304831e-01
9.262616364527193058e-01
9.172642643980224442e-01
9.155716894570398168e-01
9.232884949445459011e-01
9.199478865083960955e-01
9.229544341009309205e-01
9.191906819295354580e-01
7.430403990913545531e-01
9.265734265734266728e-01
9.236225557881608816e-01
9.152376286134247252e-01
9.229432987394770027e-01
9.200592401229343853e-01
9.114627410805754559e-01
9.271858714533873780e-01
9.208832568705179744e-01
9.187898089171975258e-01
9.230435169925617078e-01
9.235000668121687850e-01
9.225758318115006018e-01
9.178433031936216180e-01
9.258273573560198422e-01
9.202262705447418201e-01
9.241793238608525529e-01
9.178878446394369561e-01
5.503875105785934752e-01
9.010957195670572517e-01
9.070420025834038391e-01
9.143467996971181844e-01
9.252037771146051082e-01
9.224422074740545874e-01
5.000000000000000000e-01
9.195915549418733903e-01
9.129882855997504265e-01
9.192240880138968784e-01
9.227428622333080366e-01
9.171417754220302365e-01
9.204935192196338489e-01
9.146697251792793582e-01
9.141797692753106386e-01
9.219299808471782542e-01
7.545320921117099067e-01
9.245913322346444030e-01
9.260946060309117600e-01
9.194245245200659555e-01
9.221415527148011382e-01
7.433299184891541955e-01
9.212507237984944863e-01
9.243129481982984563e-01
8.513986013986013512e-01
9.256269208498508760e-01
9.187229967484744630e-01
9.192240880138968784e-01
9.185782370495747529e-01
9.238007215714221232e-01
9.239343459088682486e-01
9.216961382566477567e-01
9.280432942853324985e-01
9.239788873546835868e-01
7.151797247338649299e-01
9.196305287069619361e-01
9.245579261502827606e-01
9.174535655427376035e-01
9.183221237361365308e-01
9.204712484967261243e-01
9.234332546434457223e-01
9.075542292102801722e-01
9.194913366887887962e-01
8.553683577568926832e-01
9.188900271702817868e-01
7.469266402387422232e-01
8.892922364259944201e-01
7.508240167475837001e-01
9.197697207251347429e-01
9.182775822903213037e-01
9.236448265110684952e-01
9.181328225914213714e-01
9.190013807848201877e-01
9.230769230769230171e-01
9.268184045254109771e-01
8.932230190191973174e-01
9.269408935014030737e-01
9.124203821656049485e-01
9.223308538595162975e-01
9.212061823526791482e-01
9.236670972339762198e-01
9.194245245200659555e-01
9.184668834350363520e-01
9.229210280165693892e-01
9.248363101866285962e-01
9.167186316867845797e-01
9.262616364527191948e-01
9.267515923566880254e-01
9.236225557881608816e-01
9.178098971092601976e-01
9.286446038038393969e-01
9.219522515700860898e-01
9.159836978308316668e-01
9.252149124760589149e-01
9.171974522292993814e-01
9.275756091042716145e-01
9.229098926551155824e-01
9.211282348225023897e-01
9.220970112689858000e-01
9.187341321099282698e-01
9.286557391652933147e-01
9.237339094026992825e-01
9.218631686784553025e-01
9.212729945214020999e-01
9.236559618725224130e-01
9.210725580152330227e-01
9.245356554273752581e-01
9.222863124137010704e-01
9.190459222306356368e-01
9.263952607901653202e-01
7.303794931183464900e-01
9.226649147031311671e-01
9.128212551779429917e-01
7.287760010689946499e-01
5.853414101821745597e-01
9.195804195804195835e-01
9.232884949445459011e-01
9.132332635517350639e-01
9.204489777738185108e-01
9.176094606030911205e-01
9.264620729588882719e-01
9.290343414547235223e-01
9.178989800008908739e-01
9.235446082579841232e-01
9.232773595830920943e-01
9.200926462072958056e-01
9.209389336777872304e-01
9.243908957284754369e-01
9.132889403590040978e-01
9.242127299452140843e-01
9.186784553026591249e-01
9.228542158478464374e-01
9.271970068148412958e-01
9.208609861476103609e-01
7.024408712306802194e-01
9.100374148144848574e-01
9.225869671729544086e-01
9.246136029575520165e-01
9.104048817424612583e-01
9.233219010289073214e-01
9.173199412052915891e-01
9.120751859605361611e-01
9.140127388535032038e-01
9.223197184980622687e-01
9.245467907888290648e-01
9.207273618101643464e-01
9.249922052469823353e-01
9.159168856621087151e-01
7.449668166228675670e-01
9.200258340385728539e-01
9.183555298204979511e-01
9.166406841566078212e-01
9.269408935014030737e-01
9.219411162086321720e-01
9.199144804240344531e-01
9.235668789808916257e-01
9.251369649458821565e-01
9.172308583136608018e-01
5.000000000000000000e-01
9.186895906641129317e-01
9.206939557258029261e-01
9.201149169302036412e-01
9.138345730702418512e-01
9.177987617478063909e-01
9.223419892209701043e-01
8.632688967083871345e-01
9.190013807848201877e-01
9.191906819295354580e-01
9.187229967484743520e-01
9.197029085564116802e-01
9.144915593960178946e-01
9.162064050599082465e-01
9.231103291612845485e-01
9.177096788561757146e-01
9.194913366887889072e-01
9.204267070509108972e-01
9.168411206627767873e-01
9.183778005434056757e-01
9.164959244577078890e-01
9.195247427731503276e-01
9.249253930782592725e-01
9.200703754843883031e-01
9.214288895817558389e-01
9.241570531379448283e-01
9.179546568081600189e-01
9.184334773506748206e-01
9.187898089171975258e-01
9.171863168678455747e-01
9.151374103603402421e-01
9.189791100619125741e-01
9.230435169925617078e-01
9.216181907264708872e-01
9.151596810832479667e-01
9.206048728341722498e-01
9.196249610262348106e-01
9.255267025967662819e-01
9.238341276557836546e-01
9.204601131352724286e-01
9.268518106097723974e-01
9.266291033806957067e-01
9.227651329562157612e-01
9.228764865707541620e-01
9.246024675960982098e-01
9.249587991626206929e-01
9.247026858491826928e-01
9.228764865707541620e-01
9.212729945214022109e-01
9.238229922943299588e-01
9.120751859605362721e-01
9.188009442786513326e-01
9.129103380695737791e-01
9.218408979555476890e-01
9.250144759698899488e-01
9.214400249432096457e-01
9.198810743396730327e-01
9.157943966861163965e-01
9.258496280789274557e-01
9.262282303683577744e-01
9.226092378958620221e-01
9.258496280789275668e-01
9.201483230145650616e-01
9.177542203019910527e-01
9.214177542203019211e-01
9.223753953053316357e-01
9.231103291612845485e-01
9.127433076477662333e-01
9.247917687408132581e-01
9.217406797024632059e-01
9.190013807848204097e-01
9.210280165694177956e-01
9.258718988018350693e-01
9.223865306667855535e-01
9.272081421762948805e-01
9.241904592223063597e-01
9.250812881386130115e-01
9.263395839828960643e-01
9.262059596454500499e-01
9.252594539218743641e-01
9.262839071756269194e-01
9.227874036791234857e-01
9.207384971716181532e-01
9.266847801879648516e-01
9.187452674713820766e-01
9.267627277181417211e-01
9.181773640372367096e-01
9.230657877154690993e-01
9.231660059685538045e-01
9.196249610262348106e-01
9.206828203643490083e-01
9.267961338025032525e-01
9.197697207251346319e-01
9.260055231392810837e-01
9.266625094650573491e-01
9.241236470535834080e-01
9.268963520555877356e-01
9.110284619838761033e-01
9.242350006681216978e-01
9.243686250055676012e-01
9.174869716270990239e-01
9.245690615117365674e-01
9.242572713910294224e-01
9.199144804240345641e-01
9.232884949445460121e-01
9.251035588615206251e-01
9.240345641619527317e-01
9.240791056077680699e-01
9.213286713286713558e-01
9.189122978931896224e-01
9.147476727094561166e-01
9.184000712663134003e-01
9.246247383190059344e-01
9.189902454233663809e-01
9.210057458465102931e-01
9.254153489822281031e-01
9.204935192196338489e-01
9.196472317491426463e-01
9.197808560865885497e-01
9.214622956661173703e-01
9.251481003073359632e-01
9.245022493430137267e-01
9.207384971716181532e-01
9.216070553650171915e-01
9.218631686784553025e-01
9.222529063293394280e-01
9.218186272326400754e-01
9.259721170549195524e-01
9.241347824150372148e-01
9.244020310899292436e-01
9.179657921696139367e-01
9.250478820542513692e-01
9.238118569328760410e-01
9.206382789185336701e-01
9.196806378335040666e-01
9.190793283149970572e-01
9.193688477127969216e-01
9.178878446394370672e-01
9.209946104850563753e-01
9.173533472896531205e-01
9.210948287381408583e-01
9.187341321099283808e-01
9.235279052158034130e-01
9.242572713910293114e-01
9.193911184357045352e-01
9.186673199412053181e-01
9.191238697608123953e-01
9.146919959021869717e-01
9.241236470535834080e-01
9.187229967484744630e-01
9.128992027081198612e-01
9.173644826511069272e-01
9.199924279542114336e-01
9.215847846421095779e-01
9.222083648835242009e-01
9.212284530755868728e-01
9.220970112689859111e-01
9.251369649458821565e-01
9.246136029575520165e-01
9.215736492806556601e-01
9.250812881386129005e-01
9.230323816311077900e-01
9.248363101866285962e-01
9.218854394013630271e-01
9.233664424747227706e-01
9.115629593336600500e-01
9.225424257271390704e-01
9.215847846421095779e-01
9.200258340385729650e-01
9.176428666874527629e-01
9.171529107834841543e-01
9.186561845797516224e-01
9.214957017504787906e-01
9.213620774130328872e-01
9.214177542203021432e-01
9.264286668745268516e-01
9.175426484343682798e-01
9.240456995234065385e-01
9.144358825887489717e-01
9.202374059061957379e-01
9.234332546434457223e-01
9.193131709055274436e-01
9.193911184357045352e-01
9.171306400605765408e-01
9.219967930159012059e-01
9.218743040399092203e-01
9.303371787448220243e-01
9.194913366887889072e-01
9.170972339762148984e-01
9.235112021736227028e-01
9.227317268718543408e-01
9.288116342256470537e-01
9.227428622333081476e-01
9.228542158478464374e-01
9.242015945837601665e-01
9.208053093403412159e-01
9.211282348225023897e-01
9.198476682553116124e-01
9.240568348848603453e-01
9.283105429602245273e-01
9.180548750612445019e-01
9.193911184357044242e-01
9.198699389782192259e-01
9.277871809718943874e-01
9.183332590975903376e-01
9.211282348225023897e-01
9.230657877154692104e-01
9.268295398868646728e-01
9.164847890962539712e-01
9.262059596454500499e-01
9.214957017504789016e-01
9.284218965747628172e-01
9.241459177764910216e-01
9.269186227784953491e-01
9.271190592846644263e-01
9.252594539218743641e-01
9.249587991626209149e-01
9.264063961516191270e-01
9.222083648835240899e-01
9.267515923566879144e-01
9.263618547058036778e-01
9.184891541579440766e-01
9.235112021736225918e-01
9.252149124760589149e-01
9.183109883746827240e-01
9.254376197051357167e-01
9.225981025344083264e-01
9.197697207251347429e-01
9.255378379582201998e-01
9.162620818671775025e-01
9.171863168678455747e-01
9.248919869938978522e-01
9.239120751859605241e-01
9.160505099995545075e-01
9.187786735557436080e-01
9.195136074116965208e-01
9.215513785577479355e-01
9.262505010912653880e-01
9.202930827134649938e-01
9.205269253039953803e-01
9.220636051846243797e-01
9.206939557258028151e-01
9.275310676584560543e-01
9.258162219945658133e-01
9.227762683176695679e-01
9.167631731326000288e-01
9.219967930159014280e-01
9.286446038038395079e-01
9.156162309028551549e-01
9.190459222306355258e-01
9.215513785577480466e-01
9.224867489198700365e-01
9.207162264487105396e-01
9.177430849405371349e-01
9.281323771769631747e-01
9.238229922943299588e-01
9.180882811456060333e-01
9.193911184357045352e-01
9.173756180125607340e-01
9.213843481359403897e-01
9.171195046991225119e-01
9.146697251792793582e-01
9.195915549418733903e-01
9.149926506614405319e-01
9.174535655427376035e-01
9.211616409068638101e-01
9.230212462696539832e-01
9.220858759075319933e-01
9.225090196427776501e-01
9.163957062046234059e-01
9.154492004810476091e-01
9.203376241592802209e-01
9.215959200035633847e-01
9.221415527148010272e-01
9.245467907888290648e-01
9.221749587991627806e-01
9.230991937998307417e-01
9.244911139815599199e-01
9.235112021736227028e-01
9.204378424123647040e-01
9.161284575297313770e-01
9.201817290989265929e-01
9.186450492182974825e-01
9.188788918088282021e-01
9.211170994610484719e-01
9.154714712039553337e-01
9.233219010289073214e-01
9.274976615740946340e-01
9.227651329562157612e-01
9.204935192196337379e-01
9.102712574050153549e-01
9.210391519308716024e-01
9.148478909625407107e-01
9.249587991626206929e-01
9.248251748251747895e-01
9.234666607278073647e-01
9.238898044630529105e-01
9.190013807848202987e-01
9.280767003696939188e-01
9.111843570442297313e-01
9.196138256647812259e-01
9.212729945214022109e-01
9.300810654313840242e-01
9.211393701839560855e-01
9.273751725981025373e-01
9.215068371119325974e-01
9.224978842813238433e-01
9.279096699478864840e-01
9.212061823526793702e-01
9.197363146407732115e-01
9.231660059685536934e-01
9.193577123513428928e-01
9.265288851276112236e-01
9.202262705447419311e-01
9.211170994610485829e-01
9.227651329562157612e-01
9.156050955414013481e-01
9.231660059685539155e-01
9.211505055454100033e-01
9.210502872923256312e-01
9.238786691015989927e-01
9.281212418155092569e-01
9.217184089795553703e-01
9.234555253663534469e-01
9.249699345240746107e-01
9.208498507861565541e-01
9.237005033183376401e-01
9.226315086187697467e-01
9.216070553650171915e-01
9.213954834973943075e-01
9.248363101866285962e-01
9.172085875907531882e-01
9.278762638635250637e-01
9.211059640995946651e-01
9.260834706694578422e-01
9.262059596454501609e-01
9.298360874793994979e-01
9.262393657298118033e-01
9.241236470535832970e-01
9.246804151262750793e-01
9.257939512716581998e-01
9.274642554897332136e-01
9.265400204890650304e-01
9.235334728965302054e-01
9.184891541579439656e-01
9.277871809718942764e-01
9.235446082579841232e-01
9.200258340385729650e-01
9.250033406084360310e-01
9.273863079595564551e-01
9.199033450625808683e-01
9.277203688031712137e-01
9.225312903656852637e-01
9.192797648211661343e-01
9.222529063293394280e-01
9.181328225914212604e-01
9.144358825887487496e-01
9.214066188588481143e-01
9.182553115674134681e-01
9.239566166317757512e-01
9.169858803616764975e-01
9.208275800632488295e-01
9.229098926551155824e-01
9.220301991002628483e-01
9.212841298828560177e-01
9.267627277181418322e-01
9.188343503630127529e-01
9.149703799385326963e-01
9.256380562113045718e-01
9.118970201772750306e-01
9.240011580775913114e-01
9.221526880762548339e-01
9.198588036167653081e-01
9.212173177141329550e-01
9.176874081332679900e-01
9.283996258518549816e-01
9.216627321722862254e-01
9.187675381942898012e-01
9.197251792793192937e-01
9.269520288628568805e-01
9.195136074116965208e-01
9.190125161462742165e-01
9.309830297091443718e-01
9.121308627678054171e-01
9.234555253663535579e-01
9.216293260879248050e-01
9.195024720502427140e-01
9.090463676450937225e-01
9.209612044006949549e-01
