9.745299506851754501e-01
9.743852344958866540e-01
9.740290100299451304e-01
9.725484520933753707e-01
9.700771448609054604e-01
9.757433402722891502e-01
9.734946733310327893e-01
9.743184424085227224e-01
9.654907548619073854e-01
9.728712805156348731e-01
9.685854549097751010e-01
9.744854226269327180e-01
9.721143035255089826e-01
9.748193830637530422e-01
9.736616535494428959e-01
9.722144916565550465e-01
9.739622179425810877e-01
9.775021985728757912e-01
9.755429640101969113e-01
9.725373200788145489e-01
9.732831650543798396e-01
9.746301388162215140e-01
9.722144916565551576e-01
9.735614654183967209e-01
9.747971190346317316e-01
9.722256236711157573e-01
9.715688348120359308e-01
9.732720330398192399e-01
9.722701517293584894e-01
9.784261557814117882e-01
9.729826006612416478e-01
9.744074985250080756e-01
9.715243067537931987e-01
9.745410826997361609e-01
9.760995647382306739e-01
9.723369438167224210e-01
9.772684262671016420e-01
9.771237100778128459e-01
9.773797464127083057e-01
9.773908784272689054e-01
9.743295744230833222e-01
9.732163729670159080e-01
9.768231456846745431e-01
9.640992530418228679e-01
9.744742906123722292e-01
9.743407064376440330e-01
9.772906902962228415e-01
9.763110730148835126e-01
9.750531553695273024e-01
9.735948614620788533e-01
9.739844819717022872e-01
9.747525909763889995e-01
9.770346539613273817e-01
9.727154323117854773e-01
9.733276931126225717e-01
9.747748550055103101e-01
9.760884327236699631e-01
9.772016341797374883e-01
9.728824125301955839e-01
9.734167492291079249e-01
9.767786176264319220e-01
9.769344658302813178e-01
9.742961783794013009e-01
9.758991884761384350e-01
9.763556010731261336e-01
9.784818158542151201e-01
9.750420233549664806e-01
9.745967427725396037e-01
9.698767685988133325e-01
9.762888089857620910e-01
9.744631585978114074e-01
9.726041121661787026e-01
9.752980596898620513e-01
9.738731618260956235e-01
9.782703075775625035e-01
9.779363471407419572e-01
9.776357827476037654e-01
9.757990003450924821e-01
9.750086273112844593e-01
9.714018545936257132e-01
9.730605247631665122e-01
9.786821921163072480e-01
9.768676737429171641e-01
9.786487960726252266e-01
9.777025748349678080e-01
9.755095679665148900e-01
9.771125780632521352e-01
9.785374759270185629e-01
9.755986240830003542e-01
9.765114492769756405e-01
9.785931359998218948e-01
9.723369438167225320e-01
9.767229575536284791e-01
9.701550689628302138e-01
9.761552248110340058e-01
9.733722211708653038e-01
9.758769244470172355e-01
9.775244626019971017e-01
9.789716244948848400e-01
9.769678618739633391e-01
9.751978715588158764e-01
9.777359708786499404e-01
9.775912546893610333e-01
9.777693669223318507e-01
9.765114492769756405e-01
9.729937326758023586e-01
9.767897496409926328e-01
9.796840734267679984e-01
9.775021985728756801e-01
9.731829769233337757e-01
9.782369115338803711e-01
9.770235219467666710e-01
9.783593636940477456e-01
9.786821921163072480e-01
9.791386047132949466e-01
9.770457859758879815e-01
9.765225812915362402e-01
9.777471028932105401e-01
9.749529672384811274e-01
9.749418352239204166e-01
9.767118255390677684e-01
9.757767363159710605e-01
9.759103204906992568e-01
9.778695550533780256e-01
9.775133305874363909e-01
9.771571061214948672e-01
9.763778651022476662e-01
9.718360031614921013e-01
9.741403301755517941e-01
9.742405183065980800e-01
9.718026071178100800e-01
9.677728178468457676e-01
9.731161848359698441e-01
9.689973394485200675e-01
9.768676737429172752e-01
9.712126103460942961e-01
9.694203560018256338e-01
7.291914817824581840e-01
9.756765481849249966e-01
9.762888089857622020e-01
9.719250592779774545e-01
9.697431844240851362e-01
9.695094121183109870e-01
9.659026394006523519e-01
9.716690229430819947e-01
9.729269405884382049e-01
9.743852344958867651e-01
9.730827887922877117e-01
9.748750431365563740e-01
9.729380726029990267e-01
9.711792143024122748e-01
9.725595841079359705e-01
9.704667653705292274e-01
9.717358150304460374e-01
9.761329607819126952e-01
9.717580790595673479e-01
9.750754193986486129e-01
9.717246830158854376e-01
9.713684585499438029e-01
9.747971190346316206e-01
9.753203237189834729e-01
9.759325845198205673e-01
9.748973071656776845e-01
9.736727855640036067e-01
9.757099442286070179e-01
9.742405183065979690e-01
9.738397657824137132e-01
9.727154323117854773e-01
9.738954258552170451e-01
9.734724093019113678e-01
9.755986240830002432e-01
9.732052409524550862e-01
9.738842938406564453e-01
9.737395776513677603e-01
9.749974952967238595e-01
9.747414589618283998e-01
9.756765481849249966e-01
9.735948614620787422e-01
9.723703398604045534e-01
9.782369115338802601e-01
9.759103204906991458e-01
9.782703075775623924e-01
9.724371319477687070e-01
9.731607128942124652e-01
9.746301388162216250e-01
9.740735380881877514e-01
9.733054290835011502e-01
9.763667330876869555e-01
9.755206999810756008e-01
9.748527791074350635e-01
9.757210762431677287e-01
9.757210762431677287e-01
9.757767363159710605e-01
9.724705279914506173e-01
9.736282575057608746e-01
9.748750431365563740e-01
9.784261557814117882e-01
9.732386369961373296e-01
9.769678618739633391e-01
9.734167492291079249e-01
9.752869276753013406e-01
9.726375082098607239e-01
9.773908784272689054e-01
9.763110730148835126e-01
9.745633467288574714e-01
9.788491723347173545e-01
9.790384165822487716e-01
9.761106967527913847e-01
9.746969309035856677e-01
9.756876801994857074e-01
9.756765481849249966e-01
9.782591755630016817e-01
9.768120136701138323e-01
9.761997528692767379e-01
9.768788057574778749e-01
9.797953935723747732e-01
9.734946733310327893e-01
9.758435284033352142e-01
9.772127661942981991e-01
9.741514621901125048e-01
9.758657924324565247e-01
9.774465385000723483e-01
9.772238982088589099e-01
9.771571061214948672e-01
9.770680500050094031e-01
9.771125780632521352e-01
9.780810633300308643e-01
9.733054290835011502e-01
9.777248388640892296e-01
9.790161525531275721e-01
9.767674856118711002e-01
9.746078747871002035e-01
9.725818481370573920e-01
9.752312676024980087e-01
9.733833531854259036e-01
9.758602264251761138e-01
9.770680500050095141e-01
9.751978715588159874e-01
9.783593636940477456e-01
9.761329607819125842e-01
9.735392013892754104e-01
9.765782413643396831e-01
9.779920072135454001e-01
9.791386047132949466e-01
9.776246507330432767e-01
9.772238982088589099e-01
9.754650399082721579e-01
9.766450334517038367e-01
9.755540960247576221e-01
9.785708719707005843e-01
9.781589874319555067e-01
9.752090035733766982e-01
9.798510536451782160e-01
9.759993766071844989e-01
7.797308278879229171e-01
9.772906902962229525e-01
9.699101646424953538e-01
9.707784617782280190e-01
9.722256236711157573e-01
9.682514944729547768e-01
9.694982801037503872e-01
9.708897819238346827e-01
9.736616535494428959e-01
9.743518384522046327e-01
9.750642873840877911e-01
9.730159967049236691e-01
9.756765481849251076e-01
9.737729736950496706e-01
9.725707161224966812e-01
9.765003172624149297e-01
9.680845142545446702e-01
9.696763923367213156e-01
9.757544722868497500e-01
9.702107290356335456e-01
9.707339337199852869e-01
9.728935445447562946e-01
9.745967427725394927e-01
9.731607128942124652e-01
9.751310794714519448e-01
9.757099442286070179e-01
9.723480758312831318e-01
9.727710923845886981e-01
7.922710422905234751e-01
9.743518384522046327e-01
9.704445013414078058e-01
9.724482639623293068e-01
9.705669535015750693e-01
9.716022308557179521e-01
9.732386369961372186e-01
9.752090035733766982e-01
9.728156204428315412e-01
9.732720330398192399e-01
9.739956139862631090e-01
9.759103204906991458e-01
9.741514621901123938e-01
9.755429640101970223e-01
9.747971190346316206e-01
9.740735380881878624e-01
9.774242744709510378e-01
9.737952377241709812e-01
9.736059934766394530e-01
9.734612772873507680e-01
7.682203248321848310e-01
9.743629704667653435e-01
9.698211085260098896e-01
9.746078747871002035e-01
9.749974952967238595e-01
9.732720330398192399e-01
9.772906902962228415e-01
9.758323963887745034e-01
9.726263761953000131e-01
9.764335251750509981e-01
9.749640992530418382e-01
9.759325845198205673e-01
9.741291981609911943e-01
9.735503334038360101e-01
9.728490164865136736e-01
9.777471028932105401e-01
9.759548485489418779e-01
9.768565417283565644e-01
9.771905021651768886e-01
9.708007258073494405e-01
9.766895615099464578e-01
9.711792143024122748e-01
9.720920394963876721e-01
9.750976834277698124e-01
9.764780532332936192e-01
9.743852344958867651e-01
9.706894056617425548e-01
9.756988122140463071e-01
9.761106967527912737e-01
9.793389809753871855e-01
9.750197593258452811e-01
9.749418352239205277e-01
9.779029510970600469e-01
9.765225812915363512e-01
9.745410826997361609e-01
9.718582671906134118e-01
9.775021985728756801e-01
9.779140831116206467e-01
9.767452215827499007e-01
9.781923834756374170e-01
9.749307032093598169e-01
9.763556010731261336e-01
9.767786176264319220e-01
9.735169373601540999e-01
9.767786176264318110e-01
9.715020427246717771e-01
9.771237100778127349e-01
9.749084391802383953e-01
9.778918190824993362e-01
9.752869276753014516e-01
9.735948614620787422e-01
9.762888089857622020e-01
9.773686143981477059e-01
9.757544722868497500e-01
9.781812514610769282e-01
9.770569179904486923e-01
9.758212643742137926e-01
9.762220168983982704e-01
9.781701194465162175e-01
9.768008816555531215e-01
9.786487960726253377e-01
9.791942647860983895e-01
9.774354064855117485e-01
9.760995647382306739e-01
9.779029510970600469e-01
9.765114492769756405e-01
9.782591755630016817e-01
9.789159644220813972e-01
9.756988122140464181e-01
9.776246507330431657e-01
9.758991884761385460e-01
9.766450334517037257e-01
9.767006935245071686e-01
9.737507096659282491e-01
9.767006935245070576e-01
9.809085950284421873e-01
9.770457859758879815e-01
9.751978715588159874e-01
9.762442809275194699e-01
9.750308913404058808e-01
9.758323963887745034e-01
9.757210762431676176e-01
9.684630027496076154e-01
9.694871480891896764e-01
9.648450980173882696e-01
9.697765804677671575e-01
9.691309236232481528e-01
9.695650721911144299e-01
9.669156527256738132e-01
9.678062138905277889e-01
9.650232102503590870e-01
9.691754516814907738e-01
9.673720653226615118e-01
9.689194153465953141e-01
9.678841379924525423e-01
9.711903463169729855e-01
9.689305473611558028e-01
9.687190390845030752e-01
9.710790261713662108e-01
9.710344981131234787e-01
9.737952377241709812e-01
9.642996293039152178e-01
9.720252474090235184e-01
9.689305473611559139e-01
9.728601485010742733e-01
9.706894056617425548e-01
9.704667653705291164e-01
9.660028275316984159e-01
9.739399539134597772e-01
9.715020427246718882e-01
9.739844819717025093e-01
9.686077189388963005e-01
9.729158085738777162e-01
9.645222695951286562e-01
9.709899700548809687e-01
9.709454419966381256e-01
9.738842938406564453e-01
9.695650721911144299e-01
9.745967427725394927e-01
9.730716567777271120e-01
9.714575146664291561e-01
9.709009139383955045e-01
9.728156204428315412e-01
9.709009139383953935e-01
9.724816600060112171e-01
9.770012579176453604e-01
9.746190068016609143e-01
9.719695873362201866e-01
9.728712805156348731e-01
9.743629704667653435e-01
9.741069341318697727e-01
9.738954258552169341e-01
9.749084391802385063e-01
9.746635348599036464e-01
9.739510859280204880e-01
9.718582671906135229e-01
9.722478877002370679e-01
9.769567298594026283e-01
9.760550366799878308e-01
9.725261880642539492e-01
9.740958021173091730e-01
9.747303269472676890e-01
9.742405183065979690e-01
9.743963665104473648e-01
9.742071222629158367e-01
9.715243067537931987e-01
9.733499571417439933e-01
9.751310794714519448e-01
9.741291981609911943e-01
9.742071222629158367e-01
9.741291981609911943e-01
9.732275049815765078e-01
9.732275049815765078e-01
9.754205118500295368e-01
9.743518384522047437e-01
9.749640992530418382e-01
9.762888089857620910e-01
9.725373200788146599e-01
9.730716567777271120e-01
9.762331489129587592e-01
9.766450334517037257e-01
9.757878683305317713e-01
9.751533435005732553e-01
9.746857988890249569e-01
9.744186305395687864e-01
9.747191949327069782e-01
9.749418352239205277e-01
9.737841057096102704e-01
9.752201355879374089e-01
9.746969309035855566e-01
9.753203237189834729e-01
9.785931359998217838e-01
9.755318319956360895e-01
9.763444690585655339e-01
9.760327726508666313e-01
9.767229575536284791e-01
9.723035477730405107e-01
9.713573265353830921e-01
9.755095679665148900e-01
9.769344658302812068e-01
9.765893733789003939e-01
9.772572942525408202e-01
9.762999410003229128e-01
9.764001291313689768e-01
9.779474791553028901e-01
9.739622179425809767e-01
9.744074985250080756e-01
9.727043002972247665e-01
9.762220168983980484e-01
9.759771125780631884e-01
9.727265643263460770e-01
9.751867395442552766e-01
9.762888089857620910e-01
9.741625942046732156e-01
9.766450334517037257e-01
9.735392013892754104e-01
9.770680500050094031e-01
9.768231456846745431e-01
9.764335251750508871e-01
9.742961783794013009e-01
9.771237100778128459e-01
9.762220168983981594e-01
9.765003172624149297e-01
9.739399539134596662e-01
9.773352183544656846e-01
9.770903140341308246e-01
9.787489842036714016e-01
9.778361590096960043e-01
9.779252151261813575e-01
9.773574823835868841e-01
9.661809397646691222e-01
9.692756398125368378e-01
9.697431844240852472e-01
9.685075308078503475e-01
9.683739466331221513e-01
9.695428081619930083e-01
9.668043325800670384e-01
9.688748872883525820e-01
9.688971513174740036e-01
9.700994088900267709e-01
9.657801872404848664e-01
9.699546927007380859e-01
9.683962106622435728e-01
9.687746991573065181e-01
9.701773329919516353e-01
9.688526232592311604e-01
9.700660128463448606e-01
9.697320524095245364e-01
9.709565740111988363e-01
9.713016664625797603e-01
9.687079070699423644e-01
9.728935445447562946e-01
9.731273168505304438e-01
9.713127984771403600e-01
9.722256236711157573e-01
9.696429962930391833e-01
9.719695873362202976e-01
9.701550689628302138e-01
9.722478877002371789e-01
9.705669535015750693e-01
9.730939208068484225e-01
9.725707161224966812e-01
9.749974952967237485e-01
9.736839175785642064e-01
9.739288218988990664e-01
9.744186305395687864e-01
9.742739143502799903e-01
9.716801549576427055e-01
9.731384488650911546e-01
9.739956139862632201e-01
9.718360031614922123e-01
9.720475114381449400e-01
9.711124222150482321e-01
9.741291981609911943e-01
9.712794024334583387e-01
9.710344981131235897e-01
9.721143035255089826e-01
9.712460063897763174e-01
9.738063697387316919e-01
9.722256236711157573e-01
9.706448776034999337e-01
9.712682704188976279e-01
9.758101323596530818e-01
9.735169373601540999e-01
9.768788057574779859e-01
9.735280693747148106e-01
9.753091917044227621e-01
9.714686466809898668e-01
9.741291981609911943e-01
9.743963665104473648e-01
9.772238982088589099e-01
9.741514621901125048e-01
9.740846701027483512e-01
9.740624060736271517e-01
9.738731618260956235e-01
9.750420233549665916e-01
9.757990003450924821e-01
9.754205118500295368e-01
9.759659805635025887e-01
9.749307032093598169e-01
9.747859870200710208e-01
9.762331489129587592e-01
9.750197593258451700e-01
9.733388251271832825e-01
9.738286337678530025e-01
9.742627823357192796e-01
9.755540960247575111e-01
9.762888089857620910e-01
9.759103204906992568e-01
9.744965546414934288e-01
9.781478554173949069e-01
9.743741024813260543e-01
9.746412708307822248e-01
9.761886208547161381e-01
9.769233338157206070e-01
9.770569179904488033e-01
9.770791820195700028e-01
9.763444690585655339e-01
9.754427758791508474e-01
9.748750431365562630e-01
9.760439046654273421e-01
9.741625942046732156e-01
9.753091917044227621e-01
9.760216406363059205e-01
9.743852344958867651e-01
9.754761719228329797e-01
9.767786176264319220e-01
9.766116374080217044e-01
9.781144593737128856e-01
9.748193830637530422e-01
9.768788057574779859e-01
9.746301388162216250e-01
9.749974952967238595e-01
9.761552248110340058e-01
9.759548485489418779e-01
9.745522147142967606e-01
9.774799345437543696e-01
9.741069341318697727e-01
9.770235219467667820e-01
9.765337133060969510e-01
9.771793701506161778e-01
9.773018223107835523e-01
9.781478554173949069e-01
9.756542841558036860e-01
9.777693669223319617e-01
9.775355946165578125e-01
9.773463503690261733e-01
9.783037036212444137e-01
9.769678618739634501e-01
9.756208881121216647e-01
9.771237100778127349e-01
9.773352183544655736e-01
9.759993766071846100e-01
9.777804989368925614e-01
9.778806870679386254e-01
9.791052086696130363e-01
9.767452215827497897e-01
9.779363471407419572e-01
9.726820362681034560e-01
9.669935768275983445e-01
9.692422437688548165e-01
9.694537520455076551e-01
9.686411149825783218e-01
9.685854549097749899e-01
9.671048969732052303e-01
9.689973394485200675e-01
9.687413031136244967e-01
9.697320524095245364e-01
9.663924480413220719e-01
9.657133951531209348e-01
9.657579232113635559e-01
9.686522469971390326e-01
9.686745110262604541e-01
9.687969631864279396e-01
9.719807193507808973e-01
9.712237423606550069e-01
9.720252474090236294e-01
9.740624060736271517e-01
9.736171254912000528e-01
9.710567621422449003e-01
9.728378844719529628e-01
9.697209203949638257e-01
9.683850786476828620e-01
9.703554452249223417e-01
9.713016664625797603e-01
9.682626264875153765e-01
9.703777092540436522e-01
9.701884650065122351e-01
9.716690229430819947e-01
9.701884650065122351e-01
9.736839175785642064e-01
9.746078747871002035e-01
9.741069341318697727e-01
9.716133628702785519e-01
9.723035477730405107e-01
9.721031715109483828e-01
9.733054290835011502e-01
9.725929801516179918e-01
9.742850463648407011e-01
9.734946733310327893e-01
9.736282575057608746e-01
9.729269405884382049e-01
9.705335574578931590e-01
9.708675178947134832e-01
9.739399539134596662e-01
9.720363794235843402e-01
9.750642873840879021e-01
9.749418352239205277e-01
9.741959902483552369e-01
9.749974952967238595e-01
9.740846701027484622e-01
9.751533435005733663e-01
9.724259999332079962e-01
9.724259999332078852e-01
9.729380726029989157e-01
9.752535316316194303e-01
9.733944851999866144e-01
9.743295744230834332e-01
9.744186305395687864e-01
9.740401420445057301e-01
9.757433402722890392e-01
9.743963665104473648e-01
9.744186305395687864e-01
9.722701517293584894e-01
9.757544722868497500e-01
9.762888089857620910e-01
9.751533435005732553e-01
9.753648517772262050e-01
9.763667330876868444e-01
9.765559773352183726e-01
9.757099442286070179e-01
9.769122018011598962e-01
9.738508977969743130e-01
9.763222050294442234e-01
9.753982478209081153e-01
9.749529672384811274e-01
9.765893733789003939e-01
9.749640992530418382e-01
9.769455978448419176e-01
9.777582349077712509e-01
9.750976834277699234e-01
9.766005053934609936e-01
9.753648517772259829e-01
9.759437165343811671e-01
9.745076866560541395e-01
9.759771125780631884e-01
9.765671093497789723e-01
9.750420233549665916e-01
9.748750431365563740e-01
9.758991884761385460e-01
9.747191949327069782e-01
9.750420233549664806e-01
9.774354064855117485e-01
9.774242744709510378e-01
9.752869276753013406e-01
9.776803108058464975e-01
9.768788057574779859e-01
9.748973071656777956e-01
9.785708719707004732e-01
9.763333370440048231e-01
9.775244626019971017e-01
9.771459741069341565e-01
9.772684262671016420e-01
9.766116374080217044e-01
9.758546604178958139e-01
9.775578586456791230e-01
9.763333370440048231e-01
9.768120136701138323e-01
9.747303269472675780e-01
9.767897496409925218e-01
9.766895615099464578e-01
9.755151339737951899e-01
9.743963665104473648e-01
9.760327726508666313e-01
9.750754193986485019e-01
9.748193830637530422e-01
9.766005053934609936e-01
9.780142712426668217e-01
9.771793701506161778e-01
9.777582349077713619e-01
9.766227694225824152e-01
9.769233338157206070e-01
9.793167169462657640e-01
9.765225812915363512e-01
9.799957698344669010e-01
9.767897496409925218e-01
9.586890939653348598e-01
9.566964633589740696e-01
9.626632231634958403e-01
9.564404270240786099e-01
9.619173781879306606e-01
9.608932328483485996e-01
9.616168137947924688e-01
9.586779619507742600e-01
9.589785263439125629e-01
9.543476082866716448e-01
9.681290423127874023e-01
9.635537843283499271e-01
9.643107613184758176e-01
9.495163139673387098e-01
9.595128630428247929e-01
9.612605893288508341e-01
9.597243713194777426e-01
9.649564181629950443e-01
9.606928565862563607e-01
9.627077512217385724e-01
9.632754839643330458e-01
9.622736026538722953e-01
9.584664536741214214e-01
9.664258440850039822e-01
9.596019191593102571e-01
9.640101969253376257e-01
9.578764569024056375e-01
9.629526555420734324e-01
9.620620943772194567e-01
9.642551012456723747e-01
9.594794669991427716e-01
9.650232102503588649e-01
9.694982801037503872e-01
9.576204205675101777e-01
9.602698400329507944e-01
9.667598045218244174e-01
9.671494250314479624e-01
9.655241509055894067e-01
9.649898142066769546e-01
9.618283220714451964e-01
9.671160289877659411e-01
9.674833854682682865e-01
9.672941412207365364e-01
9.630639756876802071e-01
9.590007903730338734e-01
9.649564181629949333e-01
9.622179425810689635e-01
9.635537843283498161e-01
9.683850786476828620e-01
9.639879328962162042e-01
9.636539724593959910e-01
9.641215170709442894e-01
9.658358473132883093e-01
9.665371642306108679e-01
9.636985005176387231e-01
9.697765804677673795e-01
9.649786821921163549e-01
9.656577350803174919e-01
9.668822566819916808e-01
9.618060580423239969e-01
9.726709042535427452e-01
9.664369760995646930e-01
9.625852990615711979e-01
9.595239950573855037e-01
9.654684908327859638e-01
9.625852990615711979e-01
9.646447217552960307e-01
9.679286660506951634e-01
9.636651044739567018e-01
9.669713127984771450e-01
9.624294508577218021e-01
9.672941412207366474e-01
9.670492369004017874e-01
9.639434048379735831e-01
9.641771771437477323e-01
9.642328372165510642e-01
9.644888735514466349e-01
9.656243390366354706e-01
9.631196357604835390e-01
9.648450980173881586e-01
9.667709365363850171e-01
9.679954581380593170e-01
9.661698077501085224e-01
9.685297948369715471e-01
9.638098206632453868e-01
9.668377286237490598e-01
9.644777415368859241e-01
9.595351270719462144e-01
9.680956462691053810e-01
9.651679264396477720e-01
9.694537520455076551e-01
9.694871480891896764e-01
9.538132715877593037e-01
9.661364117064265011e-01
9.705446894724537588e-01
9.688748872883525820e-01
9.639879328962162042e-01
9.699546927007380859e-01
9.676948937449210142e-01
9.649341541338736228e-01
9.692756398125368378e-01
9.639434048379735831e-01
9.696096002493571619e-01
9.694092239872649230e-01
9.618839821442486393e-01
9.652347185270118146e-01
9.675724415847536397e-01
9.693758279435829017e-01
9.667041444490209745e-01
9.648339660028275588e-01
9.551268493059188458e-01
9.614498335763822512e-01
9.669379167547951237e-01
9.595685231156283468e-01
9.720252474090236294e-01
9.627634112945419043e-01
9.676614977012389929e-01
9.672384811479333155e-01
9.683405505894401299e-01
9.612383252997294125e-01
9.703331811958010311e-01
9.609043648629091994e-01
9.588115461255022343e-01
9.656577350803176030e-01
9.684296067059257052e-01
9.680065901526200278e-01
9.613607774598968980e-01
9.680177221671806276e-01
9.601028598145405768e-01
9.587113579944561703e-01
9.561621266600617286e-01
9.574979684073426922e-01
9.604702162950429223e-01
9.587892820963809237e-01
9.556500539902705871e-01
9.606483285280137396e-01
9.577985328004808840e-01
9.614387015618216514e-01
9.608932328483485996e-01
9.626520911489352406e-01
9.629415235275127216e-01
9.596353152029922784e-01
9.605481403969676757e-01
9.616613418530352009e-01
9.644443454932039028e-01
9.626520911489351295e-01
9.620620943772194567e-01
9.655686789638320278e-01
9.682069664147121557e-01
9.587447540381381916e-01
9.595239950573856147e-01
9.622179425810688524e-01
9.527445981899343996e-01
9.606483285280137396e-01
9.602253119747080623e-01
9.596575792321135889e-01
9.638320846923668084e-01
9.664703721432468253e-01
9.607707806881811141e-01
9.638766127506095405e-01
9.666262203470962211e-01
9.640547249835802468e-01
9.627077512217386834e-01
9.652347185270119256e-01
9.667152764635817963e-01
9.612717213434115449e-01
9.645667976533712773e-01
9.646335897407354310e-01
9.670492369004018984e-01
9.643664213912791494e-01
9.599581436252518918e-01
9.640213289398982255e-01
9.664035800558827827e-01
9.629303915129521219e-01
9.657356591822422454e-01
9.640547249835803578e-01
9.672162171188120050e-01
9.651456624105263504e-01
9.642662332602331965e-01
9.634090681390611310e-01
9.678396099342099212e-01
9.653683027017398999e-01
9.646669857844173412e-01
9.656799991094388025e-01
9.660362235753804372e-01
9.612605893288508341e-01
9.666818804198996640e-01
9.631418997896048495e-01
9.624851109305251340e-01
9.583328694993933361e-01
9.663479199830793398e-01
9.657579232113635559e-01
9.662922599102758969e-01
9.644332134786433031e-01
9.680065901526199168e-01
9.659694314880163946e-01
9.678730059778917205e-01
9.666039563179749106e-01
9.675279135265109076e-01
9.647671739154635162e-01
9.646669857844173412e-01
9.670492369004017874e-01
9.649564181629949333e-01
9.654128307599826320e-01
9.628635994255880792e-01
9.672607451770547371e-01
9.653794347163006107e-01
9.684518707350469047e-01
9.665260322160501572e-01
9.667041444490209745e-01
9.669713127984771450e-01
9.682848905166367981e-01
9.671716890605692729e-01
9.653349066580579896e-01
9.688860193029132928e-01
9.660362235753804372e-01
9.667486725072635956e-01
9.645890616824926989e-01
9.720809074818270723e-01
9.679064020215737418e-01
9.665594282597320674e-01
9.659471674588950840e-01
9.610490810521979954e-01
9.668265966091883490e-01
9.642439692311116639e-01
9.644554775077646136e-01
9.633311440371363776e-01
9.651011343522837294e-01
9.629749195711949650e-01
9.656688670948782027e-01
9.659582994734556838e-01
9.661698077501085224e-01
9.692422437688548165e-01
9.643552893767185497e-01
9.640547249835802468e-01
9.680288541817412273e-01
9.626632231634959513e-01
9.660807516336231693e-01
9.677060257594816139e-01
9.637541605904420550e-01
9.659916955171377051e-01
9.684184746913649944e-01
9.628524674110273684e-01
9.668599926528704813e-01
9.680733822399839594e-01
9.712905344480191605e-01
9.662032037937906548e-01
9.655686789638320278e-01
9.631085037459229392e-01
9.710901581859269216e-01
9.641215170709442894e-01
9.634090681390610200e-01
9.659137714152130627e-01
9.658135832841668877e-01
9.684741347641683262e-01
9.689305473611560249e-01
9.638209526778060976e-01
9.621956785519476529e-01
9.627188832362992832e-01
9.566741993298527591e-01
9.582549453974685827e-01
9.581992853246652508e-01
9.617949260277631751e-01
9.666150883325355103e-01
9.593458828244146863e-01
9.616836058821565114e-01
9.613607774598968980e-01
9.582994734557113148e-01
9.611270051541227488e-01
9.622958666829937169e-01
9.625073749596464445e-01
9.594683349845821718e-01
9.633311440371363776e-01
9.637430285758813442e-01
9.676503656866783931e-01
9.616836058821565114e-01
9.683962106622434618e-01
9.609711569502732420e-01
9.634424641827431524e-01
9.649675501775555331e-01
9.607596486736205144e-01
9.622847346684328951e-01
9.640324609544589363e-01
9.643664213912791494e-01
9.634424641827431524e-01
9.646892498135387628e-01
9.616836058821565114e-01
9.665705602742927782e-01
9.670603689149624982e-01
9.655018868764679851e-01
9.656243390366354706e-01
9.671382930168872516e-01
9.649452861484342225e-01
9.618728501296878175e-01
9.649786821921163549e-01
9.636205764157139697e-01
9.638654807360488297e-01
9.636317084302745695e-01
9.604256882368001902e-01
9.663813160267613611e-01
9.673164052498580689e-01
9.661252796918659014e-01
9.621288864645834993e-01
9.624962429450857337e-01
9.658581113424096198e-01
9.679954581380593170e-01
9.660918836481837690e-01
9.627745433091026150e-01
9.658024512696062880e-01
9.663367879685186290e-01
9.712571384043370282e-01
9.656354710511960704e-01
9.630417116585587856e-01
9.645556656388105665e-01
9.687746991573065181e-01
9.694871480891896764e-01
9.646224577261746091e-01
9.622068105665082527e-01
9.715465707829146202e-01
9.675056494973894861e-01
9.645667976533713883e-01
9.670826329440839197e-01
9.657022631385601130e-01
9.643441573621578389e-01
9.704333693268469840e-01
9.700214847881021285e-01
9.679286660506951634e-01
9.650343422649196867e-01
9.677839498614064784e-01
9.671160289877659411e-01
9.666150883325355103e-01
9.633868041099397095e-01
9.662143358083511435e-01
9.649675501775556441e-01
9.695205441328718088e-01
9.672718771916154479e-01
9.655018868764679851e-01
9.641994411728690428e-01
9.674833854682682865e-01
9.692533757834154162e-01
9.624294508577218021e-01
9.677505538177243460e-01
9.657022631385602240e-01
9.690418675067626886e-01
9.709009139383953935e-01
9.659582994734556838e-01
9.662699958811546974e-01
9.664926361723680248e-01
9.693758279435830127e-01
9.680845142545446702e-01
9.671939530896905834e-01
9.672607451770547371e-01
9.632866159788937566e-01
9.690975275795661315e-01
9.660473555899411480e-01
9.632754839643330458e-01
9.669045207111131024e-01
9.661698077501085224e-01
9.663256559539580293e-01
9.660918836481837690e-01
9.632977479934543563e-01
9.659137714152129517e-01
9.726263761953000131e-01
9.663813160267613611e-01
9.689973394485199565e-01
9.670047088421591663e-01
9.665816922888534890e-01
9.666707484053388422e-01
9.654907548619073854e-01
9.688414912446705607e-01
9.650900023377230186e-01
9.628190713673452361e-01
9.673498012935400903e-01
9.650677383086017080e-01
9.692867718270975486e-01
9.647337778717814949e-01
9.649341541338736228e-01
9.640435929690196470e-01
9.667598045218244174e-01
9.657022631385602240e-01
9.684407387204863049e-01
9.670158408567198771e-01
9.650566062940408862e-01
9.686188509534570112e-01
8.885685342476427051e-01
9.669490487693558345e-01
8.002582627378076463e-01
9.747191949327069782e-01
9.742627823357193906e-01
9.776135187184825659e-01
9.728211864501118411e-01
9.745188186706147393e-01
7.620420567510102217e-01
9.732720330398192399e-01
9.513976244280927252e-01
9.754205118500294258e-01
9.773908784272690164e-01
9.738620298115350238e-01
9.737507096659282491e-01
9.633868041099397095e-01
8.842047845398580685e-01
7.510436263650632771e-01
9.734724093019112567e-01
9.743629704667653435e-01
9.745522147142968716e-01
9.787601162182320014e-01
9.769678618739633391e-01
9.735058053455933891e-01
9.737618416804889598e-01
9.552381694515256205e-01
9.745633467288573604e-01
9.791831327715376787e-01
9.353897874898420284e-01
9.608041767318631354e-01
9.728490164865135625e-01
9.746190068016609143e-01
9.750976834277700345e-01
9.766895615099464578e-01
9.720697754672663615e-01
7.599603700281639673e-01
9.767229575536285902e-01
9.782369115338802601e-01
9.750197593258451700e-01
9.744074985250079646e-01
9.747637229909497103e-01
9.714575146664291561e-01
9.757656043014104608e-01
9.744631585978115185e-01
9.703109171666797206e-01
9.756320201266822645e-01
9.783037036212443027e-01
7.653593970900913757e-01
9.751867395442552766e-01
9.740624060736271517e-01
9.746635348599036464e-01
9.768120136701138323e-01
9.714129866081864240e-01
9.787712482327927122e-01
9.769122018011600073e-01
9.772016341797374883e-01
9.770569179904486923e-01
9.751978715588160984e-01
9.474346272444924555e-01
9.723592078458438426e-01
9.732720330398192399e-01
9.740735380881877514e-01
9.734946733310326783e-01
9.783593636940477456e-01
9.743295744230832112e-01
9.742850463648405901e-01
9.784706838396544093e-01
9.760105086217452097e-01
9.784038917522904777e-01
9.786376640580646269e-01
9.749195711947991061e-01
9.760884327236700742e-01
9.752423996170587195e-01
9.784929478687758309e-01
9.765671093497789723e-01
9.767674856118712112e-01
9.742850463648405901e-01
9.773129543253442630e-01
9.776246507330432767e-01
9.729603366321203373e-01
9.747414589618283998e-01
9.756431521412429753e-01
9.759437165343811671e-01
9.769122018011598962e-01
9.780587993009095538e-01
9.763556010731261336e-01
9.757099442286070179e-01
9.758101323596530818e-01
9.759993766071844989e-01
9.777804989368926725e-01
9.691420556378088635e-01
9.753759837917868047e-01
9.721588315837517147e-01
9.759993766071846100e-01
9.765782413643397941e-01
9.748973071656779066e-01
9.768342776992352539e-01
9.738508977969742020e-01
9.772795582816622417e-01
9.760327726508666313e-01
9.740846701027484622e-01
9.760550366799880528e-01
9.793167169462658750e-01
9.771237100778127349e-01
9.767340895681890789e-01
9.742850463648404791e-01
9.778250269951354046e-01
9.759437165343812781e-01
9.776357827476038764e-01
9.752535316316193192e-01
9.781812514610769282e-01
9.731273168505304438e-01
9.753203237189834729e-01
9.750642873840879021e-01
9.748973071656777956e-01
9.766450334517037257e-01
9.766339014371431260e-01
9.777582349077712509e-01
9.694203560018256338e-01
9.756765481849251076e-01
9.738508977969743130e-01
9.767452215827499007e-01
9.746857988890249569e-01
9.764335251750509981e-01
9.742516503211585688e-01
9.794614331355544490e-01
9.777471028932105401e-01
9.770346539613273817e-01
9.765893733789002829e-01
9.770346539613273817e-01
9.780031392281061109e-01
9.127806659171111558e-01
9.725707161224966812e-01
9.623626587703575375e-01
9.114670881989512807e-01
9.468446304727766716e-01
9.776357827476037654e-01
9.773908784272690164e-01
9.758546604178959250e-01
9.775689906602398338e-01
9.753203237189834729e-01
9.779140831116207577e-01
9.748527791074350635e-01
9.771571061214947562e-01
9.509189478019836050e-01
9.752869276753014516e-01
7.258741414433770300e-01
9.614832296200643835e-01
7.619641326490855793e-01
9.753537197626654942e-01
9.780699313154701535e-01
9.570304237957942828e-01
9.778138949805746938e-01
9.746190068016609143e-01
7.730571851587981769e-01
9.797508655141320411e-01
9.752535316316193192e-01
9.121350090725919291e-01
9.781589874319555067e-01
9.760884327236699631e-01
9.753314557335440727e-01
9.546815687234919690e-01
7.326758023399494446e-01
9.765225812915363512e-01
9.772572942525408202e-01
9.791163406841736361e-01
9.750197593258451700e-01
9.739288218988989554e-01
9.751756075296946769e-01
9.564404270240784989e-01
7.559973728445636976e-01
9.782146475047588385e-01
9.750754193986486129e-01
9.765114492769756405e-01
9.776246507330430546e-01
7.619418686199641577e-01
9.732163729670157970e-01
9.740735380881878624e-01
9.763444690585655339e-01
7.720497378410571265e-01
9.761663568255947165e-01
9.767340895681893009e-01
9.777916309514533832e-01
9.772127661942981991e-01
9.737173136222462277e-01
9.782146475047590606e-01
9.742961783794013009e-01
9.775912546893611443e-01
9.742071222629158367e-01
9.711680822878515640e-01
9.774242744709510378e-01
9.754873039373934684e-01
9.697153543876835258e-01
9.759325845198205673e-01
9.775355946165578125e-01
7.482160946666518431e-01
9.765559773352183726e-01
9.748861751511171958e-01
9.776246507330431657e-01
9.766116374080217044e-01
9.762331489129587592e-01
9.756654161703643968e-01
9.754650399082721579e-01
9.791386047132949466e-01
9.756208881121216647e-01
9.774242744709510378e-01
9.736282575057607636e-01
9.793278489608264747e-01
9.754539078937114471e-01
9.756765481849249966e-01
9.789159644220813972e-01
9.766784294953857470e-01
9.741403301755517941e-01
9.766227694225824152e-01
9.791608687424162571e-01
9.772684262671015309e-01
9.773686143981477059e-01
7.598490498825571926e-01
9.775355946165578125e-01
9.776803108058464975e-01
9.790272845676881719e-01
9.780254032572274214e-01
9.763333370440048231e-01
9.765893733789003939e-01
9.779307811334616574e-01
9.754205118500294258e-01
9.767118255390678794e-01
9.746078747871002035e-01
9.766005053934609936e-01
9.753314557335441837e-01
9.766227694225824152e-01
9.782035154901982388e-01
9.747414589618282887e-01
9.764112611459295765e-01
9.781812514610768172e-01
9.758323963887745034e-01
9.761106967527913847e-01
9.780365352717881322e-01
4.984025559105431102e-01
9.784261557814117882e-01
9.783370996649263240e-01
9.782146475047588385e-01
9.739956139862631090e-01
9.770569179904486923e-01
9.756765481849249966e-01
9.765337133060969510e-01
9.776023867039216331e-01
9.779252151261813575e-01
9.752535316316193192e-01
9.735392013892754104e-01
7.346461689171889242e-01
9.750865514132092127e-01
9.802629381839231826e-01
9.752423996170587195e-01
9.771014460486914244e-01
9.779808751989846893e-01
9.777248388640891186e-01
9.770680500050094031e-01
9.759103204906991458e-01
9.738842938406563343e-01
9.730605247631664012e-01
9.773964444345493163e-01
9.773018223107836633e-01
9.755652280393183329e-01
9.769567298594027394e-01
7.583796239605481437e-01
9.751644755151340771e-01
9.774131424563904380e-01
9.744186305395687864e-01
9.751644755151339661e-01
9.736393895203214743e-01
9.765893733789003939e-01
9.776023867039218551e-01
9.783037036212443027e-01
7.657490175997149207e-01
9.734835413164719675e-01
9.747414589618281777e-01
9.752201355879372979e-01
9.750308913404058808e-01
9.382173191882534624e-01
9.735725974329574317e-01
9.771459741069341565e-01
9.729492046175596265e-01
9.788603043492780653e-01
9.758546604178959250e-01
9.764446571896114868e-01
9.720809074818269613e-01
9.766617314735448474e-01
9.754761719228328687e-01
9.760216406363060315e-01
7.730516191515178770e-01
9.771682381360554670e-01
9.780031392281061109e-01
9.742071222629159477e-01
9.704222373122863843e-01
9.739622179425810877e-01
9.769455978448419176e-01
9.752090035733766982e-01
9.729158085738774941e-01
9.086618205296612683e-01
9.762999410003229128e-01
9.737173136222462277e-01
9.736505215348820741e-01
9.736505215348821851e-01
9.757544722868496390e-01
9.751422114860126555e-01
9.745355166924557500e-01
9.786710601017466482e-01
9.782146475047588385e-01
9.776469147621644762e-01
9.757099442286070179e-01
7.667397668956150714e-01
9.768120136701138323e-01
9.739065578697776449e-01
9.762554129420801807e-01
9.740290100299451304e-01
9.765559773352183726e-01
9.741514621901126159e-01
9.754650399082721579e-01
9.763222050294441123e-01
9.779586111698633788e-01
9.769344658302814288e-01
9.758991884761385460e-01
9.772684262671016420e-01
9.777693669223319617e-01
9.788825683783994869e-01
9.764891852478543299e-01
9.674277253954648437e-01
9.770346539613273817e-01
9.752757956607407408e-01
9.762331489129587592e-01
9.743629704667653435e-01
9.747637229909497103e-01
9.716467589139606842e-01
9.729603366321203373e-01
9.782035154901982388e-01
9.730271287194842689e-01
9.767118255390677684e-01
9.756876801994855963e-01
9.792833209025837427e-01
9.761886208547161381e-01
9.781033273591521748e-01
9.779697431844240896e-01
9.791720007569769679e-01
9.746078747871003145e-01
9.786154000289432053e-01
9.753091917044227621e-01
9.773797464127083057e-01
9.772572942525408202e-01
9.761440927964732950e-01
9.787267201745499801e-01
9.733944851999867254e-01
9.768008816555531215e-01
9.712682704188976279e-01
9.791497367278556574e-01
9.784484198105330988e-01
9.774799345437543696e-01
9.791497367278556574e-01
9.756765481849249966e-01
9.771571061214947562e-01
9.774242744709510378e-01
9.753091917044228731e-01
9.757210762431677287e-01
9.777248388640891186e-01
9.764223931604902873e-01
6.792755284923912562e-01
9.772238982088589099e-01
9.775355946165578125e-01
9.755652280393182219e-01
9.816878360476896104e-01
9.765671093497790833e-01
7.590698088633099916e-01
9.758101323596530818e-01
9.782591755630016817e-01
9.750642873840879021e-01
9.741291981609911943e-01
9.777804989368926725e-01
9.790272845676881719e-01
9.733722211708653038e-01
9.768788057574779859e-01
9.743629704667654545e-01
9.770346539613273817e-01
9.770012579176453604e-01
7.450212064877381746e-01
9.722367556856764681e-01
9.727376963409068988e-01
9.744965546414935398e-01
9.735169373601539888e-01
9.692645077979763490e-01
9.744186305395686754e-01
9.710678941568056111e-01
9.737173136222462277e-01
9.756876801994857074e-01
9.718026071178100800e-01
9.731384488650910436e-01
9.706894056617426658e-01
9.736393895203215854e-01
9.736727855640034957e-01
9.723035477730405107e-01
9.731050528214090223e-01
9.725039240351325276e-01
9.731384488650910436e-01
9.726375082098607239e-01
9.702552570938763887e-01
9.751867395442553876e-01
9.736839175785642064e-01
9.711569502732909642e-01
9.764112611459295765e-01
9.731829769233337757e-01
9.737173136222461167e-01
9.742627823357192796e-01
9.517204528503523386e-01
9.705112934287718485e-01
9.725484520933753707e-01
9.726263761953000131e-01
9.751310794714520558e-01
9.739510859280204880e-01
9.731829769233337757e-01
9.750531553695271914e-01
9.732831650543798396e-01
9.728378844719528518e-01
9.730716567777270010e-01
9.739399539134596662e-01
9.740067460008238198e-01
9.746301388162216250e-01
9.751310794714519448e-01
9.744854226269328290e-01
9.763667330876868444e-01
9.759882445926238992e-01
9.750976834277699234e-01
9.748527791074350635e-01
9.744297625541293861e-01
9.742961783794013009e-01
9.774465385000723483e-01
9.735169373601539888e-01
9.765337133060969510e-01
9.768788057574779859e-01
9.724259999332078852e-01
9.759214525052598566e-01
9.734278812436687467e-01
9.793167169462657640e-01
9.760327726508666313e-01
9.753648517772260940e-01
9.762108848838373376e-01
9.757210762431676176e-01
9.763110730148835126e-01
9.752312676024980087e-01
9.760773007091093634e-01
9.796618093976467989e-01
9.760439046654273421e-01
9.746412708307823358e-01
9.733499571417439933e-01
9.740902361100288731e-01
9.751310794714519448e-01
9.757544722868497500e-01
9.734501452727900572e-01
9.781144593737127746e-01
9.790940766550523255e-01
9.726486402244214347e-01
9.768120136701138323e-01
9.735948614620787422e-01
9.772127661942981991e-01
9.757656043014103497e-01
9.765225812915363512e-01
9.778695550533780256e-01
9.774020104418297272e-01
9.761218287673519844e-01
9.770680500050094031e-01
9.781255913882735964e-01
9.769122018011600073e-01
9.742850463648405901e-01
9.772684262671015309e-01
9.755540960247576221e-01
9.775244626019971017e-01
9.732275049815765078e-01
9.783482316794870348e-01
9.741180661464304835e-01
9.771014460486914244e-01
9.724705279914506173e-01
9.769010697865991855e-01
9.744742906123721182e-01
9.768008816555533436e-01
9.780810633300308643e-01
9.768342776992351428e-01
9.761774888401553163e-01
9.779586111698633788e-01
9.751199474568913450e-01
9.781144593737128856e-01
9.758546604178958139e-01
9.758323963887745034e-01
9.762220168983980484e-01
9.760327726508666313e-01
9.754539078937114471e-01
9.741403301755517941e-01
9.775355946165578125e-01
9.761552248110341168e-01
9.779029510970600469e-01
9.778584230388173149e-01
9.750976834277698124e-01
9.762220168983980484e-01
9.777471028932106512e-01
9.728156204428315412e-01
9.754761719228328687e-01
9.783593636940477456e-01
9.767897496409925218e-01
9.785152118978971414e-01
9.785374759270184519e-01
9.757990003450924821e-01
9.753871158063475155e-01
9.746190068016609143e-01
9.740735380881878624e-01
9.759882445926238992e-01
9.711235542296089429e-01
9.752201355879372979e-01
9.719473233070989870e-01
9.707673297636671972e-01
9.741069341318697727e-01
9.721143035255090936e-01
9.737618416804889598e-01
9.716578909285212839e-01
9.711680822878515640e-01
9.735392013892754104e-01
9.762665449566407805e-01
9.727265643263461881e-01
9.731161848359697331e-01
8.759893577940801590e-01
9.720363794235844512e-01
9.733833531854259036e-01
9.709343099820775258e-01
9.741403301755517941e-01
9.758212643742136816e-01
9.762442809275194699e-01
9.716244948848392626e-01
9.724148679186472854e-01
9.752646636461801410e-01
9.716690229430819947e-01
9.729046765593170054e-01
9.771014460486915354e-01
7.530807850296667993e-01
9.753648517772260940e-01
9.735280693747146996e-01
9.758991884761385460e-01
9.731050528214091333e-01
9.743518384522047437e-01
9.720586434527056507e-01
9.751422114860126555e-01
9.717246830158853266e-01
9.724371319477685960e-01
9.729046765593170054e-01
9.721922276274337360e-01
9.736393895203214743e-01
9.766784294953857470e-01
9.716690229430819947e-01
9.765114492769757515e-01
9.712460063897763174e-01
9.743852344958867651e-01
9.755429640101969113e-01
9.758101323596530818e-01
9.744074985250080756e-01
9.765225812915362402e-01
9.739622179425810877e-01
9.742850463648405901e-01
9.719027952488561439e-01
9.746078747871002035e-01
9.755763600538789326e-01
9.746857988890249569e-01
9.725595841079359705e-01
9.748527791074350635e-01
9.717580790595674589e-01
9.748416470928744637e-01
9.769455978448420286e-01
9.740401420445058411e-01
9.721922276274337360e-01
9.753091917044227621e-01
9.740624060736271517e-01
9.773352183544656846e-01
9.727488283554674986e-01
9.762331489129587592e-01
9.754427758791509584e-01
9.754093798354688261e-01
9.723480758312832428e-01
9.767006935245071686e-01
9.787378521891106908e-01
9.781367234028341962e-01
9.757544722868497500e-01
9.745522147142968716e-01
9.759771125780631884e-01
9.722144916565550465e-01
9.786154000289432053e-01
9.774799345437543696e-01
9.745299506851754501e-01
9.771571061214947562e-01
9.758101323596531929e-01
9.771571061214947562e-01
9.789048324075209084e-01
9.789270964366419969e-01
9.748750431365563740e-01
9.762999410003228018e-01
9.740401420445058411e-01
9.767786176264318110e-01
9.751310794714520558e-01
9.762220168983981594e-01
9.766116374080217044e-01
9.793167169462657640e-01
9.738063697387316919e-01
9.767229575536284791e-01
9.760327726508666313e-01
9.730939208068484225e-01
9.782369115338803711e-01
9.759103204906991458e-01
9.795393572374793134e-01
9.785597399561397625e-01
9.778584230388174259e-01
9.780476672863488430e-01
9.764891852478542189e-01
9.767340895681890789e-01
9.771459741069341565e-01
9.756097560975610650e-01
9.760773007091092524e-01
9.762888089857622020e-01
9.768120136701138323e-01
9.750531553695271914e-01
9.776580467767251870e-01
9.724705279914506173e-01
9.788825683783993759e-01
9.776469147621645872e-01
9.793278489608264747e-01
9.763333370440048231e-01
9.772350302234196207e-01
9.786710601017465372e-01
9.757433402722890392e-01
9.764446571896115978e-01
9.780142712426668217e-01
9.795393572374793134e-01
9.783927597377297669e-01
9.772684262671016420e-01
9.770012579176453604e-01
9.765448453206576618e-01
9.753871158063475155e-01
9.791720007569768569e-01
9.732720330398192399e-01
9.752201355879372979e-01
9.731495808796518654e-01
9.720252474090236294e-01
9.725595841079359705e-01
9.745299506851754501e-01
9.757210762431677287e-01
9.730271287194842689e-01
9.719807193507810084e-01
9.751533435005732553e-01
9.725818481370572810e-01
9.754984359519542902e-01
9.737173136222462277e-01
9.734501452727900572e-01
9.739176898843384667e-01
9.743852344958867651e-01
9.735280693747148106e-01
9.721588315837517147e-01
9.709120459529561042e-01
9.746190068016609143e-01
9.733276931126225717e-01
9.747414589618282887e-01
9.738508977969744240e-01
9.738842938406563343e-01
9.709120459529561042e-01
9.724037359040865747e-01
9.727265643263461881e-01
9.759103204906991458e-01
9.750754193986485019e-01
9.726152441807394133e-01
9.718582671906135229e-01
9.690196034776412670e-01
9.758657924324565247e-01
9.727488283554674986e-01
9.738842938406563343e-01
9.766784294953857470e-01
9.745410826997362719e-01
9.779697431844240896e-01
9.714241186227471347e-01
9.710011020694414574e-01
9.759437165343812781e-01
9.755652280393183329e-01
9.753648517772262050e-01
9.720809074818268503e-01
9.743407064376440330e-01
9.754539078937115582e-01
9.750308913404058808e-01
9.757878683305318823e-01
9.737729736950495596e-01
9.741403301755519051e-01
9.734835413164720785e-01
9.725707161224966812e-01
9.734946733310327893e-01
9.723369438167225320e-01
9.742182542774766585e-01
9.725039240351327496e-01
9.733833531854259036e-01
9.721922276274337360e-01
9.738286337678530025e-01
9.755206999810754898e-01
9.717358150304460374e-01
9.743295744230833222e-01
9.741737262192338154e-01
9.735837294475181425e-01
9.790161525531274611e-01
9.789716244948848400e-01
9.772350302234195096e-01
9.743295744230833222e-01
5.480736048802751226e-01
9.754761719228328687e-01
9.777471028932105401e-01
9.767006935245070576e-01
9.744742906123722292e-01
9.748861751511170848e-01
9.759548485489418779e-01
9.754093798354688261e-01
9.765782413643396831e-01
9.776580467767251870e-01
9.772572942525408202e-01
9.710901581859269216e-01
9.747414589618282887e-01
9.779586111698633788e-01
9.765893733789003939e-01
9.766005053934611047e-01
9.768342776992351428e-01
9.777916309514532722e-01
9.781478554173949069e-01
9.768120136701138323e-01
9.766450334517037257e-01
9.771793701506161778e-01
9.770680500050094031e-01
9.744631585978114074e-01
9.768342776992352539e-01
9.786821921163073590e-01
9.704222373122864953e-01
9.768788057574779859e-01
9.781812514610768172e-01
9.777248388640892296e-01
9.767229575536285902e-01
9.763667330876868444e-01
9.767674856118712112e-01
9.780254032572274214e-01
9.781255913882734854e-01
9.788491723347174656e-01
9.784038917522903667e-01
9.782369115338802601e-01
9.756654161703643968e-01
9.762108848838373376e-01
9.789270964366421079e-01
9.771682381360554670e-01
9.782146475047589496e-01
9.748416470928744637e-01
9.757878683305317713e-01
9.743629704667653435e-01
9.785820039852611840e-01
9.789270964366421079e-01
9.790161525531275721e-01
9.759103204906992568e-01
9.787489842036712906e-01
9.780587993009094427e-01
9.797508655141320411e-01
9.778138949805745828e-01
9.766561654662644365e-01
9.777804989368925614e-01
9.769455978448420286e-01
9.772238982088589099e-01
9.771793701506161778e-01
9.787601162182320014e-01
9.749752312676024379e-01
9.758323963887743924e-01
9.725595841079359705e-01
9.741514621901126159e-01
9.726263761952999021e-01
9.745800447506985931e-01
9.694871480891897875e-01
9.755652280393183329e-01
9.765448453206576618e-01
9.751867395442554987e-01
9.740067460008237088e-01
9.713684585499438029e-01
9.715799668265966416e-01
9.756876801994858184e-01
9.750642873840877911e-01
9.709009139383953935e-01
9.679731941089378955e-01
9.717358150304460374e-01
9.735169373601540999e-01
9.722812837439190892e-01
9.680399861963019381e-01
9.761886208547159161e-01
9.686299829680178330e-01
9.714797786955505776e-01
9.679954581380592060e-01
9.689862074339593567e-01
9.709120459529561042e-01
9.728490164865135625e-01
9.723480758312831318e-01
9.721143035255090936e-01
9.742405183065978580e-01
9.700994088900267709e-01
9.738731618260957346e-01
9.748305150783137529e-01
9.703665772394830524e-01
9.741625942046732156e-01
9.767340895681890789e-01
9.732163729670157970e-01
9.760550366799879418e-01
9.729937326758022476e-01
9.723369438167226431e-01
9.711124222150482321e-01
9.745967427725396037e-01
9.696986563658425151e-01
9.740290100299451304e-01
9.711458182587303645e-01
9.711458182587302534e-01
9.734946733310326783e-01
9.742627823357193906e-01
9.740512740590665519e-01
9.754539078937115582e-01
9.756765481849249966e-01
9.744854226269328290e-01
9.738954258552170451e-01
9.756988122140464181e-01
9.747525909763889995e-01
9.728378844719529628e-01
9.748305150783137529e-01
9.737284456368069385e-01
9.760327726508665203e-01
9.724927920205719278e-01
9.745188186706148503e-01
9.738731618260956235e-01
9.731607128942125762e-01
9.779140831116207577e-01
9.721810956128731362e-01
9.764001291313689768e-01
9.712905344480190495e-01
9.765893733789002829e-01
9.754873039373934684e-01
9.769344658302813178e-01
9.767897496409926328e-01
9.751199474568912340e-01
9.755763600538789326e-01
9.744186305395687864e-01
9.761440927964734060e-01
9.772127661942981991e-01
9.763556010731262447e-01
9.779586111698633788e-01
9.760661686945486526e-01
9.780365352717881322e-01
9.743629704667653435e-01
9.759548485489418779e-01
9.751422114860125445e-01
9.770235219467666710e-01
9.754761719228328687e-01
9.745188186706149613e-01
9.778027629660139830e-01
9.766227694225824152e-01
9.762442809275194699e-01
9.762442809275194699e-01
9.764112611459294655e-01
9.738286337678530025e-01
9.756876801994855963e-01
9.733722211708653038e-01
9.747414589618282887e-01
9.766227694225823042e-01
9.764891852478543299e-01
9.756320201266822645e-01
9.754205118500295368e-01
9.727822243991495199e-01
9.745410826997361609e-01
9.784261557814117882e-01
9.741737262192339264e-01
9.772016341797374883e-01
9.776914428204072083e-01
9.759214525052598566e-01
9.762554129420801807e-01
9.766784294953858581e-01
9.748082510491924424e-01
9.684630027496076154e-01
9.746412708307822248e-01
9.782925716066835919e-01
9.756598501630839859e-01
9.769122018011600073e-01
9.701773329919515243e-01
9.741291981609911943e-01
9.770123899322060712e-01
9.736393895203213633e-01
9.774131424563903270e-01
9.762999410003228018e-01
9.766227694225823042e-01
9.757099442286070179e-01
9.759882445926240102e-01
9.765003172624150407e-01
9.774465385000723483e-01
9.771571061214947562e-01
9.783370996649263240e-01
9.709677060257595471e-01
9.760661686945486526e-01
9.695984682347964512e-01
9.735948614620788533e-01
9.704111052977257845e-01
9.703554452249224527e-01
9.749974952967238595e-01
9.705558214870145806e-01
9.677171577740423247e-01
9.699546927007380859e-01
9.660362235753804372e-01
9.681290423127874023e-01
9.731829769233338867e-01
9.663701840122006503e-01
9.732275049815765078e-01
9.746190068016609143e-01
9.740178780153844196e-01
9.757099442286070179e-01
9.724037359040865747e-01
9.694314880163863446e-01
9.703554452249223417e-01
9.720029833799023189e-01
9.732497690106978183e-01
9.755652280393182219e-01
9.689528113902772244e-01
9.720475114381448289e-01
9.762776769712014913e-01
9.728490164865135625e-01
9.703443132103616309e-01
9.723592078458438426e-01
9.690418675067626886e-01
9.709231779675167040e-01
9.760661686945486526e-01
9.743629704667653435e-01
9.739956139862631090e-01
9.710790261713663218e-01
9.732609010252585291e-01
9.740067460008237088e-01
9.729603366321203373e-01
9.729380726029990267e-01
9.722256236711157573e-01
9.722256236711157573e-01
9.740067460008239308e-01
9.743295744230834332e-01
9.736616535494428959e-01
9.740290100299451304e-01
9.745299506851754501e-01
9.747971190346317316e-01
9.781589874319555067e-01
9.720920394963876721e-01
9.760327726508666313e-01
9.757210762431677287e-01
9.753425877481047834e-01
9.759325845198204563e-01
9.745076866560541395e-01
9.771348420923734457e-01
9.745188186706148503e-01
9.749195711947991061e-01
9.735169373601540999e-01
9.725818481370573920e-01
9.722367556856763571e-01
9.738620298115349128e-01
9.758991884761384350e-01
9.741737262192338154e-01
9.754316438645901366e-01
9.757099442286070179e-01
9.751310794714520558e-01
9.749084391802383953e-01
9.761663568255947165e-01
9.727488283554674986e-01
9.758880564615778352e-01
9.730716567777271120e-01
9.727488283554674986e-01
9.781367234028341962e-01
9.749418352239204166e-01
9.752312676024981197e-01
9.731607128942124652e-01
9.753759837917866937e-01
9.758435284033351031e-01
9.754761719228328687e-01
9.763889971168082660e-01
9.737284456368069385e-01
9.755429640101969113e-01
9.769678618739633391e-01
9.784150237668510774e-01
9.769789938885240499e-01
9.770346539613273817e-01
9.767340895681891899e-01
9.761552248110341168e-01
9.768676737429172752e-01
9.744631585978114074e-01
9.751756075296945658e-01
9.766339014371431260e-01
9.748416470928743527e-01
9.774576705146329481e-01
9.748527791074350635e-01
9.806191626498647063e-01
9.782703075775623924e-01
9.751756075296946769e-01
9.776246507330432767e-01
9.760216406363060315e-01
9.767452215827497897e-01
9.770235219467666710e-01
9.731941089378944865e-01
9.761552248110340058e-01
9.759214525052598566e-01
9.746078747871002035e-01
9.757990003450923711e-01
9.756431521412430863e-01
9.761218287673519844e-01
9.731607128942124652e-01
9.774242744709509267e-01
9.772350302234195096e-01
9.733388251271831715e-01
9.762554129420801807e-01
9.795950173102826453e-01
9.761218287673520955e-01
9.731161848359698441e-01
9.778027629660139830e-01
9.772350302234195096e-01
9.740178780153844196e-01
9.769901259030846497e-01
9.779140831116207577e-01
9.752201355879372979e-01
9.770903140341307136e-01
9.739065578697777559e-01
9.773463503690262844e-01
9.779140831116207577e-01
9.718582671906135229e-01
9.730048646903630694e-01
9.687746991573065181e-01
9.719695873362202976e-01
9.734167492291079249e-01
9.676614977012388819e-01
9.745967427725396037e-01
9.698767685988133325e-01
9.702608231011565776e-01
9.729603366321202262e-01
9.703331811958010311e-01
9.705892175306964909e-01
9.726486402244214347e-01
9.652124544978905041e-01
9.702997851521190098e-01
9.722812837439190892e-01
9.689194153465952031e-01
9.716356268993999734e-01
9.729269405884383159e-01
9.704778973850898272e-01
9.701995970210729459e-01
9.732275049815765078e-01
9.705446894724537588e-01
9.711569502732909642e-01
9.718137391323707908e-01
9.758991884761385460e-01
9.730493927486056904e-01
9.706226135743785122e-01
9.738397657824136022e-01
9.732052409524551972e-01
9.708675178947134832e-01
9.741959902483552369e-01
9.720697754672662505e-01
9.738286337678528914e-01
9.719584553216596978e-01
9.730493927486056904e-01
9.744854226269327180e-01
9.747525909763889995e-01
9.747859870200710208e-01
9.706448776034999337e-01
9.729714686466810480e-01
9.761329607819128062e-01
9.739399539134596662e-01
9.709565740111988363e-01
9.737618416804889598e-01
9.759993766071844989e-01
9.733610891563045930e-01
9.735948614620787422e-01
9.729269405884382049e-01
9.752423996170587195e-01
9.729492046175596265e-01
9.738286337678528914e-01
9.759659805635024776e-01
9.720809074818270723e-01
9.724705279914506173e-01
9.739733499571416875e-01
9.740846701027484622e-01
9.766116374080217044e-01
9.707673297636673082e-01
9.737841057096102704e-01
9.756097560975609539e-01
9.741291981609911943e-01
9.727154323117853663e-01
9.722590197147977786e-01
9.739622179425810877e-01
9.755874920684396434e-01
9.764223931604901763e-01
9.757099442286071289e-01
9.769344658302812068e-01
9.717469470450066371e-01
9.772572942525408202e-01
9.759548485489418779e-01
9.772461622379802204e-01
9.753314557335439616e-01
9.737507096659282491e-01
9.740512740590664409e-01
9.771905021651768886e-01
9.759659805635025887e-01
9.748416470928743527e-01
9.757210762431677287e-01
9.769455978448419176e-01
9.751867395442552766e-01
9.750754193986485019e-01
9.735280693747146996e-01
9.759882445926238992e-01
9.750531553695273024e-01
9.763333370440048231e-01
9.789382284512027077e-01
9.794280370918725387e-01
9.763889971168082660e-01
9.737618416804889598e-01
9.767563535973105004e-01
9.771793701506161778e-01
9.768120136701138323e-01
9.754316438645902476e-01
9.728378844719528518e-01
9.768454097137959646e-01
9.778584230388173149e-01
9.792053968006588782e-01
9.767006935245070576e-01
9.763222050294442234e-01
9.741180661464305945e-01
9.774131424563904380e-01
9.769567298594026283e-01
9.766450334517037257e-01
9.754539078937115582e-01
9.773797464127083057e-01
9.753203237189834729e-01
9.755206999810756008e-01
9.757210762431676176e-01
9.767674856118711002e-01
9.765003172624150407e-01
9.766227694225824152e-01
9.782257795193195493e-01
9.796952054413287092e-01
9.787823802473533119e-01
9.757656043014104608e-01
9.777916309514532722e-01
9.744186305395686754e-01
9.758657924324564137e-01
9.747748550055103101e-01
9.771014460486913134e-01
9.765782413643396831e-01
9.769010697865992965e-01
9.784818158542151201e-01
9.749307032093597059e-01
9.774354064855116375e-01
9.757990003450924821e-01
7.200632298427045441e-01
9.289443510592111375e-01
9.670492369004018984e-01
7.324475960414555953e-01
9.766672974808251473e-01
9.713127984771403600e-01
9.267068161325155984e-01
7.100778127817790608e-01
7.542273825294163458e-01
7.550066235486636579e-01
7.486947712927608523e-01
7.519787155881598739e-01
7.895381327158774720e-01
7.627656376974540908e-01
9.025392125212899908e-01
7.685654172835659770e-01
9.376273224165377895e-01
8.368380625841858045e-01
7.766027317963731802e-01
7.683650410214736270e-01
9.286660506951943672e-01
9.041422226180271249e-01
7.248833921474768793e-01
9.290556712048179122e-01
9.371263817613072478e-01
7.393772751054757952e-01
7.497745767051463561e-01
9.568189155191414441e-01
7.093987598935780348e-01
8.126147989001570870e-01
7.103338491166746316e-01
8.502187440861173062e-01
7.701461633511814675e-01
8.204628691654328732e-01
9.754316438645900256e-01
9.572530640870078322e-01
9.524774298404781181e-01
8.214090904030902918e-01
9.527779942336164209e-01
7.167792855473054114e-01
9.785931359998218948e-01
9.773463503690262844e-01
9.435272901336955176e-01
9.209070365464037122e-01
9.728712805156347621e-01
7.156549520766772865e-01
9.753537197626653832e-01
8.101212276385656441e-01
9.070031503601206913e-01
7.411806614643052793e-01
7.217775600850484530e-01
9.758657924324565247e-01
9.784818158542152311e-01
9.732386369961372186e-01
9.370484576593827164e-01
9.681067782836658697e-01
9.751199474568912340e-01
9.525998820006457146e-01
8.289454642606672863e-01
8.797185826719060575e-01
7.880520087720274125e-01
9.357237479266622415e-01
9.253598423706739240e-01
9.707228017054246871e-01
9.796284133539646666e-01
7.707639901592990839e-01
7.821464750475892735e-01
9.750308913404058808e-01
9.733944851999867254e-01
9.232670236332668479e-01
7.480546804555220364e-01
9.767452215827499007e-01
7.498858968507531308e-01
9.745299506851755611e-01
9.774465385000723483e-01
9.743295744230833222e-01
9.711792143024123858e-01
9.753982478209081153e-01
7.561198250047311831e-01
9.765559773352183726e-01
9.754205118500294258e-01
9.777137068495285188e-01
9.743184424085227224e-01
9.676726297157997037e-01
9.753537197626653832e-01
9.660584876045017477e-01
9.789048324075209084e-01
7.439970611481560026e-01
9.696541283075998940e-01
9.758435284033351031e-01
9.698656365842526217e-01
9.754316438645901366e-01
9.665149002014894464e-01
7.656488294686689677e-01
9.638654807360488297e-01
7.762465073304316565e-01
9.697209203949638257e-01
9.731161848359697331e-01
7.635059166657389707e-01
9.709677060257595471e-01
9.618060580423238859e-01
9.768008816555532325e-01
9.784372877959723880e-01
9.566408032861706268e-01
7.701072013002193684e-01
9.764669212187331304e-01
9.756097560975609539e-01
8.881900457525798709e-01
7.416259420467322672e-01
7.372955883826295409e-01
9.776023867039217441e-01
9.795170932083578919e-01
9.767786176264319220e-01
9.796395453685253774e-01
9.780142712426668217e-01
9.502510269283431787e-01
9.782480435484409709e-01
7.623426211441485245e-01
9.695984682347964512e-01
9.771682381360554670e-01
9.750531553695273024e-01
7.450323385022987743e-01
7.708029522102615161e-01
7.705357838608052345e-01
9.733054290835012612e-01
9.761663568255947165e-01
9.774354064855116375e-01
9.649675501775556441e-01
7.545279469225545377e-01
9.652569825561332362e-01
9.750809854059290238e-01
9.104652068884906413e-01
7.310727922432123105e-01
7.473923255891619100e-01
8.839932762632053409e-01
9.747859870200710208e-01
7.891707762353753486e-01
7.527356925782857644e-01
7.239483029243802825e-01
7.552960559272410279e-01
7.298482706415378996e-01
9.409001346973762114e-01
7.402010441829658394e-01
7.535038015829724767e-01
8.788391535216127926e-01
7.641126114592957652e-01
9.103204906992018453e-01
7.638454431098394837e-01
8.448308490387506087e-01
7.605169707561978409e-01
7.371063441350982348e-01
9.767006935245071686e-01
7.606171588872439049e-01
7.769812202914361254e-01
9.406329663479199299e-01
9.036746780064788265e-01
9.792833209025837427e-01
7.188721042847123766e-01
7.531308790951898313e-01
7.412585855662299217e-01
9.716356268993999734e-01
9.712237423606550069e-01
9.786710601017466482e-01
7.549286994467390155e-01
9.637652926050027657e-01
9.598245594505236955e-01
7.939018824236623306e-01
9.764446571896115978e-01
9.460765214680900703e-01
8.503300642317240809e-01
7.502087252730127442e-01
7.066380202825305323e-01
9.764891852478543299e-01
7.664058064587948582e-01
9.603255001057541262e-01
7.520677717046453381e-01
9.756097560975609539e-01
8.183143903552225762e-01
7.281562044283154123e-01
9.767563535973105004e-01
9.773574823835868841e-01
9.659026394006522409e-01
9.757544722868496390e-01
9.299573643842325987e-01
9.768008816555532325e-01
7.254622569046320635e-01
9.738954258552170451e-01
9.753871158063474045e-01
8.690763767519008587e-01
8.471797041110529225e-01
7.654818492502588612e-01
9.616390778239137793e-01
9.803965223586512678e-01
9.683739466331221513e-01
7.706359719918514095e-01
8.335541182887867828e-01
9.754761719228328687e-01
9.278200175885830125e-01
7.632888423818058321e-01
7.914361411984727201e-01
8.097761351871848312e-01
8.190268392871058456e-01
9.544811924613996190e-01
9.757544722868498610e-01
7.758457548062472897e-01
9.602141799601473515e-01
7.591699969943559445e-01
9.763889971168082660e-01
9.701550689628302138e-01
9.768676737429172752e-01
9.745410826997361609e-01
7.666729748082510287e-01
9.139717914751032124e-01
7.594037693001302047e-01
9.728712805156348731e-01
7.638899711680822158e-01
9.771237100778127349e-01
9.762442809275194699e-01
9.778250269951354046e-01
9.714241186227472458e-01
9.782369115338802601e-01
9.755874920684395324e-01
9.714575146664291561e-01
8.077055804788991766e-01
9.702775211229975882e-01
8.722935289599358377e-01
9.739733499571416875e-01
9.730716567777271120e-01
9.774131424563903270e-01
9.763667330876868444e-01
9.767006935245070576e-01
9.723035477730405107e-01
9.798065255869354839e-01
8.958933998285669720e-01
9.776691787912857867e-01
9.784038917522904777e-01
9.737952377241708701e-01
9.739622179425810877e-01
9.802740701984837823e-01
9.741625942046733266e-01
9.733610891563045930e-01
9.515868686756243644e-01
7.641738375393795080e-01
9.716912869722034163e-01
9.738063697387315809e-01
7.525130522870724370e-01
9.756876801994857074e-01
7.653705291046520864e-01
8.853625140541683258e-01
9.783370996649263240e-01
9.773129543253442630e-01
9.745188186706146283e-01
9.757099442286070179e-01
9.491823535305183857e-01
9.625741670470104872e-01
9.754427758791508474e-01
7.239705669535017041e-01
9.757990003450924821e-01
7.919315158464227400e-01
7.364606872905788970e-01
9.165210228094978762e-01
7.603054624795450023e-01
7.683761730360343378e-01
7.507875900301677063e-01
7.785397023299306385e-01
7.627990337411361121e-01
9.286660506951942562e-01
9.487036769044093765e-01
9.728378844719529628e-01
5.000000000000000000e-01
9.781589874319555067e-01
9.737061816076855170e-01
8.883904220146719988e-01
9.748973071656777956e-01
7.807995012857475992e-01
8.562077679197603874e-01
8.076499204060959558e-01
7.464572363660652021e-01
7.718827576226470200e-01
7.892542663445804019e-01
9.436386102793022923e-01
9.721254355400696934e-01
9.766672974808251473e-01
9.754539078937115582e-01
7.298482706415380106e-01
9.259164430987075756e-01
9.479578319288441968e-01
7.739199162872505422e-01
8.021395731985617727e-01
9.495274459818993096e-01
9.726597722389821454e-01
9.733499571417438823e-01
9.729046765593168944e-01
8.100210395075196912e-01
9.740290100299451304e-01
7.883247431287639939e-01
6.975431643864591358e-01
8.558070153955761317e-01
9.744965546414935398e-01
7.140964700381828845e-01
9.722367556856764681e-01
8.003584508688537102e-01
9.747414589618282887e-01
9.630862397168015177e-01
7.758791508499293110e-01
7.924435885162137705e-01
9.778695550533780256e-01
9.662922599102760080e-01
7.659159978181251383e-01
7.748327414812257175e-01
8.273090581202480198e-01
7.659493938618071596e-01
7.667397668956150714e-01
7.657156215560330104e-01
9.746969309035855566e-01
9.758212643742137926e-01
9.774242744709509267e-01
9.754873039373935795e-01
7.634224265565339174e-01
9.582215493537865614e-01
7.829702441250794287e-01
9.786599280871859374e-01
6.836448442074563037e-01
9.779808751989846893e-01
9.748305150783136419e-01
9.713239304917010708e-01
9.738286337678530025e-01
7.735302957776268862e-01
8.035756030768888003e-01
7.606171588872436828e-01
7.662499582549453514e-01
7.851075909207290149e-01
9.725039240351326386e-01
9.669824448130377448e-01
7.721610579866637902e-01
9.773240863399049738e-01
9.760773007091092524e-01
9.520098852289298197e-01
7.860983402166290546e-01
7.706805000500941416e-01
9.762554129420800697e-01
9.688748872883526930e-01
9.778138949805745828e-01
9.742850463648405901e-01
9.759214525052598566e-01
9.770569179904486923e-01
9.778695550533780256e-01
7.625986574790439843e-01
7.730850151951998983e-01
9.747971190346317316e-01
7.493237301154390684e-01
9.743963665104474758e-01
8.143068651133795743e-01
9.739510859280204880e-01
9.766227694225825262e-01
9.738397657824136022e-01
9.751533435005732553e-01
9.788825683783994869e-01
9.735948614620788533e-01
7.795304516258306782e-01
9.185693134886621092e-01
9.774799345437544806e-01
9.775467266311184122e-01
7.584798120915942077e-01
9.773240863399048628e-01
9.777025748349678080e-01
7.714708730839019424e-01
9.742739143502799903e-01
9.793946410481905174e-01
7.416259420467321561e-01
9.750308913404059918e-01
9.686077189388964115e-01
9.762442809275194699e-01
9.689528113902773354e-01
9.762888089857622020e-01
7.655542073449032037e-01
9.728712805156348731e-01
9.760216406363060315e-01
7.465017644243079342e-01
7.559639768008816763e-01
7.587135843973684679e-01
9.772016341797375993e-01
9.776135187184824549e-01
9.773018223107835523e-01
7.457893154924246648e-01
7.941746167803988010e-01
7.512328706125948052e-01
9.743852344958867651e-01
9.793501129899477853e-01
7.627545056828933800e-01
7.166011733143347051e-01
9.744742906123721182e-01
9.048991996081530154e-01
9.750086273112845703e-01
7.445759259053111867e-01
9.762442809275194699e-01
9.288330309136044738e-01
9.744854226269328290e-01
9.776246507330430546e-01
7.567988778929323201e-01
9.746524028453429356e-01
9.690975275795661315e-01
9.745577807215771715e-01
9.769233338157204960e-01
7.662165622112634411e-01
9.807638788391535023e-01
9.703777092540437632e-01
9.738286337678530025e-01
9.745410826997361609e-01
9.729158085738776052e-01
7.347018289899922561e-01
9.311150938985428560e-01
9.747971190346317316e-01
9.737618416804888488e-01
9.745410826997362719e-01
9.090403090247242135e-01
9.757544722868497500e-01
9.768231456846745431e-01
9.766227694225824152e-01
9.769122018011600073e-01
9.773686143981475949e-01
9.623737907849183593e-01
9.261279513753604142e-01
9.738842938406563343e-01
9.728490164865136736e-01
9.734612772873505460e-01
9.528336543064198638e-01
9.727710923845888091e-01
9.727043002972247665e-01
9.772906902962228415e-01
9.751422114860126555e-01
7.121149714463826941e-01
9.738508977969743130e-01
9.757990003450924821e-01
9.758991884761385460e-01
9.751867395442553876e-01
9.746412708307823358e-01
9.747859870200710208e-01
9.764557892041723086e-01
9.743741024813259433e-01
9.759659805635025887e-01
9.738508977969743130e-01
9.766784294953857470e-01
9.725373200788147710e-01
9.761329607819126952e-01
9.762554129420801807e-01
9.734724093019113678e-01
9.786154000289432053e-01
9.741625942046732156e-01
9.704111052977257845e-01
9.768899377720385857e-01
9.765337133060970620e-01
9.738842938406563343e-01
9.774465385000723483e-01
9.784929478687758309e-01
9.758546604178959250e-01
9.749752312676024379e-01
9.766784294953857470e-01
9.778472910242567151e-01
9.784038917522903667e-01
9.781923834756376390e-01
9.768788057574779859e-01
9.758101323596531929e-01
9.765114492769756405e-01
9.772906902962229525e-01
9.773908784272691275e-01
9.762776769712014913e-01
9.694426200309469444e-01
9.789382284512028187e-01
9.787712482327927122e-01
9.778027629660139830e-01
9.776580467767251870e-01
9.767118255390677684e-01
9.797286014850107305e-01
9.744742906123721182e-01
9.787044561454286695e-01
9.765893733789003939e-01
9.787823802473533119e-01
9.757990003450923711e-01
9.764780532332936192e-01
9.760550366799880528e-01
9.747748550055103101e-01
9.752646636461799190e-01
9.769678618739633391e-01
9.771348420923734457e-01
9.754650399082722689e-01
9.744854226269328290e-01
9.737173136222462277e-01
9.746524028453429356e-01
9.774242744709509267e-01
9.788491723347174656e-01
9.778361590096960043e-01
9.756542841558036860e-01
9.777025748349679191e-01
9.767006935245070576e-01
9.758991884761385460e-01
9.773463503690262844e-01
9.751978715588159874e-01
9.756097560975609539e-01
9.792610568734623211e-01
9.794503011209938492e-01
9.744186305395687864e-01
9.723035477730403997e-01
9.756988122140464181e-01
9.766672974808251473e-01
9.787601162182320014e-01
9.775689906602397228e-01
9.778472910242567151e-01
9.775244626019971017e-01
9.755652280393182219e-01
9.761663568255947165e-01
9.781033273591522859e-01
9.760550366799879418e-01
9.744074985250080756e-01
9.777916309514533832e-01
9.736839175785642064e-01
9.707673297636673082e-01
9.718693992051741226e-01
9.712905344480189385e-01
9.733833531854260146e-01
9.772461622379802204e-01
9.764112611459295765e-01
9.753759837917868047e-01
9.621177544500227885e-01
9.698322405405706004e-01
9.737061816076855170e-01
9.750197593258451700e-01
9.507630995981343203e-01
9.761774888401554273e-01
9.735169373601539888e-01
9.746969309035856677e-01
9.562623147911077925e-01
9.200498714252317578e-01
9.770012579176453604e-01
9.762442809275193589e-01
9.388852400618939997e-01
9.707784617782280190e-01
9.760105086217453207e-01
9.768676737429173862e-01
9.745633467288574714e-01
9.760995647382306739e-01
7.325088221215394491e-01
9.721476995691911149e-01
9.773686143981477059e-01
9.737507096659282491e-01
9.721588315837517147e-01
9.769233338157206070e-01
9.746190068016609143e-01
9.766005053934611047e-01
9.776914428204072083e-01
9.752201355879372979e-01
9.087174806024646001e-01
9.730605247631664012e-01
9.715131747392325989e-01
9.394641048190490729e-01
9.740958021173091730e-01
9.762108848838373376e-01
9.733388251271832825e-01
9.739622179425811987e-01
9.318386748449867252e-01
9.745744787434181822e-01
9.761106967527912737e-01
9.771014460486914244e-01
9.761440927964734060e-01
9.758769244470171245e-01
9.779808751989846893e-01
9.768231456846745431e-01
9.746524028453429356e-01
9.753091917044227621e-01
9.781255913882735964e-01
9.742071222629158367e-01
9.790384165822488827e-01
9.739288218988990664e-01
9.777582349077712509e-01
9.761552248110340058e-01
9.749752312676024379e-01
9.753759837917868047e-01
9.774576705146330591e-01
9.756876801994857074e-01
9.796840734267681094e-01
9.774465385000723483e-01
9.782703075775622814e-01
9.759548485489418779e-01
9.750420233549665916e-01
9.791052086696129253e-01
9.757656043014104608e-01
9.747191949327069782e-01
9.749640992530418382e-01
9.760661686945486526e-01
9.771125780632521352e-01
9.761440927964732950e-01
9.736171254912001638e-01
9.780476672863487320e-01
9.776023867039218551e-01
9.748305150783137529e-01
9.736839175785642064e-01
9.743629704667653435e-01
9.799846378199064123e-01
9.749418352239205277e-01
9.778250269951352935e-01
9.758323963887745034e-01
9.775578586456791230e-01
9.779363471407420683e-01
9.770457859758880925e-01
9.765893733789003939e-01
9.776357827476037654e-01
9.764780532332936192e-01
9.767118255390678794e-01
9.744965546414934288e-01
9.770680500050094031e-01
9.734056172145474362e-01
9.705224254433324482e-01
9.786599280871859374e-01
9.748305150783136419e-01
9.735837294475181425e-01
9.741959902483551259e-01
9.755429640101969113e-01
9.779697431844240896e-01
9.760550366799879418e-01
9.769122018011600073e-01
9.786710601017466482e-01
9.781255913882735964e-01
9.783704957086083454e-01
9.776246507330431657e-01
9.785597399561398735e-01
9.801850140819984292e-01
9.756542841558036860e-01
9.768788057574779859e-01
9.753203237189834729e-01
9.785820039852612950e-01
9.749529672384811274e-01
9.757990003450924821e-01
9.767897496409926328e-01
9.769344658302812068e-01
9.785708719707004732e-01
9.721031715109482718e-01
9.786154000289433164e-01
9.753759837917869158e-01
9.771459741069340454e-01
9.780254032572274214e-01
9.711792143024122748e-01
9.742961783794013009e-01
9.773574823835868841e-01
9.761106967527913847e-01
9.750531553695273024e-01
9.739622179425810877e-01
9.782369115338802601e-01
9.754873039373935795e-01
9.729158085738776052e-01
9.731607128942124652e-01
9.755652280393182219e-01
9.755874920684396434e-01
9.764001291313688657e-01
9.738286337678530025e-01
9.756097560975610650e-01
9.727043002972247665e-01
9.738397657824136022e-01
9.764223931604902873e-01
9.748861751511170848e-01
9.738175017532921807e-01
7.596041455622224436e-01
9.745856107579788929e-01
7.670959913615567061e-01
9.747414589618282887e-01
9.758657924324565247e-01
9.756988122140463071e-01
9.748861751511169738e-01
9.761218287673519844e-01
9.775578586456790120e-01
9.751310794714518337e-01
9.766561654662644365e-01
9.751644755151339661e-01
9.742627823357192796e-01
9.742850463648405901e-01
8.199507964956418427e-01
9.767006935245071686e-01
9.744186305395686754e-01
9.743073103939620117e-01
9.784818158542152311e-01
9.775801226748004336e-01
9.757433402722890392e-01
9.720809074818269613e-01
9.743629704667653435e-01
9.783370996649263240e-01
9.734278812436686357e-01
9.743184424085227224e-01
9.715131747392325989e-01
9.760216406363059205e-01
9.771459741069341565e-01
9.768899377720385857e-01
9.775578586456792340e-01
9.744965546414934288e-01
9.735280693747148106e-01
9.764891852478542189e-01
9.772684262671015309e-01
9.734501452727900572e-01
9.750197593258451700e-01
9.775689906602398338e-01
9.738508977969744240e-01
7.198851176097338378e-01
9.765114492769757515e-01
9.758212643742136816e-01
9.769122018011598962e-01
9.752980596898620513e-01
9.778250269951352935e-01
9.768788057574778749e-01
9.777582349077712509e-01
9.777137068495286298e-01
9.742293862920372582e-01
9.767563535973105004e-01
9.735948614620788533e-01
9.773574823835869951e-01
9.775912546893610333e-01
9.739622179425810877e-01
9.748416470928743527e-01
9.788603043492780653e-01
9.745410826997361609e-01
9.750865514132092127e-01
9.752535316316194303e-01
9.791608687424162571e-01
9.733610891563045930e-01
9.785040798833365416e-01
7.778606494417293904e-01
9.749307032093597059e-01
9.750865514132093237e-01
9.789938885240061506e-01
9.741514621901126159e-01
9.780699313154701535e-01
9.797731295432534626e-01
9.760550366799879418e-01
9.758323963887745034e-01
9.761886208547161381e-01
9.758323963887743924e-01
9.787935122619139117e-01
9.775801226748004336e-01
9.768788057574778749e-01
9.767674856118712112e-01
9.754205118500294258e-01
9.764446571896115978e-01
9.776357827476037654e-01
9.730493927486056904e-01
9.777025748349679191e-01
9.733276931126225717e-01
9.772127661942981991e-01
9.794057730627512282e-01
9.781478554173949069e-01
9.745076866560542506e-01
9.741625942046732156e-01
9.786042680143826056e-01
9.753314557335440727e-01
9.783816277231691672e-01
9.762776769712014913e-01
9.776246507330431657e-01
9.771237100778128459e-01
9.765114492769756405e-01
9.764891852478543299e-01
9.777025748349679191e-01
9.773463503690262844e-01
9.777471028932105401e-01
9.772127661942980881e-01
9.786376640580645159e-01
9.756654161703642858e-01
9.748193830637529311e-01
9.760272066435863314e-01
9.775133305874365020e-01
9.748973071656777956e-01
9.746857988890249569e-01
9.776914428204072083e-01
9.748527791074350635e-01
9.734724093019113678e-01
9.743295744230832112e-01
9.748639111219956632e-01
9.735280693747146996e-01
9.775467266311184122e-01
9.768676737429172752e-01
9.732163729670157970e-01
9.709899700548808577e-01
9.755318319956363116e-01
9.725595841079360815e-01
9.684630027496076154e-01
9.734612772873507680e-01
9.742071222629159477e-01
9.744408945686900969e-01
9.747080629181462674e-01
9.753871158063474045e-01
9.728378844719529628e-01
9.717803430886887694e-01
9.743295744230834332e-01
9.700548808317841498e-01
9.739844819717023983e-01
9.729603366321202262e-01
9.716244948848392626e-01
9.748639111219957742e-01
9.736171254912001638e-01
9.732052409524551972e-01
9.733499571417438823e-01
9.725707161224966812e-01
9.733054290835012612e-01
9.713684585499438029e-01
9.720809074818269613e-01
9.758212643742137926e-01
9.754427758791508474e-01
9.785486079415791627e-01
9.735948614620788533e-01
9.728712805156349841e-01
9.734501452727899462e-01
9.701773329919515243e-01
9.730493927486058015e-01
9.753537197626653832e-01
9.742516503211585688e-01
9.755540960247575111e-01
9.715910988411573523e-01
9.714463826518685563e-01
9.741291981609913053e-01
9.701773329919516353e-01
9.720363794235843402e-01
9.758657924324564137e-01
9.745076866560542506e-01
9.767563535973105004e-01
9.747748550055103101e-01
9.740290100299451304e-01
9.751644755151340771e-01
9.720697754672662505e-01
9.733610891563045930e-01
9.749195711947991061e-01
9.736727855640034957e-01
9.760995647382306739e-01
9.751867395442552766e-01
9.749307032093597059e-01
9.723703398604044423e-01
9.763333370440049341e-01
9.744854226269328290e-01
9.730827887922877117e-01
9.767786176264319220e-01
9.766895615099464578e-01
9.753871158063475155e-01
9.757656043014104608e-01
9.745522147142968716e-01
9.751088154423306342e-01
9.755429640101969113e-01
9.725595841079360815e-01
9.752423996170587195e-01
9.727933564137102307e-01
9.758323963887745034e-01
9.757767363159711715e-01
9.756320201266822645e-01
9.780921953445914641e-01
9.757210762431678397e-01
9.781589874319556177e-01
9.750865514132092127e-01
9.742293862920372582e-01
9.801961460965590289e-01
9.760661686945486526e-01
9.796840734267679984e-01
9.780699313154701535e-01
9.751978715588159874e-01
9.748973071656776845e-01
9.766895615099464578e-01
9.775801226748004336e-01
9.756654161703643968e-01
9.745076866560541395e-01
9.744520265832506967e-01
9.755986240830002432e-01
9.773463503690262844e-01
9.764557892041723086e-01
9.756988122140464181e-01
9.765003172624149297e-01
9.791386047132949466e-01
9.769344658302812068e-01
9.785708719707004732e-01
9.784261557814117882e-01
9.720252474090236294e-01
9.743407064376439219e-01
9.775801226748004336e-01
9.736171254912001638e-01
9.751533435005733663e-01
9.775801226748004336e-01
9.768120136701139433e-01
9.752757956607407408e-01
9.767340895681890789e-01
9.782480435484409709e-01
9.751310794714519448e-01
9.780810633300308643e-01
9.719695873362201866e-01
9.769010697865992965e-01
9.724259999332079962e-01
9.782703075775622814e-01
9.758212643742137926e-01
9.775133305874363909e-01
9.780921953445915751e-01
9.724371319477685960e-01
9.789159644220816192e-01
9.772016341797374883e-01
9.744186305395686754e-01
9.777025748349679191e-01
9.770123899322060712e-01
9.716467589139605732e-01
9.762331489129587592e-01
9.764780532332937302e-01
9.753648517772260940e-01
9.474234952299316337e-01
9.736171254912001638e-01
9.751088154423306342e-01
9.734612772873506570e-01
9.723258118021618213e-01
9.744297625541294972e-01
9.740512740590664409e-01
9.739733499571416875e-01
9.754316438645900256e-01
9.731161848359697331e-01
9.719027952488561439e-01
9.698990326279346430e-01
9.737173136222462277e-01
9.743518384522046327e-01
9.721699635983123144e-01
9.719584553216595868e-01
9.748082510491924424e-01
9.736393895203214743e-01
9.701662009773908135e-01
9.722367556856764681e-01
9.744297625541293861e-01
9.711680822878516750e-01
9.697209203949639367e-01
9.771237100778127349e-01
9.730939208068483115e-01
9.724371319477685960e-01
9.699880887444201072e-01
9.721254355400696934e-01
9.699546927007380859e-01
9.752201355879372979e-01
9.713127984771403600e-01
9.737841057096102704e-01
9.728044884282709415e-01
9.743741024813259433e-01
9.716356268993999734e-01
9.733165610980618609e-01
9.745856107579787819e-01
9.740067460008238198e-01
9.732052409524551972e-01
9.732386369961372186e-01
9.710456301276841895e-01
9.709677060257594361e-01
9.744965546414934288e-01
9.758101323596531929e-01
9.768899377720386967e-01
9.761886208547160271e-01
9.745744787434181822e-01
9.766672974808251473e-01
9.760995647382306739e-01
9.728267524573921410e-01
9.731607128942124652e-01
9.740401420445057301e-01
9.742516503211586798e-01
9.752312676024980087e-01
9.723926038895258639e-01
9.755095679665148900e-01
9.759214525052598566e-01
9.762331489129587592e-01
9.768899377720385857e-01
9.734612772873507680e-01
9.767229575536284791e-01
9.751310794714518337e-01
9.755540960247576221e-01
9.718805312197348334e-01
9.738620298115349128e-01
9.769233338157206070e-01
9.748639111219956632e-01
9.778695550533780256e-01
9.772350302234196207e-01
9.752090035733768092e-01
9.751700415224142660e-01
9.754873039373935795e-01
9.766784294953857470e-01
9.744186305395687864e-01
9.754539078937115582e-01
9.743741024813260543e-01
9.749195711947991061e-01
9.760884327236699631e-01
9.776580467767252980e-01
9.749752312676025490e-01
9.781478554173949069e-01
9.755429640101969113e-01
9.786821921163073590e-01
9.781144593737127746e-01
9.748527791074350635e-01
9.756988122140464181e-01
9.758769244470171245e-01
9.756208881121216647e-01
9.759659805635025887e-01
9.776803108058466085e-01
9.763889971168081550e-01
9.763556010731261336e-01
9.782035154901982388e-01
9.773018223107836633e-01
9.757322082577283284e-01
9.764112611459295765e-01
9.773352183544655736e-01
9.783148356358050135e-01
9.772016341797374883e-01
9.759993766071846100e-01
9.760995647382307849e-01
9.775801226748004336e-01
9.762554129420801807e-01
9.769678618739633391e-01
9.753425877481047834e-01
9.773797464127083057e-01
9.783704957086083454e-01
9.772016341797374883e-01
9.786710601017465372e-01
9.778806870679386254e-01
9.784261557814116772e-01
9.795727532811612237e-01
9.792053968006591003e-01
9.779140831116206467e-01
9.776580467767251870e-01
9.778361590096960043e-01
9.779808751989846893e-01
9.769567298594026283e-01
9.762888089857620910e-01
9.779029510970600469e-01
9.782035154901982388e-01
9.753425877481047834e-01
9.764223931604902873e-01
9.763222050294442234e-01
9.717358150304460374e-01
9.751533435005732553e-01
9.734612772873506570e-01
9.727599603700282094e-01
9.741737262192338154e-01
9.745076866560541395e-01
9.762665449566407805e-01
9.746969309035855566e-01
9.726820362681034560e-01
9.704445013414078058e-01
9.737729736950495596e-01
9.721143035255089826e-01
9.724037359040865747e-01
9.722812837439190892e-01
9.740846701027484622e-01
9.695873362202358514e-01
9.739399539134596662e-01
9.715910988411572413e-01
9.742182542774766585e-01
9.724148679186471744e-01
9.757544722868497500e-01
9.725929801516181028e-01
9.745522147142968716e-01
9.734612772873506570e-01
9.731161848359698441e-01
9.749307032093597059e-01
9.753871158063475155e-01
9.766005053934609936e-01
9.764446571896115978e-01
9.721476995691910039e-01
9.740512740590664409e-01
9.734390132582293464e-01
9.718137391323707908e-01
9.741069341318697727e-01
9.742516503211585688e-01
9.737284456368069385e-01
9.730382607340450907e-01
9.739510859280204880e-01
9.768120136701139433e-01
9.751978715588159874e-01
9.753982478209082263e-01
9.707228017054245761e-01
9.732609010252586401e-01
9.737507096659282491e-01
9.758101323596531929e-01
9.735614654183968320e-01
9.741291981609911943e-01
9.751310794714520558e-01
9.719139272634168547e-01
9.709009139383955045e-01
9.734612772873506570e-01
9.773352183544655736e-01
9.748527791074350635e-01
9.770791820195701138e-01
9.754650399082721579e-01
9.751644755151339661e-01
9.729158085738776052e-01
9.754427758791508474e-01
9.688192272155491391e-01
9.742293862920373693e-01
9.733833531854260146e-01
9.690196034776413780e-01
9.732942970689405504e-01
9.740624060736271517e-01
9.770123899322060712e-01
9.768120136701138323e-01
9.747525909763889995e-01
9.746412708307823358e-01
9.766561654662644365e-01
9.766450334517038367e-01
9.735280693747146996e-01
9.746412708307822248e-01
9.774465385000723483e-01
9.734835413164720785e-01
9.763222050294441123e-01
9.786933241308679587e-01
9.764223931604901763e-01
9.737729736950495596e-01
9.772238982088587989e-01
9.769455978448420286e-01
9.758546604178959250e-01
9.751756075296945658e-01
9.758769244470172355e-01
9.737729736950495596e-01
9.760884327236700742e-01
9.752980596898620513e-01
9.764780532332936192e-01
9.769678618739632281e-01
9.756765481849249966e-01
9.776135187184825659e-01
9.755986240830003542e-01
9.773797464127083057e-01
9.762888089857620910e-01
9.772016341797374883e-01
9.744408945686900969e-01
9.790829446404916148e-01
9.771793701506162888e-01
9.760995647382306739e-01
9.753871158063475155e-01
9.767674856118712112e-01
9.756876801994857074e-01
9.790495485968095934e-01
9.767340895681891899e-01
9.760327726508666313e-01
9.766672974808250363e-01
9.771125780632521352e-01
9.780699313154701535e-01
9.784150237668509664e-01
9.746524028453429356e-01
9.768120136701138323e-01
9.736393895203214743e-01
9.764780532332936192e-01
9.774020104418296162e-01
9.780476672863487320e-01
9.735280693747148106e-01
9.793278489608264747e-01
9.780031392281061109e-01
9.758435284033352142e-01
9.772238982088587989e-01
9.770569179904486923e-01
9.758991884761385460e-01
9.768008816555532325e-01
9.772127661942981991e-01
9.790940766550522145e-01
9.770457859758880925e-01
9.766561654662644365e-01
9.753203237189833619e-01
9.774576705146330591e-01
