2.610208816710000157e-01 2.505800464040000008e-01 2.273781902550000011e-01 2.610208816710000157e-01
2.366589327149999922e-01 2.378190255219999882e-01 2.018561484920000093e-01 3.236658932709999825e-01
2.134570765659999925e-01 2.714617169369999972e-01 3.062645011599999800e-01 2.088167053359999970e-01
0.000000000000000000e+00 0.000000000000000000e+00 0.000000000000000000e+00 1.000000000000000000e+00
9.988399071929999762e-01 0.000000000000000000e+00 1.160092807419999938e-03 0.000000000000000000e+00
9.663573085850000188e-01 1.740139211139999850e-02 5.800464037119999750e-03 1.044083526679999950e-02
6.960556844549999934e-03 4.640371229700000245e-03 0.000000000000000000e+00 9.883990719259999613e-01
2.320185614850000123e-03 9.849187935030000451e-01 8.120649651969999439e-03 4.640371229700000245e-03
3.480278422270000060e-03 9.849187935030000451e-01 1.044083526679999950e-02 1.160092807419999938e-03
3.236658932709999825e-01 3.236658932709999825e-01 0.000000000000000000e+00 3.526682134570000016e-01
2.540603248259999947e-01 2.401392111370000138e-01 2.320185614849999967e-01 2.737819025520000227e-01
2.470997679810000014e-01 3.457076566130000139e-01 2.146171693739999942e-01 1.925754060319999905e-01
