5.167837626850000365e-01 1.428571428569999913e-01 2.560499609679999788e-01 8.430913348950000441e-02
3.536299765809999829e-01 3.942232630759999745e-01 1.264637002339999983e-01 1.256830601089999888e-01
3.411397345819999760e-01 2.591725214680000167e-01 2.474629195939999915e-01 1.522248243559999881e-01
4.207650273219999959e-01 1.756440281030000050e-01 1.693989071039999905e-01 2.341920374710000086e-01
1.795472287279999829e-02 3.044496487119999900e-02 2.732240437159999882e-02 9.242779078839999940e-01
9.461358313819999699e-01 1.405152224820000080e-02 1.327088212329999989e-02 2.654176424669999965e-02
9.578454332550000450e-01 7.806401249020000072e-03 2.810304449650000147e-02 6.245120999219999983e-03
1.014832162369999971e-02 3.356752537080000265e-02 9.211553473849999618e-02 8.641686182669999772e-01
1.561280249799999915e-02 9.391100702579999737e-01 3.512880562060000100e-02 1.014832162369999971e-02
1.717408274789999911e-02 9.601873536299999623e-01 2.107728337239999847e-02 1.561280249800000089e-03
1.795472287279999968e-01 4.590163934429999926e-01 1.194379391100000021e-01 2.419984387199999865e-01
2.779078844649999769e-01 2.732240437160000091e-01 2.037470725999999954e-01 2.451209992189999909e-01
