3.828756058159999975e-01 7.189014539580000640e-02 4.418416801289999918e-01 1.033925686589999976e-01
2.463651050079999905e-01 5.726978998380000130e-01 2.746365105009999918e-02 1.534733441030000090e-01
3.311793214860000306e-02 6.381260096929999848e-02 2.285945072699999969e-01 6.744749596119999913e-01
2.067851373179999952e-01 2.625201938610000063e-01 3.255250403880000087e-01 2.051696284329999898e-01
6.704361873990000165e-02 6.090468497580000529e-01 4.361873990310000115e-02 2.802907915989999998e-01
1.042003231020000031e-01 3.150242326330000148e-02 3.691437802909999788e-01 4.951534733440000058e-01
4.119547657509999711e-02 8.239095315019999421e-02 4.927302100159999809e-02 8.271405492729999587e-01
5.678513731830000522e-01 3.481421647819999965e-01 4.765751211630000345e-02 3.634894991919999929e-02
9.426494345720000112e-01 1.615508885299999850e-02 2.423263327949999948e-02 1.696284329560000109e-02
3.231017770599999700e-02 4.684975767369999738e-02 5.654281098550000342e-03 9.151857835219999737e-01
8.885298869139999361e-03 8.869143780289999723e-01 2.665589660740000019e-02 7.754442649430000334e-02
5.411954765750000285e-02 1.025848142160000059e-01 7.681744749600000199e-01 7.512116316639999569e-02
