1.358124494750000133e-01 1.867421180269999981e-01 4.017784963620000260e-01 2.756669361360000181e-01
3.371059013739999832e-01 3.177041228779999837e-01 1.350040420370000049e-01 2.101859337110000003e-01
2.158447857720000029e-01 2.344381568309999997e-02 5.780113177040000494e-01 1.827000808410000066e-01
2.409054163300000106e-01 5.424413904610000392e-01 2.118027485850000058e-01 4.850444624089999927e-03
7.275666936139999798e-03 9.717057396930000035e-01 1.131770412290000055e-02 9.700889248179999855e-03
9.708973322549999674e-01 6.467259498790000130e-03 1.050929668550000008e-02 1.212611156019999942e-02
1.940177849639999896e-02 8.544866612770000147e-01 1.067097817299999946e-01 1.940177849639999896e-02
7.356507679870000205e-02 3.718674211800000046e-02 8.431689571539999761e-01 4.607922392890000107e-02
2.425222312049999870e-02 1.050929668550000008e-02 4.446240905420000000e-02 9.207760711400000408e-01
7.841552142280000526e-02 2.425222312049999870e-03 9.159256265159999577e-01 3.233629749390000158e-03
1.616814874700000029e-02 2.239288601459999972e-01 1.244947453520000025e-01 6.354082457559999675e-01
2.797089733229999875e-01 3.047696038800000173e-01 1.422797089729999909e-01 2.732417138239999765e-01
