7.961783439490000003e-02 2.125796178340000064e-01 6.998407643309999537e-01 7.961783439490000003e-03
4.442675159239999894e-01 5.262738853499999703e-01 1.114649681529999992e-02 1.831210191079999869e-02
1.855095541400000048e-01 5.191082802549999986e-01 2.898089171970000266e-01 5.573248407640000145e-03
6.998407643309999537e-01 2.229299363059999983e-01 5.254777070060000221e-02 2.468152866240000062e-02
7.245222929939999779e-02 7.738853503179999871e-01 2.149681528659999966e-02 1.321656050960000051e-01
1.568471337579999958e-01 2.945859872609999860e-02 3.152866242039999989e-01 4.984076433119999927e-01
3.264331210190000304e-02 9.713375796180000188e-02 3.980891719750000168e-02 8.304140127389999515e-01
3.423566878980000006e-02 5.835987261149999661e-01 3.375796178339999787e-01 4.458598726110000326e-02
5.493630573250000287e-02 7.253184713379999815e-01 2.046178343950000034e-01 1.512738853499999946e-02
9.474522292989999428e-02 8.662420382169999655e-01 1.592356687900000137e-02 2.308917197450000014e-02
5.294585987259999849e-01 6.210191082799999818e-02 4.060509554139999921e-01 2.388535031849999858e-03
2.547770700640000080e-02 4.673566878980000006e-01 3.972929936310000132e-01 1.098726114650000057e-01
