7.242798353910000486e-01 1.234567901229999959e-02 2.238683127570000042e-01 3.950617283950000336e-02
1.720164609050000015e-01 0.000000000000000000e+00 1.037037037040000054e-01 7.242798353910000486e-01
3.226337448559999932e-01 5.901234567900000005e-01 7.407407407410000234e-03 7.983539094649999557e-02
7.794238683130000345e-01 1.407407407409999867e-01 8.230452674899999899e-04 7.901234567900000672e-02
5.028806584360000498e-01 4.534979423869999748e-01 2.551440329219999831e-02 1.810699588480000136e-02
2.263374485599999875e-01 4.427983539090000198e-01 7.407407407409999367e-02 2.567901234569999747e-01
5.053497942389999498e-01 1.399176954729999985e-02 4.674897119340000184e-01 1.316872427980000058e-02
2.148148148150000047e-01 1.646090534979999936e-02 6.205761316869999877e-01 1.481481481480000084e-01
1.489711934159999862e-01 6.098765432099999551e-01 2.222222222219999987e-01 1.893004115230000062e-02
5.761316872429999604e-03 2.411522633740000032e-01 6.172839506169999768e-02 6.913580246910000504e-01
3.292181069959999960e-03 0.000000000000000000e+00 5.555555555560000025e-01 4.411522633739999866e-01
3.209876543210000294e-02 0.000000000000000000e+00 2.962962962960000168e-02 9.382716049379999923e-01
