9.482536151279198355e-01
9.444160177975529091e-01
9.452836484983314635e-01
9.433036707452725489e-01
9.430478309232481759e-01
9.472525027808675890e-01
9.421690767519466103e-01
9.512347052280312187e-01
9.370634037819800533e-01
9.467519466073415213e-01
9.368854282536152045e-01
9.453948832035595773e-01
9.430478309232480649e-01
9.379977753058954537e-01
9.502892102335928071e-01
9.471078976640711078e-01
9.467074527252502536e-01
9.426918798665183674e-01
9.429699666295883187e-01
9.462847608453838211e-01
9.430700778642936433e-01
9.445939933259177579e-01
9.433370411568409164e-01
9.475417130144605515e-01
9.449276974416017660e-01
9.473637374860957028e-01
9.391768631813125490e-01
9.475973303670746084e-01
4.967741935483870885e-01
9.453281423804227313e-01
9.405228031145717038e-01
9.407563959955504984e-01
9.344493882091212678e-01
9.455283648498333804e-01
9.439265850945495195e-01
9.433147942157953381e-01
9.430033370411567972e-01
9.401446051167964280e-01
9.444716351501669660e-01
9.467408231368187321e-01
9.438375973303670952e-01
9.451056729699667258e-01
9.488542825361512278e-01
9.451501668520577715e-01
9.450278086763069796e-01
9.395105672969966681e-01
9.457619577308120640e-01
9.439265850945495195e-01
9.433147942157953381e-01
9.444493882091212766e-01
9.446829810901001823e-01
9.420467185761958184e-01
9.353726362625138790e-01
9.486429365962181226e-01
9.428142380422691593e-01
9.441156840934371575e-01
9.427919911012235810e-01
9.471301446051167972e-01
9.447497219132369173e-01
9.451946607341490392e-01
9.393548387096775087e-01
9.314293659621801780e-01
9.383982202447165299e-01
9.423692992213570374e-01
9.410567296996662501e-01
9.402669632925472198e-01
9.418353726362624911e-01
9.317352614015573797e-01
9.425695216907674645e-01
9.422914349276974022e-01
9.342491657397108407e-01
9.399666295884316902e-01
9.426473859844270997e-01
9.364961067853170285e-01
9.450723025583982473e-01
9.367964404894326691e-01
9.415572858731924288e-01
9.462625139043381317e-01
9.424916573971079403e-01
9.411568409343715746e-01
9.382424916573971485e-01
9.412791991101223665e-01
9.365406006674082962e-01
9.405339265850946040e-01
9.438598442714127845e-01
9.373192436040044262e-01
9.353281423804227224e-01
9.413904338153504803e-01
9.369744160177975179e-01
9.392324805339267169e-01
9.348720800889878113e-01
9.450389321468298798e-01
9.399666295884315792e-01
9.394215795328143548e-01
9.416462736373748532e-01
9.400667408231369038e-01
9.368854282536152045e-01
9.344716351501669571e-01
9.331145717463849021e-01
9.390433815350389679e-01
9.359733036707453824e-01
9.403893214682981228e-01
9.345717463848721707e-01
9.324026696329255071e-01
9.403559510567296442e-01
9.339488320355950890e-01
9.413236929922135232e-01
9.408008898776418771e-01
9.300778642936596841e-01
9.467296996662959430e-01
9.348720800889878113e-01
9.372302558398221128e-01
9.352280311457173978e-01
9.389543937708565435e-01
9.352614015572858763e-01
9.332480533926584831e-01
9.404671857619577580e-01
9.377530589543936479e-01
9.338153503893215079e-01
9.397886540600667304e-01
9.360177975528364280e-01
9.302669632925472110e-01
9.218798665183538521e-01
9.447719688542824956e-01
9.340823136818688921e-01
9.411234705228032071e-01
9.451724137931034608e-01
9.345050055617352136e-01
9.470300333704115836e-01
9.440600667408231006e-01
9.424749721913237011e-01
9.452280311457175177e-01
9.469966629588431051e-01
9.441045606229143683e-01
9.470300333704115836e-01
9.474972191323692838e-01
9.432035595105673353e-01
9.496218020022246797e-01
9.443604004449388523e-01
9.410233592880979936e-01
9.443270300333704848e-01
9.473971078976641813e-01
9.418687430478309697e-01
9.404783092324805471e-01
9.422580645161290347e-01
9.426473859844270997e-01
9.417130144605116993e-01
9.478531701890989813e-01
9.466295884315907294e-01
9.423581757508343593e-01
9.468854282536152134e-01
9.449833147942158229e-01
9.390878754171301246e-01
9.433147942157954491e-01
9.419688542825362942e-01
9.475750834260290301e-01
9.461624026696329182e-01
9.415572858731924288e-01
9.502892102335929181e-01
9.463292547274749777e-01
9.460066740823137588e-01
9.396218020022246709e-01
9.407675194660733986e-01
9.440823136818687900e-01
9.436818687430478247e-01
9.443159065628475846e-01
9.414794215795329047e-01
9.473859844271413921e-01
9.424137931034483051e-01
9.456618464961068504e-01
9.470634037819800621e-01
9.458620689655172775e-01
9.348053392658509653e-01
9.453058954393771529e-01
9.444716351501668550e-01
9.473971078976640703e-01
9.421245828698554536e-01
9.458620689655172775e-01
9.424694104560622510e-01
9.351056729699667169e-01
9.460289210233592261e-01
9.437597330367074600e-01
9.380867630700778781e-01
9.419354838709677047e-01
9.430812013348164324e-01
9.371968854282536343e-01
9.440489432703003114e-01
9.418131256952170238e-01
9.446941045606229714e-01
9.432369299221357029e-01
9.427919911012235810e-01
9.404449388209121796e-01
9.378531701890990835e-01
9.441824249165738925e-01
9.413904338153504803e-01
9.450500556173526689e-01
9.362625139043381228e-01
9.441601779755284252e-01
9.434927697441601868e-01
9.439488320355950979e-01
9.380422691879866104e-01
9.387096774193548487e-01
9.428587319243605380e-01
9.416796440489433317e-01
9.355394883203558276e-01
9.348275862068965436e-01
9.391212458286986031e-01
9.410011123470523042e-01
9.399443826473860009e-01
9.407452725250278203e-01
9.337263626251391946e-01
9.413681868743047909e-01
9.375639599555061210e-01
9.450723025583983583e-01
9.379199110122358185e-01
9.361512791991101201e-01
9.409343715239155692e-01
9.438264738598443060e-01
9.359288097886540037e-01
9.478865406006674599e-01
9.419354838709677047e-01
9.413459399332591016e-01
9.422469410456063565e-01
9.398665183537264767e-01
9.371968854282536343e-01
9.360845383759733851e-01
9.256062291434928868e-01
9.335595105672970240e-01
9.364738598442714501e-01
9.458731924360400667e-01
9.410678531701891503e-01
9.336040044493881807e-01
9.400556173526140036e-01
9.400556173526140036e-01
9.375750834260289102e-01
9.401001112347052713e-01
9.295995550611790836e-01
9.458398220244716992e-01
9.422691879866517128e-01
9.389432703003337544e-01
9.379087875417131404e-01
9.385761957730811567e-01
9.351501668520577626e-01
9.370411568409344749e-01
9.367964404894326691e-01
9.385984427141267350e-01
9.379866518353726645e-01
9.323025583982202935e-01
9.396218020022247819e-01
9.320800889877641771e-01
9.382202447163515702e-01
9.317686318131256362e-01
9.404449388209120686e-01
5.282981090100110633e-01
9.379310344827587187e-01
9.309899888765295062e-01
9.437152391546164143e-01
9.368631813125696262e-01
9.459844271412680694e-01
9.468298109010010455e-01
9.486540600667408007e-01
9.474082313681868595e-01
9.464404894327030915e-01
9.438820912124583629e-01
9.436040044493881895e-01
9.454505005561736342e-01
9.471635150166851647e-01
9.421913236929921887e-01
9.463403781979977669e-01
9.390878754171301246e-01
9.459621802002224911e-01
9.363959955506118149e-01
9.403448275862069661e-01
9.264293659621801735e-01
9.403781979977752226e-01
9.486985539488320684e-01
9.431256952169077001e-01
9.417018909899889101e-01
9.487875417130144928e-01
9.450055617352612902e-01
9.452502780867630960e-01
9.435706340378198220e-01
9.464738598442713480e-01
9.447497219132370283e-01
9.456173526140155827e-01
9.403337041156840659e-01
9.431479421579533895e-01
9.476974416017797109e-01
9.404783092324806582e-01
9.421635150166852712e-01
6.444883203559510498e-01
9.414238042269188478e-01
9.452057842046718283e-01
9.467519466073415213e-01
9.423915461624027268e-01
9.403337041156840659e-01
9.442602892102336387e-01
5.878364849833148664e-01
9.438820912124583629e-01
9.463515016685205561e-01
9.412569521690767882e-01
9.479866518353726734e-01
9.399110122358176334e-01
9.436040044493883006e-01
9.435483870967742437e-01
9.447385984427141281e-01
9.362068965517241770e-01
5.390322580645161565e-01
9.389655172413793327e-01
9.399221357063404225e-01
9.397997775305895196e-01
9.476529477196884432e-01
9.380978865406006673e-01
9.371523915461624776e-01
9.420467185761957074e-01
9.417130144605116993e-01
7.587096774193549109e-01
9.441601779755284252e-01
9.426918798665184784e-01
9.384538375973303648e-01
9.369187986651835720e-01
9.350055617352613924e-01
9.429477196885428514e-01
9.406896551724137634e-01
9.374860956618465968e-01
9.381646273637374023e-01
9.389432703003337544e-01
9.412569521690767882e-01
9.381423804226918239e-01
9.425250278086763078e-01
9.359510567296998040e-01
9.418353726362626022e-01
9.380756395995550889e-01
9.407119021134594528e-01
9.426807563959956893e-01
8.243937708565072242e-01
9.453392658509455204e-01
9.310678531701892524e-01
9.382647385984427268e-01
9.399221357063404225e-01
9.367519466073415124e-01
9.378865406006673400e-01
9.395439377085651467e-01
9.389543937708565435e-01
9.393659621802001869e-01
9.415906562847609074e-01
9.410233592880979936e-01
9.269076751946607740e-01
9.400000000000000577e-01
9.400000000000000577e-01
9.443604004449388523e-01
9.380088987764182429e-01
9.345494994438264813e-01
8.660734149054505338e-01
9.422358175750834564e-01
9.281868743047830828e-01
9.403781979977753336e-01
9.308453837597330249e-01
9.423915461624027268e-01
9.357730812013348443e-01
9.413125695216908451e-01
9.432369299221357029e-01
9.389321468298109652e-01
9.381090100111235675e-01
9.362291434927697553e-01
9.325806451612903558e-01
9.383648498331479404e-01
9.380978865406006673e-01
9.365183537263626068e-01
9.346162402669632163e-01
9.405672969966629715e-01
9.404338153503893905e-01
9.368743047830923043e-01
9.407675194660735096e-01
9.333704115684093860e-01
5.381757508342603913e-01
9.395550611790878248e-01
9.375083426028921751e-01
9.422691879866519349e-01
9.452947719688543637e-01
9.394660734149055115e-01
9.379532814238041860e-01
9.370634037819800533e-01
9.379866518353726645e-01
9.341601779755284163e-01
9.234260289210234340e-01
9.210456062291434431e-01
9.297107897664069753e-01
9.134927697441601602e-01
9.322914349276975043e-01
9.273637374860956850e-01
9.289321468298109563e-01
9.373748609566184831e-01
9.339377085650724108e-01
9.361067853170189634e-01
9.249054505005560589e-01
9.339710789766406673e-01
9.412347052280310988e-01
9.272858731924360498e-01
9.326362625139044127e-01
9.274749721913236877e-01
9.358175750834260009e-01
9.175862068965516816e-01
9.124026696329254893e-01
9.383092324805339945e-01
9.327808676307007829e-01
9.302113459399332651e-01
9.050834260289211119e-01
9.330812013348164236e-01
8.692324805339265437e-01
9.302447163515016326e-01
9.334482758620690213e-01
9.279199110122358096e-01
9.352391546162402980e-01
9.319021134593994393e-01
9.304894327030033274e-01
9.381090100111235675e-01
9.352947719688542438e-01
9.342380422691880515e-01
9.365850945494994528e-01
9.305672969966630736e-01
9.393993325917686654e-01
9.314349276974417391e-01
9.384204671857618862e-01
9.072080088987763968e-01
9.253948832035595595e-01
9.393659621802004089e-01
9.295773081201335053e-01
9.220022246941045330e-01
9.290433815350389590e-01
9.400889877641823711e-01
9.332369299221356940e-01
9.346384872080089057e-01
9.372525027808678022e-01
9.328476084538376290e-01
9.388320355951057516e-01
9.324471635150167748e-01
9.373414905450500045e-01
9.260400444938821085e-01
9.353726362625138790e-01
9.380978865406006673e-01
9.348832035595104895e-01
9.255839822024471975e-01
9.342046718576196840e-01
9.316129032258064768e-01
9.301446051167965301e-01
9.370189098998886745e-01
9.385428253615127892e-01
9.329143492769745860e-01
9.342825361512792082e-01
9.325806451612902448e-01
9.326140155728587233e-01
9.334593993325918104e-01
9.369299221357063612e-01
9.310678531701891414e-01
9.401001112347051603e-01
9.382981090100110944e-01
9.408676307007786122e-01
9.374304783092324289e-01
9.311568409343715658e-01
9.406117908787541282e-01
9.237708565072302314e-01
9.395995550611790925e-01
9.375639599555061210e-01
9.377196885428253914e-01
9.315795328142379983e-01
9.317686318131256362e-01
9.381201334816462456e-01
9.355839822024470953e-01
9.278086763070076959e-01
9.315239154616239414e-01
9.359176863181312145e-01
9.397107897664072063e-01
9.319911012235818637e-01
9.213570634037819840e-01
9.327808676307007829e-01
9.362513904338153337e-01
9.375305895439377535e-01
9.266629588431590792e-01
9.384427141268074646e-01
9.347497219132370194e-01
9.375417130144605427e-01
9.384204671857621083e-01
9.351167964404895061e-01
9.350278086763070817e-01
9.299666295884316813e-01
9.391657397107897598e-01
9.355617352614016280e-01
9.263181312569521708e-01
9.263070077864293816e-01
9.264961067853170196e-01
9.275973303670745906e-01
9.385984427141268460e-01
9.426473859844272107e-01
9.350723025583982384e-01
9.283314794215795640e-01
9.361067853170188524e-01
9.402669632925473309e-01
9.188987764182425799e-01
9.330255839822025887e-01
9.334260289210233319e-01
9.288209121245828426e-01
9.303337041156840570e-01
9.403003337041156984e-01
9.379532814238042970e-01
9.291101223581756940e-01
9.346718576195772732e-01
9.343604004449388434e-01
9.344271412680755784e-01
9.369966629588430962e-01
9.279755283648497555e-01
9.370522803114572641e-01
9.253948832035594485e-01
9.315350389321467306e-01
9.326251390433815125e-01
9.323025583982201825e-01
9.158175750834259832e-01
9.191323692992212635e-01
9.331034482758620019e-01
9.220912124582869573e-01
9.166852057842047596e-01
9.228364849833147199e-01
9.369632925472748397e-01
9.304560622914348489e-01
9.212680756395994486e-01
9.353837597330367792e-01
9.301557285873193193e-01
9.319354838709678068e-01
9.330144605116796885e-01
9.284538375973304669e-01
9.364849833147943503e-01
9.351390433815350844e-01
9.256395995550612543e-01
9.219577308120133763e-01
9.329810901001110990e-01
9.412124582869855205e-01
9.317463848720801689e-01
9.313459399332592037e-01
9.288320355951057428e-01
9.321802002224693906e-01
9.329254727474972642e-01
9.229588431590656228e-01
9.329922135706341102e-01
9.336040044493882917e-01
9.404671857619577580e-01
9.322469410456062366e-01
9.219688542825361655e-01
9.364627363737487720e-01
9.386874304783091594e-01
9.340600667408230917e-01
9.381535038932147241e-01
9.373526140155729047e-01
9.265406006674082873e-01
9.255728587319244083e-01
9.404226918798664903e-01
9.354838709677419928e-01
9.336929922135707161e-01
9.392992213570634519e-01
9.368965517241378826e-01
9.300111234705228380e-01
9.325806451612903558e-01
9.326028921023359342e-01
9.343715239154616325e-01
9.346051167964405382e-01
9.343492769744161652e-01
9.388876529477198085e-01
9.354949944382648930e-01
9.397107897664070952e-01
9.398665183537264767e-01
9.355061179087876821e-01
9.384872080088987323e-01
9.347942157953281761e-01
9.398331479421579981e-01
9.375639599555061210e-01
9.287652947719688967e-01
9.415016685205784830e-01
9.344938820912124244e-01
9.364293659621802934e-01
9.412903225806451557e-01
9.362291434927698663e-01
9.334482758620690213e-01
9.371412680756396885e-01
9.332814238042269617e-01
9.364961067853170285e-01
9.322246941045605473e-01
9.397664071190212631e-01
9.341824249165741056e-01
9.395328142380422465e-01
9.410456062291434609e-01
9.394660734149054004e-01
9.356284760845384740e-01
9.434593993325918193e-01
9.344827586206896353e-01
9.259065628476084164e-01
9.421802002224693995e-01
9.367296996662959341e-01
9.381535038932147241e-01
9.295439377085650268e-01
9.332703003337041725e-01
9.362625139043382338e-01
9.342602892102336298e-01
9.351390433815350844e-01
9.418798665183537588e-01
9.356618464961068415e-01
9.338153503893215079e-01
9.316907675194661120e-01
9.357730812013347332e-01
9.376418242491657562e-01
9.305784204671857518e-01
9.379199110122358185e-01
9.326807563959955694e-01
9.353948832035594574e-01
9.384983314794215215e-01
9.362625139043381228e-01
9.369521690767519395e-01
9.360845383759732741e-01
9.301557285873192082e-01
9.320578420467184877e-01
9.386095661846496352e-01
9.335483870967742348e-01
9.258064516129033139e-01
9.385317018909900000e-01
9.267408231368188254e-01
9.252280311457174999e-01
9.381868743047830916e-01
9.337597330367074511e-01
9.323136818687430827e-01
9.349833147942158140e-01
9.317130144605115794e-01
9.295884315906562945e-01
9.303337041156840570e-01
9.395328142380422465e-01
9.337819799777530294e-01
9.418464961067853913e-01
9.361067853170189634e-01
9.372080088987764235e-01
9.378976640711901291e-01
9.288542825361513211e-01
9.332703003337041725e-01
9.340823136818687811e-01
9.088765294771969927e-01
9.274972191323692661e-01
9.310789766407119306e-01
9.306785317018910764e-01
9.324582869855395639e-01
9.304115684093436922e-01
9.323692992213571396e-01
9.315239154616239414e-01
9.215239154616240436e-01
9.322914349276973933e-01
9.339265850945496217e-01
9.296774193548387188e-01
9.252280311457174999e-01
9.256729699666295108e-01
9.322691879866518150e-01
9.221023359288097465e-01
9.314460511679645283e-01
9.349944382647386032e-01
9.338709677419355648e-01
9.337041156840935052e-01
9.367741935483870908e-01
9.286874304783091505e-01
9.348387096774193328e-01
9.336373748609566592e-01
9.379532814238041860e-01
9.270522803114572552e-01
8.954505005561737008e-01
9.380311457174638212e-01
9.372302558398220018e-01
9.292213570634038078e-01
9.284538375973304669e-01
9.356952169076752091e-01
9.331924360400444263e-01
9.367964404894326691e-01
9.385873192436040569e-01
9.369187986651835720e-01
9.340823136818686701e-01
9.341268075639600488e-01
9.362402669632925445e-01
9.348053392658508542e-01
9.376084538375972777e-01
9.364404894327029716e-01
9.323804226918799287e-01
9.312569521690766683e-01
9.398887652947719440e-01
9.385539488320355783e-01
9.316017797552836877e-01
9.397552836484983629e-01
9.374527252502781183e-01
9.393548387096775087e-01
9.375417130144605427e-01
9.353392658509455115e-01
9.386985539488320596e-01
9.374860956618465968e-01
9.400667408231367927e-01
9.397330367074527846e-01
9.364516129032257608e-01
9.347719688542824867e-01
9.355839822024472063e-01
9.385539488320355783e-01
9.333259176863181183e-01
9.363959955506119259e-01
9.363959955506118149e-01
9.352057842046719305e-01
9.422803114571746130e-01
9.376084538375972777e-01
9.382981090100112054e-01
9.420467185761958184e-01
9.320022246941046529e-01
9.383870967741936298e-01
9.330923248053393237e-01
9.416796440489433317e-01
9.335928809788655025e-01
9.345606229143492705e-01
9.332035595105672154e-01
9.358286985539487901e-01
9.371301446051168993e-01
9.403003337041158094e-01
9.350834260289210276e-01
9.372413793103449020e-01
9.406451612903226067e-01
9.415016685205783720e-01
9.352502780867631982e-01
9.397664071190211521e-01
9.367296996662959341e-01
9.359065628476085363e-01
9.331368186874304804e-01
9.301668520578421084e-01
9.341156840934372596e-01
9.349388209121245463e-01
9.328698553948832073e-01
9.366852057842046664e-01
9.337263626251390836e-01
9.435595105672969218e-01
9.346718576195772732e-01
9.375862068965518104e-01
9.344160177975529002e-01
9.439933259176862546e-01
9.354949944382647820e-01
9.420578420467186076e-01
9.350723025583982384e-01
9.347942157953281761e-01
9.393548387096773977e-01
9.360400444938821174e-01
9.327697441601778827e-01
9.410901001112347286e-01
9.357953281423804226e-01
9.334037819799777536e-01
9.393882091212458763e-01
9.385539488320355783e-01
9.365850945494994528e-01
9.273637374860956850e-01
9.402224694104560632e-01
9.318576195773081716e-01
9.334037819799777536e-01
9.319688542825361743e-01
9.326362625139044127e-01
9.391657397107898708e-01
9.324694104560622421e-01
9.334705228031145996e-01
9.288765294771968994e-01
9.431145717463849110e-01
9.338264738598442971e-01
9.405005561735261255e-01
9.393103448275861300e-01
9.332703003337040615e-01
9.345272525027809030e-01
9.381646273637376243e-01
8.914682981090100711e-01
8.092658509454949689e-01
8.450166852057842126e-01
8.654838709677419306e-01
8.657063403781979360e-01
8.874749721913237632e-01
8.882981090100111610e-01
8.920355951056729849e-01
8.714015572858732073e-01
8.802780867630701778e-01
8.761512791991101778e-01
8.065517241379310809e-01
8.784093437152391548e-01
9.010567296996663256e-01
8.798109010011123665e-01
8.689098998887653247e-01
9.092658509454949467e-01
8.860177975528364946e-01
8.917575083426029225e-01
8.872858731924360143e-01
8.973748609566183365e-01
8.916017797552836521e-01
7.042380422691880693e-01
8.849944382647386698e-01
8.868409343715240034e-01
9.049721913236929982e-01
9.086874304783092438e-01
9.042380422691880248e-01
8.920355951056729849e-01
7.645606229143493415e-01
8.881868743047830472e-01
8.878642936596218282e-01
8.925361512791990526e-01
8.914126807563960142e-01
8.884872080088987989e-01
8.982424916573971130e-01
9.080311457174639056e-01
8.621357063403781718e-01
8.867630700778643682e-01
8.884427141268075312e-01
8.981757508342603780e-01
9.058620689655173530e-01
9.005895439377085143e-01
9.114571746384872997e-01
8.965739710789766281e-01
8.692658509454950222e-01
9.002447163515016060e-01
8.565406006674082251e-01
9.118020022246940970e-01
8.998776418242491193e-01
8.937374860956619482e-01
9.001557285873191816e-01
9.011234705228030606e-01
9.023581757508342127e-01
8.953392658509454760e-01
9.020133481646273044e-01
9.107007786429366369e-01
8.980533926585094751e-01
8.899221357063402671e-01
9.025806451612903292e-01
8.849388209121245019e-01
8.885205784204671664e-01
9.027697441601780781e-01
9.058286985539488745e-01
8.889210233592881316e-01
9.010122358175750579e-01
9.039265850945494840e-01
8.922803114571746796e-01
8.986763070077864457e-01
8.907563959955506760e-01
8.897107897664071618e-01
8.940600667408231672e-01
9.034593993325917838e-01
8.958398220244716548e-01
9.144271412680756717e-01
8.813459399332592703e-01
9.053837597330367526e-01
8.934593993325918859e-01
9.029699666295885052e-01
9.046941045606229359e-01
8.817241379310345462e-01
8.998665183537264411e-01
8.917686318131257117e-01
8.880088987764183095e-01
8.679977753058953915e-01
8.984204671857618507e-01
8.872747497219133361e-01
8.985984427141268105e-01
8.980756395995551644e-01
9.054171301446052311e-01
8.853281423804226780e-01
8.913014460511680115e-01
9.014460511679645016e-01
9.018909899888765125e-01
8.911902113459398977e-01
8.947608453837597731e-01
9.040489432703002759e-01
9.011568409343715391e-01
8.976307007786429315e-01
8.919021134593994038e-01
8.907675194660734652e-01
9.031813125695216105e-01
8.990989988876529893e-01
8.804560622914349155e-01
8.854505005561735809e-01
8.860956618464960188e-01
8.883759733036707962e-01
8.974638487208008719e-01
8.934371523915460855e-01
8.936040044493882561e-01
8.916685205784203871e-01
8.959621802002225577e-01
8.954060066740823220e-01
8.752057842046718772e-01
8.964404894327030471e-01
8.826028921023360008e-01
8.858286985539487457e-01
8.816017797552837543e-01
8.913459399332591682e-01
8.816351501668520108e-01
8.738375973303671440e-01
8.830589543937710229e-01
8.784649610678531007e-01
8.824360400444939412e-01
8.745939933259178067e-01
8.937597330367074155e-01
8.901446051167963835e-01
8.589432703003336833e-01
8.925250278086762634e-01
8.930923248053392882e-01
8.829365962180200089e-01
8.881535038932147907e-01
8.784760845383760008e-01
8.926696329254727447e-01
8.864182424916573488e-01
8.887652947719688612e-01
8.894549499443826779e-01
8.933926585094550399e-01
8.618687430478308986e-01
8.959065628476085008e-01
8.496662958843159696e-01
8.661401557285873798e-01
9.026251390433815969e-01
8.854171301446049913e-01
5.000000000000000000e-01
8.714126807563959964e-01
8.993548387096773622e-01
8.984204671857619617e-01
8.967074527252503202e-01
8.949054505005562543e-01
9.102669632925473042e-01
9.009788654060066904e-01
8.994994438264738434e-01
9.028031145717463346e-01
8.934705228031145641e-01
8.956062291434927491e-01
8.892213570634037723e-01
9.070411568409343372e-01
8.845494994438264369e-01
8.925027808676306851e-01
8.974972191323692394e-01
8.957174638487208629e-01
9.013681868743047554e-01
9.008008898776417306e-01
8.981979977753058453e-01
9.038153503893214813e-01
9.039154616240268059e-01
8.946162402669632918e-01
8.969299221357063256e-01
8.977308120133481451e-01
9.025250278086763833e-01
9.029699666295883942e-01
9.024694104560623265e-01
9.047163515016685142e-01
9.009010011123470552e-01
9.057842046718577178e-01
9.019021134593994127e-01
9.031590656284761431e-01
9.018353726362624556e-01
9.006674082313681495e-01
9.019243604004449910e-01
8.987541713014460809e-01
8.983648498331480159e-01
9.066073414905450045e-01
8.963070077864293550e-01
9.026473859844271752e-01
9.013459399332592881e-01
8.964293659621802579e-01
9.012903225806452312e-01
9.022803114571746885e-01
9.042046718576195463e-01
9.017908787541712989e-01
9.085317018909899733e-01
9.005005561735262010e-01
9.021690767519465748e-01
9.018242491657397775e-01
9.038264738598442705e-01
9.066184649610679047e-01
8.967853170189099554e-01
9.056507230255840257e-01
8.929254727474971176e-01
9.051279199110122686e-01
8.958286985539488656e-01
8.956952169076752845e-01
9.049276974416018415e-01
9.057953281423805070e-01
8.943937708565072864e-01
8.983648498331480159e-01
8.938709677419355293e-01
8.920689655172413524e-01
9.137931034482759118e-01
9.025361512791992835e-01
9.056729699666296041e-01
8.914682981090099601e-01
9.051724137931034253e-01
9.003448275862069305e-01
9.028476084538376023e-01
9.088654060066740925e-01
8.940711902113458454e-01
9.056840934371523932e-01
9.086206896551723977e-01
9.063626251390434208e-01
9.011679644048944393e-01
8.980867630700779536e-01
8.869632925472747953e-01
9.057285873192435499e-01
9.015016685205784475e-01
9.058286985539488745e-01
8.979199110122358940e-01
9.026251390433815969e-01
9.009232480533925225e-01
8.952169076751947951e-01
8.909121245828698354e-01
9.069521690767519129e-01
8.961512791991100846e-01
8.965739710789767392e-01
8.960622914349277712e-01
8.961846496106785631e-01
8.942046718576196485e-01
9.002002224694104493e-01
8.911012235817575844e-01
8.970856507230255961e-01
9.012013348164628068e-01
8.868298109010009922e-01
9.020578420467186831e-01
8.858509454949945461e-01
8.867741935483871574e-01
8.863515016685206138e-01
8.862847608453838788e-01
8.953726362625139545e-01
8.906006674082314056e-01
8.875750834260288658e-01
8.997997775305894841e-01
8.896440489432704268e-01
9.023136818687430560e-01
8.858620689655172242e-01
8.933036707452725045e-01
8.887541713014460720e-01
8.864627363737487276e-01
8.883759733036707962e-01
8.961290322580646173e-01
8.883203559510567393e-01
8.852836484983314103e-01
8.910344827586207384e-01
8.892324805339264504e-01
8.936484983314794128e-01
8.841601779755283719e-01
8.767964404894327268e-01
8.930478309232480205e-01
8.806674082313683538e-01
8.906896551724138300e-01
8.880533926585095772e-01
9.067741935483870641e-01
8.846384872080087503e-01
8.999443826473859653e-01
8.968743047830922688e-01
8.910567296996663167e-01
9.022135706340377315e-01
9.040489432703003869e-01
8.995884315906562678e-01
8.876529477196886120e-01
8.991546162402670461e-01
8.914126807563960142e-01
8.923804226918800042e-01
8.949610678531702002e-01
8.943047830923248620e-01
8.893103448275861966e-01
8.945161290322579672e-01
9.029032258064516592e-01
9.008342602892102091e-01
9.011234705228030606e-01
8.928253615127921261e-01
9.054282536151279093e-01
9.130367074527251381e-01
9.057619577308120284e-01
8.926807563959955338e-01
9.006896551724138389e-01
9.024360400444938479e-01
8.968409343715240123e-01
9.110901001112347020e-01
8.969744160177975933e-01
9.004449388209121441e-01
8.948053392658510408e-01
9.085650723025584519e-01
9.033147942157953025e-01
8.980311457174638967e-01
9.073303670745271887e-01
8.987986651835372376e-01
9.017352614015573531e-01
9.051056729699666903e-01
9.096218020022246442e-01
9.046384872080088790e-01
9.058175750834260853e-01
8.975862068965516638e-01
9.004226918798664547e-01
8.991657397107897243e-01
9.033147942157953025e-01
9.050611790878754226e-01
9.041824249165739680e-01
9.066295884315905829e-01
9.022803114571746885e-01
9.016573971078977179e-01
8.949833147942157785e-01
9.020355951056729937e-01
9.043492769744160276e-01
9.011123470522803824e-01
8.988097886540600268e-01
9.015127919911011256e-01
9.050723025583982118e-01
9.070745272525027048e-01
9.022803114571746885e-01
8.958954393770856006e-01
8.968520578420468015e-01
9.025583982202447508e-01
9.026696329254728646e-01
8.976195773081201423e-01
8.991657397107898353e-01
9.022580645161291102e-01
9.049499443826475309e-01
9.082091212458286433e-01
9.045161290322579761e-01
9.079644048943270596e-01
9.016796440489432962e-01
8.917130144605116548e-01
9.011457174638487500e-01
9.089432703003337277e-01
9.003225806451612412e-01
9.053170189098999066e-01
9.024916573971079048e-01
9.046496106785316682e-01
9.010456062291435364e-01
9.019466073414905694e-01
9.024026696329254804e-01
9.052836484983316501e-01
8.912013348164626869e-01
9.083426028921023354e-01
8.953058954393771085e-01
9.057174638487208718e-01
8.985094549499443861e-01
9.024360400444938479e-01
8.908787541713014679e-01
9.007230255839823174e-01
8.994104560622914191e-01
9.081646273637374867e-01
8.839710789766407339e-01
9.030700778642936077e-01
8.999888765294772330e-01
8.948053392658510408e-01
8.978754171301446263e-01
8.917463848720801334e-01
9.113681868743047643e-01
8.877641824249166147e-01
8.915906562847608630e-01
8.937374860956618372e-01
8.972747497219131230e-01
8.940489432703003780e-01
8.978197997775306805e-01
8.959176863181312900e-01
8.949610678531702002e-01
8.940823136818688566e-01
9.091434927697441548e-01
8.898998887652949108e-01
8.967185761957729984e-01
8.956062291434927491e-01
9.411790878754171530e-01
9.456395995550611611e-01
9.475973303670744974e-01
7.563515016685207204e-01
9.478865406006673489e-01
6.885428253615127892e-01
7.113681868743048087e-01
6.972191323692992215e-01
9.484538375973303737e-01
9.455061179087875800e-01
9.452280311457175177e-01
9.472858731924360676e-01
9.426807563959955782e-01
6.967630700778643105e-01
9.443937708565073308e-01
9.483648498331479493e-01
7.120244716351501468e-01
6.993548387096774066e-01
7.015183537263627311e-01
9.420467185761958184e-01
9.498331479421580070e-01
9.469966629588433271e-01
9.419911012235817616e-01
9.437931034482759385e-01
9.449054505005561877e-01
9.195216907675195506e-01
7.397997775305895640e-01
6.881201334816462456e-01
9.444048943270301200e-01
9.468409343715239457e-01
6.986318131256952224e-01
9.406451612903224957e-01
9.444271412680758093e-01
9.504671857619577668e-01
9.507563959955506183e-01
9.458843159065628559e-01
9.443270300333704848e-01
9.447052280311457606e-01
9.415684093437153290e-01
9.420467185761958184e-01
9.451946607341490392e-01
9.458064516129032206e-01
9.431813125695217570e-01
9.390433815350389679e-01
9.460956618464961831e-01
9.422803114571747241e-01
9.403893214682981228e-01
9.494883203559509877e-01
7.461846496106785409e-01
9.366852057842046664e-01
9.422469410456062455e-01
9.445939933259175358e-01
9.306006674082313301e-01
9.477975528364850355e-01
9.383537263626251512e-01
9.413125695216907340e-01
9.385205784204672108e-01
9.340711902113458809e-01
9.434260289210233408e-01
7.952558398220245239e-01
9.479644048943269841e-01
9.384927697441601824e-01
9.442269187986651602e-01
9.425806451612903647e-01
7.258175750834261475e-01
9.400667408231367927e-01
9.383537263626251512e-01
9.448275862068965525e-01
9.384427141268075756e-01
9.435817575083427222e-01
9.239933259176862368e-01
9.438264738598443060e-01
9.450945494994438256e-01
9.396218020022246709e-01
9.344716351501668461e-01
9.402892102335927982e-01
9.355061179087875711e-01
9.452725250278086744e-01
9.365294771968855070e-01
9.317575083426028471e-01
9.307675194660733897e-01
9.356507230255840524e-01
9.448164627363737633e-01
9.409121245828697688e-01
9.401668520578421173e-01
9.415461624026696397e-01
9.360066740823136389e-01
9.398109010011124198e-01
9.419243604004450265e-01
9.369076751946607828e-01
9.464849833147942482e-01
9.376418242491657562e-01
9.355617352614016280e-01
9.447719688542824956e-01
9.327586206896552046e-01
9.441045606229143683e-01
9.427919911012235810e-01
9.422135706340378780e-01
9.401334816462737498e-01
9.404115684093438121e-01
9.414126807563960586e-01
9.394327030033371440e-01
9.423692992213571484e-01
9.392992213570634519e-01
7.057730812013347510e-01
9.429699666295884297e-01
9.371746384872080560e-01
9.395884315906563033e-01
9.366740823136818772e-01
9.344382647385983676e-01
9.345494994438264813e-01
9.348498331479422330e-01
9.436818687430478247e-01
9.349610678531701247e-01
9.429810901001112189e-01
9.411679644048943638e-01
9.339377085650724108e-01
9.389988876529477002e-01
9.389655172413794437e-01
9.403448275862069661e-01
9.384427141268076866e-01
9.410567296996663611e-01
9.290989988876529049e-01
9.435706340378198220e-01
9.357842046718576334e-01
9.391991101223581273e-01
9.377641824249165481e-01
9.339599555061179892e-01
9.472525027808677001e-01
9.427363737486096351e-01
9.458008898776418816e-01
9.456284760845383719e-01
9.489988876529477091e-01
9.485205784204672197e-01
9.441824249165740035e-01
9.497219132369298933e-01
9.390100111234706004e-01
9.466740823136818861e-01
9.230255839822025798e-01
9.447719688542826066e-01
9.464293659621801913e-01
9.517686318131257650e-01
9.473637374860957028e-01
9.421023359288097643e-01
9.174416017797553113e-01
9.427252502780868459e-01
8.753170189098998799e-01
9.347441601779755693e-01
8.792324805339265525e-01
9.457619577308120640e-01
9.475528364849834517e-01
9.462958843159066102e-01
9.414905450500555828e-01
9.469966629588431051e-01
9.456284760845383719e-01
9.419688542825361832e-01
9.474972191323692838e-01
9.437708565072302491e-01
9.446496106785317037e-01
9.449165739710789769e-01
9.453058954393771529e-01
9.431813125695217570e-01
9.440155728587319439e-01
9.406840934371524243e-01
9.475305895439376513e-01
9.420022246941046618e-01
9.418131256952169128e-01
9.425361512791990970e-01
9.440489432703003114e-01
9.475194660734148622e-01
9.474416017797553380e-01
9.444382647385984875e-01
7.491657397107897021e-01
9.426251390433816324e-01
9.456395995550611611e-01
9.418909899888765480e-01
8.728031145717463080e-01
9.437819799777530383e-01
9.407897664071190880e-01
9.436484983314794572e-01
9.435706340378198220e-01
9.426473859844272107e-01
9.439599555061179981e-01
9.398109010011124198e-01
9.464738598442714590e-01
9.428253615127919485e-01
9.427919911012235810e-01
9.440934371523915791e-01
9.387319243604005381e-01
9.395995550611790925e-01
9.422691879866519349e-01
9.441490545050056360e-01
9.423359288097885589e-01
9.434037819799777624e-01
9.411902113459399422e-01
9.410122358175750934e-01
9.388542825361512190e-01
9.407063403781980027e-01
6.565850945494994262e-01
9.431145717463849110e-01
9.393214682981090302e-01
9.490211345939933985e-01
9.401223581757508496e-01
9.426362625139043105e-01
9.415906562847607963e-01
9.445161290322580117e-01
9.396106785317018817e-01
9.411457174638487855e-01
6.710456062291434431e-01
6.192769744160178114e-01
9.412569521690767882e-01
9.389098998887653869e-01
9.369466073414904894e-01
9.403114571746384875e-01
9.401112347052280604e-01
9.383537263626251512e-01
9.435150166852057652e-01
7.132869855394883274e-01
9.393659621802002979e-01
9.417130144605116993e-01
9.414682981090101155e-01
9.376084538375972777e-01
9.464404894327028694e-01
9.459510567296997019e-01
9.380200222469410321e-01
9.410567296996663611e-01
8.602169076751946530e-01
8.011123470522802936e-01
9.373414905450502266e-01
9.435261401557285543e-01
9.332814238042269617e-01
7.074749721913238254e-01
9.474193548387097596e-01
9.392436040044493950e-01
9.410344827586206717e-01
9.392769744160178735e-01
9.472080088987764324e-01
7.249165739710788925e-01
9.438820912124583629e-01
9.428364849833148487e-01
9.398109010011124198e-01
9.430255839822024866e-01
9.351390433815350844e-01
9.406117908787542392e-01
9.386763070077864812e-01
9.387319243604005381e-01
7.128142380422692881e-01
9.314238042269187279e-01
9.303670745272525355e-01
9.288209121245828426e-01
9.445383759733037010e-01
9.369521690767519395e-01
9.325695216907675666e-01
9.344271412680756894e-01
9.366184649610679314e-01
9.337263626251390836e-01
9.461957730812013967e-01
7.008008898776417750e-01
9.446607341490544929e-01
9.411679644048943638e-01
9.448053392658509742e-01
9.470411568409343728e-01
9.441268075639599466e-01
9.433259176863181272e-01
9.021245828698555291e-01
6.909232480533926690e-01
9.472747497219132784e-01
9.486318131256952224e-01
9.434705228031146085e-01
9.456507230255840613e-01
9.412958843159066058e-01
9.455617352614015259e-01
9.453615127919910988e-01
9.471968854282536432e-01
9.448943270300333985e-01
9.476640711902113434e-01
9.412680756395995774e-01
9.481090100111234653e-01
9.420467185761958184e-01
9.472413793103447999e-01
9.442380422691880604e-01
7.314627363737487009e-01
9.442157953281423710e-01
9.438375973303669841e-01
9.504449388209121885e-01
9.471078976640712188e-01
9.478754171301446707e-01
9.458286985539489100e-01
9.482536151279199466e-01
7.890989988876528916e-01
9.421357063403782428e-01
7.763904338153504447e-01
9.365294771968853960e-01
9.440934371523915791e-01
9.420244716351502401e-01
9.446162402669633362e-01
9.444549499443827267e-01
7.075139043381534210e-01
9.466518353726363078e-01
9.428253615127920595e-01
9.479087875417130382e-01
9.495884315906562012e-01
9.428253615127920595e-01
9.399110122358176334e-01
9.463515016685205561e-01
9.421802002224695105e-01
9.423581757508342482e-01
5.000000000000000000e-01
9.400444938820912144e-01
9.452836484983315746e-01
5.016129032258064280e-01
9.436596218020021354e-01
9.479866518353726734e-01
9.368631813125695151e-01
9.480645161290321976e-01
7.370745272525027758e-01
9.467964404894327890e-01
9.435483870967741327e-01
5.918464961067853025e-01
9.433147942157954491e-01
6.847107897664070908e-01
9.385317018909900000e-01
9.412235817575083097e-01
9.397219132369299954e-01
9.437708565072302491e-01
9.473971078976640703e-01
9.412013348164627313e-01
9.422469410456062455e-01
9.445939933259176469e-01
9.460622914349277046e-01
8.649610678531702845e-01
9.405561735261400713e-01
9.423804226918799376e-01
9.435261401557286653e-01
9.388320355951056406e-01
8.110845383759732741e-01
9.441268075639599466e-01
9.484093437152391060e-01
9.341713014460512055e-01
9.366184649610678203e-01
9.426362625139044216e-01
9.432703003337041814e-01
9.378531701890989725e-01
9.438153503893215168e-01
9.424471635150166726e-01
9.406395995550612676e-01
9.374193548387098618e-01
7.522469410456062988e-01
9.405450500556173932e-01
9.386763070077864812e-01
9.306229143492770195e-01
9.420689655172413968e-01
7.166518353726362145e-01
9.404783092324806582e-01
7.277419354838711163e-01
9.399332591768632117e-01
9.366407119021135097e-01
9.411012235817576288e-01
9.315795328142379983e-01
9.280867630700778692e-01
9.478865406006673489e-01
9.383982202447164189e-01
9.350389321468298709e-01
7.172080088987763391e-01
9.338264738598444081e-01
9.423470522803115701e-01
7.306229143492769529e-01
9.291546162402669617e-01
9.380645161290321887e-01
8.225250278086764233e-01
9.334371523915461211e-01
5.000000000000000000e-01
8.396774193548386389e-01
7.981201334816463433e-01
9.403337041156841769e-01
9.397552836484983629e-01
9.418242491657397020e-01
6.882647385984427268e-01
9.307230255839822330e-01
7.261290322580645773e-01
9.317686318131257472e-01
9.423915461624026157e-01
9.374860956618464858e-01
9.335539488320355739e-01
9.455951056729700044e-01
9.495216907675194662e-01
9.456729699666296396e-01
9.488654060066741280e-01
9.440266963292547331e-01
9.460066740823136477e-01
9.490322580645161876e-01
9.375973303670745995e-01
9.476751946607342436e-01
9.478420467185763032e-01
9.459733036707452802e-01
9.480200222469410409e-01
9.440489432703003114e-01
9.446384872080090256e-01
8.585539488320356183e-01
9.480533926585095195e-01
9.467296996662958319e-01
9.398998887652948442e-01
9.469744160177975267e-01
9.466407119021135186e-01
9.446384872080090256e-01
9.448275862068966635e-01
9.449499443826474554e-01
9.445494994438266012e-01
9.485094549499444305e-01
7.084649610678531717e-01
9.480422691879866193e-01
9.483092324805338924e-01
9.446384872080089146e-01
9.481201334816463655e-01
9.434705228031146085e-01
9.438709677419354627e-01
9.436262513904337679e-01
9.488876529477197064e-01
9.396662958843158275e-01
9.432703003337040704e-01
9.389321468298108542e-01
9.395328142380424685e-01
9.411568409343715746e-01
9.452280311457175177e-01
9.441045606229143683e-01
9.432591768631813922e-01
9.486429365962180116e-01
9.434037819799777624e-01
9.320467185761958095e-01
9.493214682981090391e-01
9.470745272525027403e-01
9.404894327030033363e-01
9.436596218020021354e-01
9.446607341490544929e-01
9.396996662958843061e-01
9.454505005561735231e-01
9.434705228031146085e-01
9.451724137931034608e-01
9.399110122358176334e-01
9.463070077864293994e-01
9.440378197997775223e-01
9.416351501668520640e-01
9.439488320355950979e-01
9.413681868743047909e-01
9.433704115684092839e-01
9.366407119021133987e-01
9.380756395995550889e-01
9.358286985539487901e-01
9.429588431590656405e-01
9.387764182424918058e-01
9.472858731924360676e-01
9.379421579532813968e-01
9.480756395995550978e-01
9.390211345939933896e-01
9.422469410456062455e-01
9.429143492769743728e-01
9.370634037819801643e-01
9.416351501668520640e-01
9.409677419354838257e-01
9.444493882091212766e-01
9.419466073414906049e-01
9.415906562847609074e-01
9.416573971078977534e-01
9.457842046718576423e-01
9.441045606229143683e-01
9.439599555061179981e-01
9.374527252502780073e-01
9.419799777530589724e-01
9.394438264738598221e-01
9.457397107897663746e-01
9.397330367074527846e-01
9.390433815350389679e-01
9.376751946607342347e-01
9.389655172413793327e-01
9.435038932146829760e-01
9.347163515016685409e-01
9.392102335928810275e-01
9.370967741935483097e-01
9.374638487208010185e-01
9.400778642936595819e-01
9.379755283648498754e-01
9.387430478309233273e-01
9.374860956618464858e-01
9.420800889877640749e-01
9.402224694104560632e-01
9.366073414905450312e-01
9.342936596218018863e-01
9.375750834260289102e-01
9.404226918798666013e-01
9.435150166852057652e-01
9.282424916573971396e-01
9.386429365962180027e-01
9.414015572858731584e-01
9.336707452725250267e-01
9.398998887652947332e-01
9.411790878754171530e-01
9.387430478309232162e-01
9.337374860956617617e-01
9.316129032258064768e-01
9.369521690767520505e-01
9.496885428253615258e-01
9.368075639599554583e-01
9.339710789766407784e-01
9.360066740823137499e-01
9.414238042269189588e-01
9.396662958843159386e-01
9.354838709677419928e-01
9.467964404894327890e-01
9.333481646273636967e-01
9.420578420467184966e-01
9.325361512791989771e-01
9.429254727474971620e-01
9.469966629588432161e-01
9.372525027808675802e-01
9.473303670745273353e-01
9.446496106785317037e-01
9.409899888765295151e-01
9.461735261401555963e-01
9.466963292547274644e-01
9.492213570634038255e-01
9.468409343715239457e-01
9.453726362625139990e-01
9.422914349276975132e-01
9.468186874304782563e-01
9.424916573971078293e-01
9.487764182424917037e-01
9.487764182424917037e-01
9.481423804226918328e-01
9.487764182424917037e-01
9.469410456062291592e-01
9.437931034482758275e-01
9.464738598442714590e-01
9.454060066740822554e-01
9.462068965517241859e-01
9.423359288097886699e-01
9.448164627363738743e-01
9.489655172413793416e-01
9.410567296996662501e-01
9.452614015572858852e-01
9.491768631813125578e-01
9.432591768631812812e-01
9.458843159065628559e-01
9.439933259176863656e-01
9.441824249165740035e-01
9.435483870967742437e-01
9.439710789766407872e-01
9.452391546162403069e-01
9.441268075639600577e-01
9.384093437152390971e-01
9.481979977753058897e-01
9.441045606229143683e-01
9.456952169076752179e-01
9.457285873192435854e-01
9.423692992213571484e-01
9.418353726362624911e-01
9.459844271412681804e-01
9.401334816462736388e-01
9.448832035595106094e-01
9.431479421579532785e-01
9.469632925472747376e-01
9.456507230255839502e-01
9.401001112347052713e-01
9.434260289210233408e-01
9.443826473859844306e-01
9.442825361512792171e-01
9.430923248053393326e-01
9.430812013348165435e-01
9.441045606229142573e-01
9.453392658509455204e-01
9.398665183537264767e-01
9.463292547274749777e-01
9.425917686318131539e-01
9.423804226918798266e-01
9.415016685205784830e-01
9.472413793103447999e-01
9.349388209121246573e-01
9.411679644048942528e-01
9.451724137931034608e-01
9.350723025583981274e-01
9.421802002224693995e-01
9.421468298109010320e-01
9.416796440489433317e-01
9.375305895439376425e-01
9.414349276974416370e-01
9.379977753058954537e-01
9.406785317018909742e-01
9.390545050055617571e-01
9.416240266963292749e-01
9.363292547274750799e-01
9.419911012235818726e-01
9.384649610678532650e-01
9.435706340378198220e-01
9.361067853170189634e-01
9.376640711902113345e-01
9.371412680756396885e-01
9.424582869855394618e-01
9.386651835372636921e-01
9.416462736373748532e-01
9.398553948832035765e-01
9.474527252502781272e-01
9.380200222469411431e-01
9.446718576195772821e-01
9.366740823136817662e-01
9.390322580645160677e-01
9.389543937708565435e-01
9.407119021134594528e-01
9.442491657397108495e-01
9.398665183537262546e-01
9.371635150166852668e-01
9.456896551724137678e-01
9.322580645161291368e-01
9.340600667408230917e-01
9.280756395995550800e-01
9.420689655172413968e-01
9.389098998887652758e-01
9.393437152391547196e-01
9.385984427141268460e-01
9.333704115684092750e-01
9.366740823136818772e-01
9.374860956618464858e-01
9.381868743047830916e-01
9.346829810901000624e-01
9.335928809788655025e-01
9.372747497219132695e-01
9.356618464961067305e-01
9.357508342602892659e-01
9.398665183537262546e-01
9.395328142380422465e-01
9.416351501668520640e-01
9.390656284760845463e-01
9.366184649610679314e-01
9.347608453837598086e-01
9.361957730812012768e-01
9.411012235817575178e-01
9.391657397107897598e-01
9.436151279199110897e-01
9.389210233592880650e-01
9.414349276974416370e-01
9.376974416017798131e-01
9.403448275862068551e-01
9.474860956618466057e-01
9.416462736373748532e-01
9.479199110122358274e-01
9.467185761957730428e-01
9.485761957730811655e-01
9.476084538375975086e-01
9.461012235817576332e-01
9.452836484983314635e-01
4.983870967741935720e-01
9.384760845383759431e-01
9.470411568409344838e-01
9.494104560622913525e-01
9.482536151279199466e-01
9.451946607341490392e-01
9.419243604004449155e-01
9.495661846496107339e-01
9.400889877641823711e-01
9.481090100111234653e-01
9.511123470522803158e-01
9.436151279199109787e-01
9.460734149054504938e-01
9.468520578420466238e-01
9.424805339265851511e-01
9.396106785317019927e-01
9.450500556173525579e-01
9.463292547274749777e-01
5.000000000000000000e-01
9.488765294771968062e-01
9.463848720800889236e-01
9.425361512791992080e-01
9.463403781979978779e-01
9.455839822024472152e-01
9.460956618464960721e-01
9.419577308120133941e-01
9.292547274749720643e-01
9.441713014460512143e-01
9.395328142380422465e-01
9.448498331479422419e-01
9.416129032258064857e-01
9.457397107897664856e-01
9.435038932146829760e-01
9.431590656284760676e-01
9.397997775305895196e-01
9.471635150166852757e-01
9.423025583982201914e-01
9.423136818687429805e-01
9.449165739710790879e-01
9.449165739710789769e-01
9.473192436040044351e-01
9.402224694104561742e-01
9.445939933259176469e-01
9.413793103448275801e-01
9.407452725250278203e-01
9.411902113459398311e-01
9.439599555061179981e-01
9.463515016685205561e-01
9.441268075639598356e-01
9.458731924360401777e-01
9.423692992213570374e-01
9.397552836484983629e-01
9.426251390433815214e-01
9.392658509454949733e-01
9.426807563959955782e-01
9.435595105672970329e-01
9.422246941045605562e-01
9.365406006674081851e-01
9.463181312569521886e-01
9.424026696329255159e-01
9.416351501668520640e-01
9.366518353726362989e-01
9.411568409343715746e-01
9.438598442714127845e-01
9.453392658509455204e-01
9.304894327030034384e-01
9.312124582869856226e-01
9.376751946607342347e-01
9.448275862068964415e-01
9.432146829810901245e-01
9.380978865406007783e-01
9.384538375973303648e-01
9.375528364849833318e-01
9.396106785317018817e-01
9.440266963292547331e-01
9.420022246941046618e-01
9.342936596218021084e-01
9.381312569521690348e-01
9.400000000000000577e-01
9.360289210233593282e-01
9.378865406006673400e-01
9.453615127919912098e-01
9.414349276974415259e-01
9.383426028921024731e-01
9.375750834260290212e-01
9.405116796440489146e-01
9.378309232480533941e-01
9.415016685205784830e-01
9.419688542825361832e-01
9.350723025583982384e-01
9.341268075639599378e-01
9.374527252502780073e-01
9.391657397107897598e-01
9.386874304783092704e-01
9.322803114571746042e-01
9.445050055617352225e-01
9.439154616240267304e-01
9.419911012235817616e-01
9.379866518353726645e-01
9.335595105672971350e-01
9.372969966629588479e-01
9.377196885428253914e-01
9.382981090100112054e-01
9.342602892102336298e-01
9.334037819799777536e-01
9.387208008898776379e-01
9.397775305895439413e-01
9.359844271412680605e-01
9.328476084538376290e-01
9.423248053392658807e-01
9.392547274749722952e-01
9.417130144605116993e-01
9.268743047830922954e-01
9.428698553948832162e-01
9.339043381535038213e-01
9.413348164627363124e-01
9.316129032258063658e-01
9.369521690767519395e-01
9.432035595105673353e-01
9.375083426028920641e-01
9.449944382647386121e-01
9.429922135706340081e-01
9.393882091212458763e-01
9.441268075639599466e-01
9.383314794215795729e-01
9.411234705228030961e-01
9.350166852057842926e-01
9.398220244716352090e-01
9.428142380422692703e-01
9.429699666295885407e-01
9.419577308120132830e-01
9.473303670745273353e-01
9.431590656284760676e-01
9.459288097886540125e-01
9.423359288097886699e-01
9.481757508342603114e-01
9.432925472747497597e-01
9.341045606229143594e-01
9.429810901001113299e-01
9.427697441601778916e-01
9.421690767519466103e-01
9.424471635150167836e-01
9.378531701890989725e-01
9.399332591768632117e-01
9.365628476084538745e-01
9.444938820912124333e-01
9.423581757508342482e-01
9.381090100111235675e-01
9.360066740823136389e-01
9.406562847608452849e-01
9.424471635150166726e-01
9.419021134593993372e-01
9.388320355951056406e-01
9.417241379310344884e-01
9.421690767519464993e-01
9.431256952169077001e-01
9.404226918798664903e-01
9.394994438264738790e-01
9.416351501668520640e-01
9.363403781979977580e-01
9.438598442714126735e-01
9.371746384872079449e-01
9.397441601779755738e-01
9.393325917686318194e-01
9.450834260289210365e-01
9.441601779755284252e-01
9.369855394883204180e-01
9.437597330367074600e-01
9.369744160177975179e-01
9.402224694104559521e-01
9.395439377085650356e-01
9.399332591768632117e-01
9.439488320355950979e-01
9.384760845383760541e-01
9.424249165739710943e-01
9.368409343715239368e-01
9.374638487208009074e-01
9.394438264738598221e-01
9.431924360400444352e-01
9.403893214682981228e-01
9.407230255839822419e-01
9.371523915461623666e-01
9.396551724137931494e-01
9.418353726362626022e-01
9.407341490545050311e-01
9.439043381535039412e-01
9.406674082313681851e-01
9.421023359288098753e-01
9.402558398220244307e-01
9.355283648498331495e-01
9.347719688542825978e-01
9.418353726362624911e-01
9.392324805339267169e-01
9.376307007786429670e-01
9.405005561735261255e-01
9.360622914349276957e-01
9.338820912124582430e-01
9.460622914349277046e-01
9.399777530589544794e-01
9.345494994438264813e-01
9.372636262513904803e-01
9.375417130144605427e-01
9.389321468298109652e-01
9.354949944382646709e-01
9.407563959955507205e-01
9.408231368186874555e-01
9.393214682981089192e-01
9.431034482758621218e-01
9.399666295884315792e-01
9.375417130144605427e-01
9.348164627363737544e-01
9.342825361512792082e-01
9.396218020022247819e-01
9.369744160177976289e-01
9.402558398220244307e-01
9.394104560622913436e-01
9.349499443826473355e-01
9.376418242491657562e-01
9.319354838709676958e-01
9.428031145717463701e-01
9.411790878754171530e-01
9.357619577308120551e-01
9.391212458286986031e-01
9.374304783092324289e-01
9.372636262513904803e-01
9.386985539488321706e-01
9.356062291434927847e-01
9.408120133481646663e-01
9.377975528364850266e-01
9.333370411568409075e-01
9.400444938820912144e-01
9.405228031145718148e-01
9.380533926585095106e-01
9.314682981090099956e-01
9.279310344827585988e-01
9.351390433815350844e-01
9.375639599555061210e-01
9.342714126807565300e-01
9.396662958843158275e-01
9.390211345939932785e-01
9.415906562847609074e-01
9.384315906562848975e-01
9.453058954393771529e-01
9.367074527252502447e-01
9.337931034482758186e-01
9.351167964404895061e-01
9.392769744160178735e-01
9.380422691879867214e-01
9.425472747497218862e-01
9.433036707452725489e-01
9.447163515016685498e-01
9.437931034482759385e-01
9.413904338153503693e-01
9.485873192436040657e-01
9.465628476084539944e-01
9.429254727474971620e-01
9.407675194660733986e-01
9.477641824249166680e-01
9.458843159065628559e-01
9.394883203559510898e-01
9.415684093437152180e-01
9.437041156840935141e-01
9.419577308120133941e-01
9.374416017797553291e-01
9.439043381535039412e-01
9.403448275862069661e-01
9.405116796440489146e-01
9.448053392658509742e-01
9.451835372636262500e-01
9.452836484983314635e-01
9.368298109010011476e-01
9.369299221357063612e-01
9.427141268075639458e-01
9.436151279199109787e-01
9.421245828698554536e-01
9.463292547274749777e-01
9.351056729699667169e-01
9.448275862068966635e-01
9.437041156840934031e-01
9.451946607341490392e-01
9.418576195773081805e-01
9.377419354838709697e-01
9.409899888765296261e-01
9.436818687430479358e-01
9.439154616240267304e-01
9.421690767519464993e-01
9.447608453837597065e-01
9.437597330367075710e-01
9.415684093437151070e-01
9.438932146829810410e-01
9.423470522803113480e-01
9.408453837597330338e-01
9.385094549499444216e-01
9.420578420467186076e-01
9.436151279199110897e-01
9.358509454949945905e-01
9.360177975528365391e-01
9.436596218020022464e-01
9.410567296996663611e-01
9.352169076751946086e-01
9.368520578420467260e-01
9.414349276974416370e-01
9.429477196885427404e-01
9.386763070077863702e-01
9.418909899888765480e-01
9.378420467185761833e-01
9.405005561735262365e-01
9.402892102335929092e-01
9.417130144605118103e-01
9.333481646273638077e-01
9.411902113459399422e-01
9.434816462736373976e-01
9.406451612903226067e-01
9.395105672969966681e-01
9.344938820912124244e-01
9.385428253615127892e-01
9.400556173526140036e-01
9.385205784204672108e-01
9.387986651835372731e-01
9.429254727474972730e-01
9.395773081201335142e-01
9.414238042269188478e-01
9.386429365962181137e-01
9.382758620689654050e-01
9.450500556173525579e-01
9.375862068965516993e-01
9.388765294771969083e-01
9.341601779755283053e-01
9.391768631813126600e-01
9.406117908787542392e-01
9.393548387096773977e-01
9.417908787541713345e-01
9.387430478309233273e-01
9.415572858731924288e-01
9.345272525027807919e-01
9.383092324805339945e-01
9.351501668520578736e-01
9.401001112347051603e-01
9.430812013348164324e-01
9.351946607341491413e-01
9.323359288097886610e-01
9.355506117908788388e-01
9.329922135706341102e-01
9.453058954393770419e-01
9.315572858731924200e-01
9.259176863181312056e-01
9.377753058954393373e-01
9.357285873192436876e-01
9.365072302558398176e-01
9.388542825361512190e-01
9.402224694104561742e-01
9.327586206896553156e-01
9.410567296996662501e-01
9.421913236929924107e-01
9.433704115684093949e-01
9.342380422691879405e-01
9.379755283648498754e-01
9.449721913236930337e-01
9.369187986651835720e-01
9.411790878754171530e-01
9.293214682981090213e-01
9.310678531701891414e-01
9.290656284760845374e-01
9.306896551724139766e-01
9.407452725250278203e-01
9.377085650723024912e-01
9.417130144605116993e-01
9.323359288097886610e-01
9.270856507230255117e-01
9.331034482758621129e-01
9.301779755283648976e-01
9.321023359288098664e-01
9.311568409343715658e-01
9.297775305895439324e-01
9.319243604004450177e-01
9.368965517241378826e-01
9.395216907675194573e-01
9.440600667408232116e-01
9.440489432703003114e-01
9.384204671857619973e-01
9.433370411568410274e-01
9.426362625139043105e-01
9.411345939933259963e-01
9.397330367074526736e-01
9.416017797552835855e-01
9.428587319243604270e-01
9.455728587319243150e-01
9.405561735261400713e-01
9.402669632925473309e-01
9.422803114571746130e-01
9.456507230255840613e-01
9.407897664071190880e-01
9.451946607341491502e-01
9.437486095661846708e-01
9.363959955506118149e-01
9.412569521690767882e-01
9.398665183537264767e-01
9.440823136818687900e-01
9.431368186874306003e-01
9.468965517241380025e-01
9.436596218020022464e-01
9.411902113459399422e-01
9.405561735261401823e-01
9.290656284760845374e-01
9.455283648498331583e-01
9.408565072302558230e-01
9.435372636262513435e-01
9.412903225806452667e-01
9.403448275862069661e-01
9.405228031145718148e-01
9.437819799777530383e-01
9.371190211345939991e-01
9.448720800889877092e-01
9.435928809788654004e-01
9.411234705228030961e-01
9.420912124582869751e-01
9.416017797552836965e-01
9.391323692992213923e-01
9.409010011123470907e-01
9.416685205784205426e-01
9.422135706340377670e-01
9.407786429365961878e-01
9.444160177975529091e-01
9.386206896551724244e-01
9.349388209121245463e-01
9.406117908787541282e-01
9.396218020022247819e-01
9.422580645161290347e-01
9.381423804226919350e-01
9.400778642936596929e-01
9.355839822024470953e-01
9.388765294771967973e-01
9.405784204671857607e-01
9.378086763070078158e-01
9.398553948832035765e-01
9.427030033370411566e-01
9.393770856507229761e-01
9.346718576195773842e-01
9.438598442714127845e-01
9.430589543937708541e-01
9.398665183537263657e-01
9.375528364849832208e-01
9.355061179087875711e-01
9.376974416017798131e-01
9.370856507230256316e-01
9.423136818687430916e-01
9.439043381535039412e-01
9.419577308120133941e-01
9.376529477196885454e-01
9.353170189098998222e-01
9.441490545050055250e-01
9.387764182424915838e-01
9.412347052280309878e-01
9.347163515016685409e-01
9.424249165739710943e-01
9.368965517241378826e-01
9.398776418242491548e-01
9.380533926585095106e-01
9.271523915461625798e-01
9.398998887652948442e-01
9.308565072302558141e-01
9.384760845383759431e-01
9.269410456062292525e-01
9.342825361512792082e-01
9.367964404894327801e-01
9.367519466073415124e-01
9.367074527252502447e-01
9.407452725250279313e-01
9.389766407119021219e-01
9.363515016685206582e-01
9.373081201334816370e-01
9.405561735261401823e-01
9.416129032258065967e-01
9.298442714126806674e-01
9.363292547274749689e-01
9.353058954393771440e-01
9.463626251390433453e-01
9.348609566184649111e-01
9.365850945494994528e-01
9.400667408231367927e-01
9.376084538375973887e-01
9.416462736373748532e-01
9.358064516129032118e-01
9.394994438264738790e-01
9.402113459399333850e-01
9.446941045606228604e-01
9.404560622914350798e-01
9.386206896551725354e-01
9.343492769744160542e-01
9.404894327030033363e-01
9.326028921023360452e-01
9.348498331479421219e-01
9.379199110122358185e-01
9.334816462736373888e-01
9.337374860956619838e-01
9.327141268075640479e-01
9.404115684093437011e-01
9.440266963292547331e-01
9.342046718576195730e-01
9.397219132369298844e-01
9.394994438264738790e-01
9.380645161290322998e-01
9.365294771968852849e-01
9.366740823136818772e-01
7.405339265850945374e-01
7.085650723025583853e-01
8.717463848720801156e-01
8.905228031145717704e-01
7.024972191323692883e-01
9.205339265850944752e-01
9.407452725250278203e-01
9.421245828698554536e-01
9.151056729699666992e-01
9.166740823136819705e-01
6.838431590656284254e-01
9.157174638487207696e-01
6.883092324805338835e-01
7.455839822024471486e-01
7.637708565072303113e-01
9.125806451612903381e-01
9.420244716351502401e-01
8.937041156840934697e-01
7.303337041156841014e-01
8.907119021134594083e-01
9.407897664071190880e-01
9.427586206896552135e-01
7.083982202447163257e-01
9.439933259176862546e-01
9.469632925472747376e-01
6.832480533926584831e-01
6.848498331479422330e-01
7.031701890989989767e-01
7.112458286985539058e-01
6.908787541713015123e-01
9.427808676307007918e-01
6.895884315906564144e-01
9.442157953281422600e-01
9.212458286985539813e-01
6.161624026696328471e-01
6.941490545050055250e-01
9.036040044493881540e-01
9.399443826473860009e-01
9.434260289210234518e-01
6.875194660734149643e-01
7.239599555061179137e-01
8.032703003337041681e-01
8.623915461624026557e-01
9.202280311457174955e-01
9.405228031145719259e-01
6.836429365962179983e-01
9.094215795328142171e-01
9.367908787541714410e-01
7.101557285873192349e-01
8.825917686318132116e-01
9.360400444938821174e-01
9.352391546162402980e-01
7.373526140155728381e-01
8.218131256952170283e-01
7.043659621802003112e-01
6.981868743047831005e-01
9.053281423804226957e-01
9.467853170189099998e-01
6.872803114571747196e-01
8.169855394883204225e-01
8.695439377085650845e-01
7.194549499443826379e-01
6.853726362625138790e-01
9.400500556173525535e-01
9.399221357063404225e-01
8.426918798665183896e-01
9.445050055617352225e-01
9.436262513904337679e-01
8.966295884315906850e-01
9.354949944382646709e-01
9.341045606229144704e-01
6.956173526140156937e-01
9.430255839822023756e-01
9.408509454949944839e-01
8.907230255839821975e-01
9.365183537263626068e-01
7.327030033370411921e-01
9.379977753058954537e-01
9.435261401557286653e-01
7.446496106785317481e-01
5.000000000000000000e-01
9.178754171301446441e-01
9.421635150166852712e-01
9.366184649610679314e-01
9.177753058954394305e-01
9.450278086763070906e-01
9.069521690767519129e-01
7.236596218020021620e-01
9.481423804226919438e-01
9.507675194660734075e-01
6.876418242491657562e-01
9.125027808676307028e-01
7.547497219132368595e-01
9.407230255839822419e-01
9.500111234705228558e-01
7.926140155728587100e-01
7.297107897664072418e-01
7.242380422691878650e-01
9.418298109010011521e-01
9.473248053392657742e-01
5.000000000000000000e-01
9.466295884315907294e-01
9.353392658509455115e-01
7.914349276974417258e-01
9.390155728587319395e-01
6.890378197997775178e-01
8.866295884315906761e-01
9.389877641824250221e-01
8.879755283648498310e-01
7.509454949944383007e-01
9.068186874304782208e-01
7.033926585094549822e-01
9.304894327030034384e-01
7.107675194660733053e-01
9.350278086763069707e-01
9.295328142380423486e-01
7.203837597330366993e-01
9.123025583982202757e-01
9.358509454949944795e-01
6.744716351501668372e-01
9.392213570634038167e-01
9.234260289210233230e-01
9.412458286985539990e-01
9.202725250278086522e-01
9.290711902113459875e-01
7.288320355951055651e-01
8.910734149054505560e-01
9.370189098998887856e-01
7.699555061179088611e-01
9.430367074527253868e-01
9.428142380422691593e-01
8.874304783092323845e-01
6.985984427141269659e-01
9.420022246941045507e-01
9.414126807563960586e-01
9.413681868743046799e-01
7.013681868743046888e-01
6.903670745272525444e-01
6.962958843159066102e-01
9.470300333704115836e-01
9.468743047830924242e-01
9.439154616240267304e-01
7.297552836484983985e-01
9.420689655172415078e-01
9.495216907675194662e-01
8.468298109010010677e-01
8.551724137931034919e-01
6.881423804226918239e-01
6.908120133481646663e-01
7.380088987764182873e-01
6.840878754171302312e-01
9.455728587319243150e-01
9.467408231368187321e-01
8.325695216907676999e-01
9.463181312569521886e-01
7.333481646273638521e-01
6.815350389321468416e-01
9.431256952169077001e-01
7.315239154616240969e-01
9.088320355951056140e-01
7.135261401557285721e-01
9.489432703003337632e-01
9.454505005561735231e-01
8.647497219132369572e-01
9.055839822024471797e-01
9.471412680756395863e-01
9.427030033370411566e-01
8.733147942157954979e-01
8.591323692992214323e-01
9.431034482758621218e-01
7.222469410456062722e-01
7.254171301446050713e-01
9.382536151279199377e-01
7.250611790878754848e-01
7.168576195773079807e-01
7.480533926585095639e-01
9.135261401557286387e-01
7.339488320355951334e-01
9.427030033370412676e-01
6.811234705228031983e-01
9.435483870967741327e-01
9.300556173526141057e-01
9.406451612903226067e-01
7.832925472747498397e-01
6.743937708565072020e-01
7.132814238042268773e-01
8.998331479421579626e-01
9.195105672969967614e-01
9.261401557285873221e-01
7.232146829810900401e-01
7.173414905450500312e-01
9.446384872080089146e-01
9.419132369299222374e-01
7.116017797552836033e-01
9.372580645161291413e-01
9.476751946607341326e-01
8.079310344827587143e-01
9.364738598442714501e-01
6.756785317018909609e-01
9.450834260289210365e-01
9.303003337041156895e-01
9.398553948832035765e-01
9.434427141268075800e-01
9.436596218020022464e-01
7.927808676307007696e-01
8.919911012235818282e-01
7.730033370411568683e-01
7.142936596218020240e-01
9.387374860956617662e-01
8.167908787541713345e-01
9.443270300333704848e-01
8.304560622914349821e-01
7.968576195773080517e-01
9.399777530589543684e-01
9.374304783092325399e-01
9.260511679644048977e-01
9.436929922135706139e-01
9.335038932146829671e-01
7.197107897664071219e-01
9.410233592880978826e-01
9.389432703003336433e-01
9.412569521690767882e-01
9.500667408231369127e-01
8.860956618464961299e-01
9.437486095661846708e-01
7.080867630700777848e-01
9.158731924360400400e-01
9.348609566184650221e-01
9.380422691879867214e-01
9.377419354838710808e-01
8.291045606229144882e-01
9.402224694104561742e-01
9.390322580645160677e-01
8.046829810901001689e-01
9.458620689655171665e-01
9.446384872080089146e-01
9.378420467185761833e-01
8.788987764182423224e-01
7.140600667408231184e-01
9.348387096774193328e-01
7.869299221357063390e-01
9.444605116796440658e-01
6.898164627363736479e-01
7.162958843159066280e-01
8.575528364849833718e-01
9.430700778642936433e-01
7.186206896551723400e-01
7.324026696329254404e-01
9.375305895439378645e-01
9.367575083426029625e-01
9.391434927697442925e-01
9.419466073414904939e-01
7.569299221357063123e-01
9.303670745272524245e-01
9.382758620689655160e-01
9.338820912124583540e-01
8.737541713014460587e-01
6.895884315906561923e-01
5.000000000000000000e-01
9.489877641824249199e-01
7.209232480533926957e-01
8.518798665183536789e-01
7.312680756395995019e-01
9.422358175750834564e-01
6.861401557285873309e-01
9.370856507230256316e-01
6.923025583982203024e-01
9.451501668520578825e-01
9.231590656284760499e-01
7.450611790878753915e-01
7.192547274749720998e-01
9.471968854282537542e-01
9.472747497219132784e-01
6.839599555061178782e-01
7.541935483870967349e-01
7.120912124582869929e-01
9.457842046718576423e-01
9.464293659621801913e-01
7.068743047830923221e-01
8.819466073414905516e-01
9.481090100111234653e-01
9.110789766407120238e-01
7.002780867630700179e-01
8.722691879866519837e-01
7.196551724137931760e-01
7.553781979977753913e-01
5.000000000000000000e-01
9.365517241379311963e-01
9.440155728587319439e-01
8.608120133481647063e-01
5.686596218020022464e-01
9.439154616240267304e-01
8.961401557285872954e-01
8.801612903225807250e-01
6.942380422691880604e-01
9.436262513904338789e-01
7.039210233592880783e-01
8.999666295884316547e-01
7.088487208008900087e-01
9.444493882091212766e-01
9.473414905450500134e-01
9.480422691879867303e-01
9.457174638487207963e-01
9.435706340378199330e-01
9.494549499443826202e-01
9.437931034482759385e-01
9.372969966629588479e-01
9.442936596218020062e-01
7.023359288097886788e-01
9.408342602892103557e-01
9.391991101223582383e-01
9.441713014460511033e-01
7.315795328142380427e-01
7.077864293659621442e-01
9.441045606229144793e-01
7.270522803114571886e-01
9.451390433815349823e-01
8.991991101223582028e-01
8.352725250278087987e-01
8.462402669632925756e-01
9.459454949944382518e-01
7.740100111234705649e-01
8.271357063403782517e-01
7.838932146829810099e-01
7.741713014460511744e-01
9.389321468298108542e-01
7.097107897664071130e-01
7.394938820912125843e-01
9.140711902113459741e-01
5.344660734149053738e-01
9.325917686318132560e-01
9.401446051167965390e-01
9.397997775305895196e-01
7.402669632925473753e-01
9.372135706340378736e-01
9.430255839822024866e-01
7.931145717463848888e-01
8.654838709677420416e-01
9.442825361512791060e-01
9.359621802002224822e-01
7.146162402669633540e-01
8.567018909899889456e-01
7.231034482758620374e-01
9.409566184649611476e-01
5.223637374860956584e-01
9.412235817575083097e-01
9.373081201334816370e-01
5.026362625139043638e-01
4.967741935483870885e-01
7.473971078976641147e-01
9.429310344827586121e-01
9.393437152391546086e-01
9.263959955506118060e-01
8.519354838709678468e-01
9.422191323692992171e-01
9.406451612903226067e-01
9.278420467185761744e-01
9.365739710789766637e-01
7.869410456062291281e-01
8.301779755283649198e-01
9.371190211345941101e-01
9.380422691879866104e-01
7.393993325917687098e-01
8.138209121245829625e-01
6.515684093437151825e-01
7.608008898776419393e-01
5.000000000000000000e-01
6.697552836484983452e-01
9.402002224694104848e-01
4.949054505005561211e-01
9.323136818687429717e-01
9.340823136818686701e-01
6.956173526140155827e-01
9.344048943270301111e-01
9.377030033370411521e-01
7.254115684093438432e-01
9.118687430478309430e-01
9.412903225806451557e-01
9.387986651835372731e-01
9.391657397107897598e-01
9.424582869855394618e-01
7.373081201334816814e-01
8.538042269187987587e-01
8.783982202447163656e-01
9.477085650723027221e-01
9.482647385984427357e-01
9.436262513904337679e-01
9.488654060066742391e-01
7.908453837597331226e-01
9.431256952169078112e-01
9.431256952169077001e-01
9.441156840934371575e-01
6.891434927697441815e-01
9.459510567296997019e-01
9.436596218020023574e-01
9.464293659621801913e-01
9.426028921023359430e-01
9.456729699666296396e-01
9.438042269187986166e-01
9.465739710789766725e-01
7.145383759733036078e-01
8.918798665183538255e-01
9.423248053392658807e-01
9.483648498331479493e-01
9.430478309232479539e-01
9.481090100111235763e-01
9.445606229143492794e-01
9.177641824249165303e-01
9.457063403781980071e-01
9.441156840934372685e-01
9.482536151279199466e-01
9.341935483870966728e-01
9.384983314794215215e-01
7.513626251390433941e-01
9.488209121245828603e-01
9.466629588431590969e-01
9.448164627363737633e-01
9.463959955506117128e-01
9.478420467185761922e-01
9.433370411568410274e-01
9.427474972191324243e-01
9.398887652947720550e-01
9.255394883203560408e-01
9.412402669632925489e-01
9.426918798665183674e-01
9.428921023359287945e-01
9.417241379310344884e-01
9.451724137931034608e-01
9.409343715239154582e-01
9.436484983314794572e-01
9.350834260289210276e-01
9.431590656284761787e-01
9.458843159065628559e-01
9.455951056729698934e-01
9.408565072302558230e-01
9.413904338153503693e-01
9.438598442714126735e-01
9.450166852057841904e-01
9.434927697441602978e-01
9.467853170189099998e-01
9.441268075639599466e-01
9.477864293659621353e-01
9.449165739710789769e-01
9.478865406006674599e-01
9.442046718576195818e-01
9.444160177975527981e-01
9.406340378197997065e-01
9.458954393770856450e-01
9.432035595105673353e-01
9.416907675194661209e-01
9.414349276974415259e-01
9.351390433815350844e-01
9.392436040044493950e-01
9.416796440489433317e-01
9.353615127919912009e-01
9.432035595105674464e-01
9.423915461624027268e-01
9.474527252502780161e-01
9.451167964404895150e-01
9.368298109010011476e-01
9.411790878754171530e-01
9.396774193548388387e-01
9.433147942157952270e-01
9.473192436040045461e-01
9.412235817575083097e-01
9.372747497219132695e-01
9.467408231368186211e-01
9.459510567296997019e-01
9.379199110122359295e-01
9.442714126807563169e-01
9.316573971078976335e-01
9.402558398220244307e-01
9.374082313681868506e-01
9.397664071190211521e-01
9.468743047830923132e-01
9.417352614015573886e-01
9.393214682981089192e-01
9.380533926585095106e-01
9.421468298109010320e-01
9.396218020022246709e-01
9.412680756395995774e-01
9.366740823136819882e-01
9.359288097886540037e-01
9.412569521690766772e-01
9.371412680756396885e-01
9.434705228031144975e-01
9.424360400444938834e-01
9.448053392658509742e-01
9.443270300333703737e-01
9.415239154616240613e-01
9.427363737486095241e-01
9.443715239154616414e-01
9.459955506117908586e-01
9.407230255839821309e-01
9.411902113459399422e-01
9.369966629588432072e-01
9.369521690767519395e-01
9.427141268075640568e-01
9.457508342602892748e-01
9.403781979977752226e-01
9.385650723025584785e-01
9.319688542825361743e-01
9.356618464961068415e-01
9.361957730812013878e-01
9.450611790878754581e-01
9.406562847608455069e-01
9.397775305895439413e-01
9.374860956618464858e-01
9.299666295884316813e-01
9.290767519466074376e-01
9.351724137931034520e-01
9.438820912124583629e-01
9.428142380422691593e-01
9.461512791991101290e-01
9.497219132369298933e-01
9.439265850945495195e-01
9.468965517241380025e-01
9.443381535038932739e-01
9.461957730812013967e-01
8.810011123470522509e-01
9.450500556173526689e-01
9.472858731924361786e-01
9.467519466073415213e-01
9.492102335928810364e-01
9.431368186874303783e-01
9.486651835372635899e-01
9.151390433815350667e-01
9.476974416017797109e-01
9.480200222469410409e-01
9.427252502780867349e-01
9.486540600667408007e-01
9.462958843159066102e-01
7.497107897664071485e-01
9.445828698553949687e-01
9.458286985539487990e-01
7.008453837597330427e-01
9.473748609566184919e-01
9.379866518353725535e-01
9.445272525027809118e-01
9.459510567296997019e-01
9.442157953281424820e-01
9.487208008898776468e-01
9.493993325917686743e-01
9.452280311457174067e-01
9.298109010011124109e-01
9.475750834260290301e-01
9.416907675194661209e-01
9.428921023359289055e-01
9.414349276974417480e-01
9.439154616240268414e-01
9.480200222469410409e-01
6.808342602892103468e-01
9.433704115684093949e-01
9.473748609566184919e-01
9.426362625139043105e-01
9.460177975528365479e-01
9.451835372636262500e-01
9.449276974416017660e-01
9.416907675194660099e-01
9.441490545050056360e-01
9.435817575083426112e-01
9.376974416017798131e-01
9.375417130144605427e-01
9.370300333704115747e-01
9.446941045606229714e-01
9.400222469410456361e-01
9.446941045606228604e-01
9.457285873192435854e-01
9.451390433815350933e-01
9.341879866518353337e-01
9.413570634037821128e-01
9.438487208008898843e-01
9.421134593993325534e-01
9.409788654060067259e-01
9.412458286985539990e-01
9.411345939933258853e-01
9.455506117908787367e-01
9.402447163515017525e-01
9.386985539488319485e-01
9.479755283648497732e-01
9.406229143492770284e-01
9.427419354838709742e-01
9.462625139043382427e-01
9.405450500556172821e-01
9.402558398220244307e-01
9.442602892102336387e-01
9.405005561735262365e-01
9.447052280311457606e-01
9.436262513904338789e-01
9.417463848720800668e-01
9.453058954393771529e-01
9.419243604004450265e-01
9.418687430478309697e-01
9.425027808676307295e-01
9.373748609566185941e-01
9.429810901001112189e-01
9.324026696329253960e-01
9.385261401557286609e-01
9.396996662958844171e-01
9.383648498331479404e-01
9.379310344827587187e-01
9.359955506117908497e-01
9.410122358175750934e-01
9.410122358175750934e-01
9.342380422691879405e-01
9.423692992213571484e-01
9.426251390433816324e-01
9.405228031145718148e-01
9.430478309232481759e-01
9.381312569521691458e-01
9.366295884315906095e-01
9.385317018909900000e-01
9.420355951056729182e-01
9.332925472747497508e-01
9.419354838709677047e-01
9.370077864293659964e-01
9.347274749721912190e-01
9.411902113459399422e-01
8.519688542825361033e-01
9.381090100111234564e-01
9.408565072302559340e-01
9.382869855394883052e-01
5.000000000000000000e-01
9.452391546162403069e-01
5.637931034482759340e-01
9.430923248053393326e-01
9.429810901001112189e-01
9.422024471635149778e-01
8.629922135706340480e-01
9.357174638487208984e-01
9.423025583982203024e-01
9.370967741935483097e-01
7.170578420467186298e-01
9.444605116796440658e-01
9.383870967741936298e-01
9.380533926585093996e-01
9.359621802002224822e-01
9.349721913236930249e-01
9.401112347052280604e-01
9.349833147942157030e-01
9.420800889877641859e-01
9.462068965517239638e-01
9.433592880978866058e-01
9.473637374860957028e-01
9.013570634037819662e-01
9.477753058954393461e-01
9.493437152391547285e-01
7.115294771968854182e-01
9.445050055617352225e-01
9.412347052280312099e-01
4.983870967741935720e-01
9.420800889877641859e-01
7.608787541713014635e-01
9.490545050055617660e-01
9.446496106785318148e-01
9.444827586206896441e-01
7.910233592880979714e-01
9.455506117908787367e-01
9.442157953281424820e-01
9.437486095661846708e-01
9.478865406006673489e-01
9.494438264738598310e-01
9.471635150166851647e-01
9.491657397107897687e-01
9.359621802002223712e-01
9.310567296996662412e-01
9.445161290322581227e-01
9.441490545050056360e-01
9.433147942157954491e-01
9.472525027808677001e-01
9.492324805339266147e-01
7.363070077864293239e-01
7.007341490545051510e-01
9.449165739710789769e-01
9.440934371523915791e-01
9.456952169076751069e-01
8.992547274749721486e-01
9.456618464961067394e-01
6.964182424916574021e-01
9.421802002224693995e-01
9.462736373748610319e-01
9.443270300333703737e-01
9.481312569521690437e-01
9.444605116796440658e-01
9.277753058954394394e-01
9.421579532814238211e-01
9.490656284760846662e-01
9.437819799777531493e-01
9.455394883203558365e-01
9.371523915461624776e-01
9.432480533926584920e-01
9.443826473859845416e-01
7.911679644048943416e-01
9.441935483870967927e-01
9.468965517241380025e-01
5.909955506117908763e-01
9.420133481646273399e-01
9.418687430478309697e-01
9.460066740823137588e-01
9.429588431590656405e-01
9.422358175750834564e-01
9.417018909899889101e-01
9.453170189098999421e-01
9.500111234705228558e-01
9.383759733036708406e-01
9.453392658509454094e-01
9.422914349276975132e-01
9.425027808676307295e-01
9.445828698553948577e-01
9.413014460511679449e-01
7.243604004449388789e-01
9.413459399332592126e-01
9.437819799777531493e-01
9.364293659621802934e-01
9.396329254727475710e-01
9.449276974416018771e-01
7.428364849833148931e-01
9.426028921023359430e-01
9.400889877641823711e-01
9.409343715239154582e-01
9.415239154616240613e-01
9.446718576195772821e-01
9.454505005561735231e-01
9.399888765294771575e-01
9.378642936596218727e-01
9.391546162402670817e-01
9.390100111234704894e-01
9.416907675194661209e-01
9.413793103448275801e-01
9.440378197997776333e-01
9.399666295884315792e-01
9.411790878754171530e-01
9.382424916573970375e-01
9.366963292547275666e-01
9.401223581757508496e-01
9.398998887652948442e-01
9.449833147942159339e-01
9.399777530589544794e-01
9.362736373748610230e-01
9.381201334816462456e-01
9.400556173526140036e-01
9.348720800889878113e-01
9.386318131256953246e-01
9.438932146829810410e-01
9.330812013348165346e-01
9.453615127919912098e-01
9.440823136818687900e-01
9.391434927697441815e-01
9.396551724137931494e-01
7.911568409343714414e-01
9.310901001112347197e-01
9.384760845383760541e-01
9.325973303670745951e-01
9.333370411568410185e-01
9.386318131256952135e-01
7.585761957730812188e-01
9.408342602892102446e-01
9.335150166852057563e-01
9.302780867630700001e-01
9.378197997775306050e-01
9.385317018909900000e-01
9.341379310344827269e-01
9.357619577308119441e-01
9.450500556173525579e-01
9.349054505005561788e-01
9.341713014460512055e-01
9.372969966629588479e-01
9.312791991101224687e-01
9.501446051167965479e-01
9.422914349276975132e-01
9.453058954393770419e-01
9.469744160177975267e-01
9.460845383759733940e-01
9.399555061179087900e-01
9.411457174638486745e-01
9.426473859844270997e-01
9.463070077864293994e-01
9.471968854282536432e-01
9.410567296996662501e-01
9.432146829810901245e-01
9.470411568409343728e-01
9.454282536151279448e-01
9.456284760845382609e-01
9.438709677419354627e-01
9.484649610678531628e-01
9.421357063403782428e-01
9.430700778642936433e-01
9.454282536151279448e-01
9.482647385984427357e-01
9.379532814238041860e-01
9.436818687430479358e-01
9.479866518353726734e-01
9.470745272525027403e-01
9.481312569521690437e-01
9.440711902113460008e-01
9.448498331479422419e-01
9.462847608453838211e-01
9.454838709677420017e-01
9.444605116796440658e-01
9.448943270300333985e-01
9.441379310344827358e-01
9.411902113459399422e-01
9.386763070077864812e-01
9.418131256952169128e-01
9.444605116796440658e-01
9.403670745272525444e-01
9.402335928809789634e-01
9.437931034482758275e-01
9.433481646273638166e-01
9.425139043381535187e-01
9.469855394883204269e-01
9.440934371523915791e-01
9.445272525027809118e-01
9.460511679644049154e-01
9.417686318131257561e-01
9.431590656284760676e-01
9.448720800889878202e-01
9.419132369299221264e-01
9.475417130144605515e-01
9.401668520578421173e-01
9.387096774193547377e-01
9.442491657397107385e-01
9.411679644048943638e-01
9.409010011123469797e-01
9.453948832035594663e-01
9.417908787541713345e-01
9.460734149054504938e-01
9.411902113459400532e-01
9.400778642936595819e-01
9.464738598442714590e-01
9.380978865406006673e-01
9.425695216907674645e-01
9.357730812013349553e-01
9.405450500556173932e-01
9.367296996662959341e-01
9.428698553948832162e-01
9.382424916573971485e-01
9.429477196885428514e-01
9.422358175750833453e-01
9.425472747497221082e-01
9.376307007786429670e-01
9.350389321468298709e-01
9.389432703003337544e-01
9.388097886540601733e-01
9.385650723025582565e-01
9.396662958843159386e-01
9.453726362625138879e-01
9.384760845383759431e-01
9.375305895439376425e-01
9.382202447163514591e-01
9.409788654060067259e-01
9.427252502780867349e-01
9.367853170189098799e-01
9.360956618464960632e-01
9.386429365962181137e-01
9.369410456062292614e-01
9.356062291434927847e-01
9.393103448275862410e-01
9.397441601779756848e-01
9.410789766407119394e-01
9.361067853170189634e-01
9.396662958843158275e-01
9.437041156840935141e-01
9.439265850945494085e-01
9.433259176863182383e-01
9.389877641824249110e-01
9.327252502780867260e-01
9.373303670745273264e-01
9.388987764182424867e-01
9.390545050055617571e-01
9.376418242491657562e-01
9.330700778642937454e-01
9.334149054505006537e-01
9.436373748609566681e-01
9.357842046718575224e-01
9.350834260289211386e-01
9.392436040044493950e-01
9.424694104560623620e-01
9.411679644048943638e-01
9.356395995550612632e-01
9.337708565072302402e-01
9.363292547274749689e-01
9.321023359288098664e-01
9.351501668520578736e-01
9.409232480533926690e-01
9.320133481646273310e-01
9.351167964404893951e-01
9.405339265850946040e-01
9.399110122358175223e-01
9.357730812013349553e-01
9.389432703003337544e-01
9.338042269187987188e-01
9.480311457174639411e-01
9.389988876529477002e-01
9.368298109010010366e-01
9.385650723025583675e-01
9.464738598442713480e-01
9.440711902113460008e-01
9.482869855394884251e-01
9.416907675194661209e-01
9.425695216907675755e-01
9.458620689655172775e-01
9.448609566184650310e-01
9.453615127919910988e-01
9.472969966629589678e-01
9.481868743047831005e-01
9.467074527252503646e-01
9.450834260289210365e-01
9.455617352614016369e-01
9.417908787541713345e-01
9.404004449388209119e-01
9.441713014460512143e-01
9.448387096774193417e-01
9.451167964404894040e-01
9.456284760845383719e-01
9.457842046718576423e-01
9.444493882091212766e-01
9.433147942157953381e-01
9.459399332591769127e-01
9.379199110122358185e-01
9.458064516129032206e-01
9.400667408231367927e-01
9.403893214682982338e-01
9.421802002224693995e-01
9.455283648498331583e-01
9.423025583982203024e-01
9.406451612903226067e-01
9.447052280311457606e-01
9.438932146829810410e-01
9.440155728587320549e-01
9.468631813125695240e-01
9.449833147942158229e-01
9.436262513904338789e-01
9.429477196885427404e-01
9.430478309232480649e-01
9.449499443826473444e-01
9.403670745272526554e-01
9.424805339265851511e-01
9.461846496106786075e-01
9.400778642936596929e-01
9.431368186874304893e-01
9.420800889877642970e-01
9.462068965517241859e-01
9.428698553948833272e-01
9.386874304783092704e-01
9.412680756395995774e-01
9.401112347052280604e-01
9.388987764182424867e-01
9.419911012235817616e-01
9.414460511679645371e-01
9.433815350389321841e-01
9.399777530589544794e-01
9.445272525027810229e-01
9.410344827586206717e-01
9.401001112347053823e-01
9.414238042269188478e-01
9.406562847608453959e-01
9.400667408231369038e-01
9.429699666295884297e-01
9.444048943270300089e-01
9.387096774193549598e-01
9.373971078976641724e-01
9.358398220244716903e-01
9.410567296996663611e-01
9.459955506117908586e-01
9.337708565072303513e-01
9.426362625139044216e-01
9.436707452725250356e-01
9.419911012235817616e-01
9.400778642936596929e-01
9.378865406006674510e-01
9.420467185761958184e-01
9.420022246941046618e-01
9.399332591768632117e-01
9.407341490545049201e-01
9.381090100111234564e-01
9.377530589543938699e-01
9.416017797552836965e-01
9.382091212458286700e-01
9.414905450500555828e-01
9.360289210233593282e-01
9.412458286985538880e-01
9.372302558398221128e-01
9.379644048943270862e-01
9.375862068965516993e-01
9.416685205784203205e-01
9.418353726362624911e-01
9.389098998887653869e-01
9.448387096774193417e-01
9.370300333704115747e-01
9.395995550611790925e-01
9.355172413793104713e-01
9.347942157953282871e-01
9.420467185761958184e-01
9.392436040044493950e-01
9.380978865406006673e-01
9.381535038932147241e-01
9.347385984427141192e-01
9.421802002224693995e-01
9.395773081201335142e-01
9.397330367074527846e-01
9.369187986651834610e-01
9.327141268075638258e-01
9.385650723025584785e-01
9.358175750834258899e-01
9.411790878754171530e-01
9.410789766407119394e-01
9.263070077864293816e-01
9.371857619577307341e-01
9.366963292547274555e-01
9.403670745272525444e-01
9.379310344827587187e-01
9.383203559510567837e-01
9.308008898776417572e-01
9.319466073414905960e-01
9.341379310344828379e-01
9.406562847608453959e-01
9.408120133481645553e-01
9.341156840934372596e-01
9.359176863181313255e-01
9.299332591768632028e-01
9.316240266963293770e-01
9.366963292547274555e-01
9.371635150166852668e-01
9.483426028921022599e-01
9.456618464961068504e-01
9.446718576195773931e-01
9.461624026696329182e-01
9.455394883203560585e-01
9.465294771968854048e-01
9.455506117908787367e-01
9.480978865406006761e-01
9.409232480533927800e-01
9.381868743047830916e-01
9.472747497219132784e-01
9.448498331479422419e-01
9.454505005561735231e-01
9.450945494994437146e-01
9.410122358175749824e-01
9.468409343715239457e-01
9.454949944382646798e-01
9.464293659621801913e-01
9.457619577308119529e-01
9.422580645161290347e-01
9.390433815350389679e-01
9.443937708565072198e-01
9.403337041156839549e-01
9.432035595105673353e-01
9.422469410456062455e-01
9.474193548387096486e-01
9.438153503893215168e-01
9.476863181312570328e-01
9.333815350389320642e-01
9.472413793103447999e-01
9.414682981090101155e-01
9.429922135706341191e-01
9.435595105672970329e-01
9.444716351501669660e-01
9.418464961067852803e-01
9.446941045606229714e-01
9.412013348164627313e-01
9.457285873192435854e-01
9.455951056729700044e-01
9.426140155728587322e-01
9.456507230255841723e-01
9.433370411568409164e-01
9.439265850945496306e-01
9.399777530589544794e-01
9.396218020022246709e-01
9.430033370411569082e-01
9.438375973303670952e-01
9.455506117908788477e-01
9.409899888765294040e-01
9.433259176863181272e-01
9.439933259176862546e-01
9.421913236929921887e-01
9.441156840934370464e-01
9.423804226918799376e-01
9.424694104560623620e-01
9.345606229143492705e-01
9.444493882091213877e-01
9.454838709677418906e-01
9.383648498331479404e-01
9.423804226918798266e-01
9.421023359288098753e-01
9.416796440489433317e-01
9.450945494994439366e-01
9.408787541713015123e-01
9.444382647385984875e-01
9.430478309232480649e-01
9.465739710789766725e-01
9.327586206896552046e-01
9.415795328142382292e-01
9.429699666295885407e-01
9.416129032258064857e-01
9.374860956618465968e-01
9.437152391546161923e-01
9.389766407119021219e-01
9.439710789766406762e-01
9.432480533926586030e-01
9.440489432703003114e-01
9.391212458286986031e-01
9.409121245828699909e-01
9.421468298109009210e-01
9.404004449388209119e-01
9.410011123470523042e-01
9.367741935483870908e-01
9.406562847608453959e-01
9.447497219132368063e-01
9.437374860956618816e-01
9.429032258064515837e-01
9.441713014460511033e-01
9.382091212458286700e-01
9.399666295884315792e-01
9.423025583982203024e-01
9.389655172413792217e-01
9.388097886540601733e-01
9.390656284760845463e-01
9.363181312569521797e-01
9.409899888765295151e-01
9.402892102335927982e-01
9.397441601779754627e-01
9.374304783092324289e-01
9.388431590656285408e-01
9.353726362625138790e-01
9.340044493882091459e-01
9.404783092324805471e-01
9.367185761957732559e-01
9.427141268075640568e-01
9.333704115684093860e-01
9.395439377085650356e-01
9.397886540600667304e-01
9.327030033370411477e-01
9.268743047830922954e-01
9.366407119021135097e-01
9.429032258064515837e-01
9.333704115684093860e-01
9.412569521690767882e-01
9.398665183537263657e-01
9.361401557285873309e-01
9.376863181312570239e-01
9.371746384872080560e-01
9.407563959955507205e-01
9.354171301446051467e-01
9.328921023359288967e-01
9.344938820912125355e-01
9.369410456062291503e-01
9.398553948832036875e-01
9.327808676307007829e-01
9.429143492769743728e-01
9.441601779755284252e-01
9.374749721913236966e-01
