3.814147018030000225e-01 2.725381414699999949e-01 2.635228848819999928e-02 3.196948682390000074e-01
0.000000000000000000e+00 0.000000000000000000e+00 0.000000000000000000e+00 1.000000000000000000e+00
1.000000000000000000e+00 0.000000000000000000e+00 0.000000000000000000e+00 0.000000000000000000e+00
1.000000000000000000e+00 0.000000000000000000e+00 0.000000000000000000e+00 0.000000000000000000e+00
0.000000000000000000e+00 0.000000000000000000e+00 0.000000000000000000e+00 1.000000000000000000e+00
0.000000000000000000e+00 1.000000000000000000e+00 0.000000000000000000e+00 0.000000000000000000e+00
0.000000000000000000e+00 7.302357836339999908e-01 2.586685159500000109e-01 1.109570041609999995e-02
2.621359223299999930e-01 2.427184466020000098e-01 2.434119278780000062e-01 2.517337031899999911e-01
2.399445214979999963e-01 3.266296809990000272e-01 2.122052704580000004e-01 2.212205270460000095e-01
2.156726768380000103e-01 2.669902912620000235e-01 2.829403606099999968e-01 2.343966712899999971e-01
