4.576828266230000275e-01 4.921939194739999857e-01 3.204601479050000340e-02 1.807723911260000066e-02
8.208709942480000299e-01 7.395234182419999774e-03 4.108463434680000026e-02 1.306491372230000059e-01
7.822514379620000291e-01 1.479046836480000029e-02 3.122432210349999904e-02 1.717337715689999933e-01
7.395234182419999774e-03 9.860312243219999245e-03 8.627773212820000204e-02 8.964667214460000366e-01
2.136400986030000115e-02 8.405916187349999902e-01 1.191454396060000059e-01 1.889893179950000168e-02
1.807723911260000066e-02 8.233360723089999667e-01 1.470829909609999986e-01 1.150369761709999980e-02
1.158586688580000024e-01 3.533278553820000112e-01 2.300739523419999960e-02 5.078060805259999588e-01
1.643385373869999874e-02 9.860312243219999245e-03 8.989317995069999734e-01 7.477403451109999877e-02
3.927691043550000094e-01 1.544782251440000032e-01 4.519309778140000178e-02 4.075595727199999851e-01
4.272801972060000231e-02 1.750205423170000107e-01 1.158586688580000024e-01 6.663927691040000267e-01
