8.060453400500000587e-02 8.858102434929999713e-01 1.679261125100000099e-02 1.679261125100000099e-02
3.106633081439999847e-02 6.381192275399999447e-02 8.841309823680000290e-01 2.099076406379999857e-02
1.889168765739999978e-01 6.801007556679999899e-01 8.732157850549999989e-02 4.366078925269999828e-02
8.984047019309999993e-02 2.938706968930000080e-02 8.186397984890000368e-01 6.213266162890000027e-02
2.518891687659999962e-02 6.028547439129999796e-01 1.444164567590000003e-01 2.275398824519999919e-01
8.119227539879999567e-01 1.041141897570000002e-01 2.602854743909999852e-02 5.793450881610000269e-02
9.235936188079999637e-03 8.404701931150000416e-01 5.121746431569999813e-02 9.907640638119999399e-02
9.823677581860000563e-02 3.862300587740000180e-02 8.438287153650000372e-01 1.931150293870000090e-02
3.358522250209999924e-03 2.183039462640000081e-02 1.351805205709999957e-01 8.396305625519999705e-01
4.424853064650000056e-01 2.628043660789999847e-01 2.527287993280000200e-01 4.198152812759999714e-02
