0.000000000000000000e+00 0.000000000000000000e+00 9.992050874400000282e-01 7.949125596179999927e-04
0.000000000000000000e+00 9.960254372019999858e-01 3.974562798090000397e-03 0.000000000000000000e+00
9.984101748810000343e-01 1.589825119240000041e-03 0.000000000000000000e+00 0.000000000000000000e+00
3.179650238469999834e-03 9.602543720189999910e-01 1.987281399050000105e-02 1.669316375200000091e-02
1.589825119240000041e-03 3.179650238469999834e-03 9.936406995230000483e-01 1.589825119240000041e-03
5.564387917329999787e-03 0.000000000000000000e+00 1.271860095390000070e-02 9.817170111290000056e-01
0.000000000000000000e+00 3.338632750400000182e-02 9.610492845789999627e-01 5.564387917329999787e-03
1.589825119240000084e-02 9.817170111290000056e-01 0.000000000000000000e+00 2.384737678859999953e-03
2.313195548489999920e-01 2.305246422889999924e-01 2.591414944359999861e-01 2.790143084260000017e-01
2.034976152619999978e-01 2.535771065179999728e-01 2.321144674089999915e-01 3.108108108109999823e-01
