2.456852791880000109e-01 2.700507614209999852e-01 2.538071065990000208e-01 2.304568527920000109e-01
2.416243654820000031e-01 2.446700507610000130e-01 2.862944162439999829e-01 2.274111675130000010e-01
2.710659898480000107e-01 2.456852791880000109e-01 2.568527918779999752e-01 2.263959390860000032e-01
2.680203045690000008e-01 2.629441624369999730e-01 2.507614213200000108e-01 2.182741116749999932e-01
2.812182741120000107e-01 2.426395939090000009e-01 2.121827411170000011e-01 2.639593908630000207e-01
2.385786802029999931e-01 2.629441624369999730e-01 2.832487309639999951e-01 2.152284263960000110e-01
0.000000000000000000e+00 0.000000000000000000e+00 0.000000000000000000e+00 1.000000000000000000e+00
1.000000000000000000e+00 0.000000000000000000e+00 0.000000000000000000e+00 0.000000000000000000e+00
1.000000000000000000e+00 0.000000000000000000e+00 0.000000000000000000e+00 0.000000000000000000e+00
0.000000000000000000e+00 0.000000000000000000e+00 0.000000000000000000e+00 1.000000000000000000e+00
0.000000000000000000e+00 1.000000000000000000e+00 0.000000000000000000e+00 0.000000000000000000e+00
0.000000000000000000e+00 1.000000000000000000e+00 0.000000000000000000e+00 0.000000000000000000e+00
2.578680203050000008e-01 2.477157360410000009e-01 2.243654822339999910e-01 2.700507614209999852e-01
2.578680203050000008e-01 2.588832487309999930e-01 2.467005076140000031e-01 2.365482233500000031e-01
