1.014198782960000012e-03 0.000000000000000000e+00 0.000000000000000000e+00 9.989858012169999801e-01
1.000000000000000000e+00 0.000000000000000000e+00 0.000000000000000000e+00 0.000000000000000000e+00
1.000000000000000000e+00 0.000000000000000000e+00 0.000000000000000000e+00 0.000000000000000000e+00
0.000000000000000000e+00 0.000000000000000000e+00 0.000000000000000000e+00 1.000000000000000000e+00
0.000000000000000000e+00 1.000000000000000000e+00 0.000000000000000000e+00 0.000000000000000000e+00
0.000000000000000000e+00 1.000000000000000000e+00 0.000000000000000000e+00 0.000000000000000000e+00
2.647058823530000216e-01 2.636916835700000017e-01 2.089249492899999949e-01 2.626774847869999818e-01
2.606490872209999976e-01 2.718052738339999941e-01 2.271805273830000138e-01 2.403651115619999945e-01
2.423935091280000065e-01 2.829614604460000127e-01 2.383367139960000103e-01 2.363083164299999983e-01
2.799188640970000086e-01 2.423935091280000065e-01 2.129817444219999911e-01 2.647058823530000216e-01
2.545638945229999894e-01 2.525354969570000052e-01 2.464503042600000027e-01 2.464503042600000027e-01
2.352941176470000062e-01 2.768762677480000045e-01 2.200811359029999914e-01 2.677484787020000256e-01
2.474645030429999948e-01 3.002028397570000173e-01 1.906693711970000038e-01 2.616632860040000175e-01
2.809330628799999729e-01 2.444219066939999907e-01 2.180527383370000072e-01 2.565922920889999737e-01
