1.606425702809999951e-03 9.710843373490000152e-01 2.409638554220000159e-03 2.489959839359999830e-02
1.000000000000000000e+00 0.000000000000000000e+00 0.000000000000000000e+00 0.000000000000000000e+00
4.891566265060000029e-01 6.987951807230000090e-02 3.702811244979999916e-01 7.068273092370000454e-02
1.285140562249999924e-02 9.381526104420000456e-01 1.526104417669999977e-02 3.373493975900000025e-02
8.112449799199999978e-02 2.506024096389999900e-01 1.791164658630000073e-01 4.891566265060000029e-01
4.819277108429999984e-02 7.309236947790000161e-02 6.722891566269999508e-01 2.064257028110000058e-01
2.168674698800000106e-02 8.112449799199999978e-02 5.461847389559999766e-02 8.425702811240000090e-01
3.775100401610000100e-02 2.409638554220000159e-02 1.445783132529999959e-02 9.236947791159999532e-01
4.779116465859999940e-01 1.791164658630000073e-01 2.891566265059999918e-01 5.381526104420000095e-02
4.674698795180000088e-01 1.799196787150000032e-01 2.104417670679999963e-01 1.421686746989999917e-01
9.718875502010000667e-02 2.216867469880000052e-01 3.485943775099999975e-01 3.325301204819999801e-01
1.534136546179999949e-01 2.722891566269999841e-01 1.477911646589999961e-01 4.265060240960000248e-01
