5.647263249349999958e-02 1.911381407469999946e-02 7.958297132930000073e-01 1.285838401390000107e-01
2.606429192009999864e-03 9.556907037360000412e-03 4.344048653339999816e-03 9.834926151170000352e-01
0.000000000000000000e+00 9.982623805389999605e-01 0.000000000000000000e+00 1.737619461339999982e-03
7.515204170289999652e-01 4.344048653339999816e-02 1.859252823629999885e-01 1.911381407469999946e-02
1.164205039100000005e-01 1.277150304080000021e-01 1.077324066029999999e-01 6.481320590789999558e-01
7.993049522150000308e-02 1.841876629020000045e-01 4.083405734139999854e-02 6.950477845350000461e-01
1.859252823629999885e-01 2.867072111209999913e-02 7.132927888790000504e-01 7.211120764549999729e-02
7.428323197220000340e-01 7.645525629890000119e-02 3.388357949609999836e-02 1.468288444829999873e-01
1.954821894010000116e-01 6.507384882710000040e-01 8.688097306689999966e-02 6.689834926149999805e-02
1.146828844479999970e-01 7.158992180709999875e-01 8.861859252819999366e-02 8.079930495220000175e-02
1.824500434400000079e-02 5.221546481319999655e-01 2.345786272809999989e-02 4.361424847959999851e-01
5.473501303210000224e-02 3.718505647259999769e-01 8.861859252819999366e-02 4.847958297130000038e-01
2.206776715900000130e-01 1.642050390960000106e-01 4.048653344920000174e-01 2.102519548219999868e-01
