1.810961080219999908e-01 2.136616362190000007e-01 3.145353455120000197e-01 2.907069102459999832e-01
6.354249404290000097e-03 1.922160444799999868e-01 4.710087370930000072e-01 3.304209690229999996e-01
0.000000000000000000e+00 2.065131056389999872e-02 9.785544082610000416e-01 7.942811755359999951e-04
1.747418586179999914e-02 3.097696584590000149e-02 8.220810166799999985e-01 1.294678316120000117e-01
4.678316123910000179e-01 4.527402700559999826e-01 4.130262112790000079e-02 3.812549642569999786e-02
1.310563939630000063e-01 2.938840349480000003e-02 7.942811755359999726e-01 4.527402700560000104e-02
8.832406671960000288e-01 3.812549642569999786e-02 4.209690230339999811e-02 3.653693407470000321e-02
1.080222398729999977e-01 3.891977760129999853e-02 3.891977760129999853e-02 8.141382049249999975e-01
6.115965051629999871e-02 2.470214455920000107e-01 1.096108022240000063e-01 5.822081016679999665e-01
2.382843526610000165e-02 1.247021445589999999e-01 5.552025417000000518e-01 2.962668784749999951e-01
2.668784749800000022e-01 1.747418586180000122e-01 4.916600476569999989e-01 6.671961874500000056e-02
2.144559173949999939e-02 4.781572676729999860e-01 4.177918983319999779e-01 8.260524225580000157e-02
