2.558326629120000195e-01 2.526146419949999999e-01 3.531777956559999931e-01 1.383748994369999874e-01
4.336283185840000276e-01 9.975864843119999770e-02 3.499597747389999736e-01 1.166532582459999939e-01
9.654062751409999907e-03 0.000000000000000000e+00 9.847144006439999542e-01 5.631536604990000291e-03
2.413515687849999980e-02 1.126307321000000021e-02 8.841512469829999610e-01 8.045052292840000618e-02
2.735317779569999830e-02 8.849557522119999575e-02 5.309734513270000095e-02 8.310539018500000541e-01
3.539823008850000174e-02 6.765888978280000243e-01 5.953338696700000154e-02 2.284794851170000030e-01
6.122284794850000322e-01 9.895414320190000501e-02 2.727272727269999808e-01 1.609010458569999982e-02
2.148028962190000057e-01 1.874497184230000113e-01 2.880128720840000045e-01 3.097345132739999785e-01
6.757843925989999445e-02 3.861625100559999690e-02 1.246983105390000041e-01 7.691069991950000295e-01
1.206757843929999983e-02 3.378921962990000250e-02 9.404666130330000540e-01 1.367658889779999921e-02
7.176186645209999826e-01 3.861625100559999690e-02 6.033789219630000117e-02 1.834271922769999952e-01
4.022526146420000309e-02 9.597747385360000383e-01 0.000000000000000000e+00 0.000000000000000000e+00
