3.371886121000000069e-01 2.081850533809999904e-01 4.137010676160000067e-01 4.092526690389999833e-02
6.521352313170000192e-01 2.669039145909999841e-02 3.078291814949999927e-01 1.334519572949999927e-02
6.227758007119999807e-03 5.338078291810000216e-03 9.590747330959999983e-01 2.935943060500000035e-02
1.565836298930000092e-01 1.067615658360000080e-02 6.147686832740000273e-01 2.179715302490000117e-01
2.135231316730000148e-02 1.281138790040000086e-01 5.338078291810000042e-02 7.971530249110000410e-01
6.850533807830000432e-02 8.060498220639999989e-01 5.338078291810000042e-02 7.206405693950000690e-02
6.645907473309999869e-01 6.939501779359999456e-02 2.330960854090000089e-01 3.291814946620000293e-02
3.434163701069999908e-01 5.782918149469999658e-02 4.715302491099999938e-02 5.516014234880000089e-01
8.896797153019999141e-03 1.975088967970000109e-01 1.014234875440000044e-01 6.921708185049999518e-01
1.645907473309999869e-01 2.313167259789999930e-01 5.302491103199999944e-01 7.384341637010000126e-02
8.487544483990000499e-01 4.181494661920000244e-02 1.690391459069999838e-02 9.252669039149999386e-02
1.512455516010000056e-01 7.820284697510000438e-01 1.868327402139999954e-02 4.804270462629999655e-02
8.896797153020000225e-04 9.982206405689999507e-01 0.000000000000000000e+00 8.896797153020000225e-04
