4.785077047849999876e-01 7.623682076240000105e-02 3.852392538519999743e-01 6.001622060020000288e-02
8.921330089210000383e-03 2.433090024330000073e-02 3.714517437150000045e-01 5.952960259530000187e-01
5.920519059209999879e-02 7.704785077049999820e-02 7.948094079480000351e-02 7.842660178429999851e-01
9.570154095699999475e-02 8.515815085160000075e-02 6.293592862939999533e-01 1.897810218980000019e-01
8.880778588809999929e-01 2.514193025140000134e-02 4.947283049469999860e-02 3.730738037310000338e-02
4.947283049469999860e-02 1.005677210060000049e-01 7.712895377130000174e-01 7.866991078670000637e-02
6.244931062450000125e-02 8.678021086779999504e-02 2.295214922949999903e-01 6.212489862119999762e-01
3.811841038120000053e-02 1.613949716139999879e-01 3.000811030010000144e-02 7.704785077050000375e-01
2.351987023520000011e-02 6.731549067319999580e-01 1.970802919709999934e-01 1.062449310620000031e-01
4.971613949720000147e-01 1.524736415250000088e-01 2.449310624490000088e-01 1.054339010539999955e-01
1.403081914029999933e-01 9.894566098950000055e-02 1.378751013789999980e-01 6.228710462290000249e-01
8.110300081099999954e-04 3.244120032439999982e-03 1.622060016219999991e-03 9.943227899430000516e-01
