9.609375000000000555e-02 2.140624999999999889e-01 6.570312499999999556e-01 3.281250000000000139e-02
0.000000000000000000e+00 9.992187500000000444e-01 0.000000000000000000e+00 7.812500000000000434e-04
1.000000000000000000e+00 0.000000000000000000e+00 0.000000000000000000e+00 0.000000000000000000e+00
0.000000000000000000e+00 1.000000000000000000e+00 0.000000000000000000e+00 0.000000000000000000e+00
3.906250000000000000e-03 1.562500000000000087e-03 9.945312499999999778e-01 0.000000000000000000e+00
0.000000000000000000e+00 0.000000000000000000e+00 0.000000000000000000e+00 1.000000000000000000e+00
3.125000000000000173e-03 7.812500000000000434e-04 9.960937500000000000e-01 0.000000000000000000e+00
1.484374999999999931e-02 5.648437499999999778e-01 1.203125000000000028e-01 2.999999999999999889e-01
2.812500000000000000e-01 2.843749999999999889e-01 2.179687499999999889e-01 2.164062499999999944e-01
2.617187500000000000e-01 2.453124999999999889e-01 2.492187499999999889e-01 2.437499999999999944e-01
2.773437500000000000e-01 2.367187500000000056e-01 2.367187500000000056e-01 2.492187499999999889e-01
2.562499999999999778e-01 2.453124999999999889e-01 2.515625000000000222e-01 2.468750000000000111e-01
2.539062500000000000e-01 2.601562499999999778e-01 2.593750000000000222e-01 2.265625000000000000e-01
2.421875000000000000e-01 2.312500000000000111e-01 2.414062499999999889e-01 2.851562500000000000e-01
