7.669267654418945312e-01 7.769107818603515625e-02 7.769107818603515625e-02 7.769107818603515625e-02
1.284246444702148438e-01 1.284246444702148438e-01 6.147260665893554688e-01 1.284246444702148438e-01
5.002117156982421875e-02 5.002117156982421875e-02 5.002117156982421875e-02 8.499364852905273438e-01
1.949491500854492188e-01 1.949491500854492188e-01 4.151525497436523438e-01 1.949491500854492188e-01
2.032251358032226562e-01 3.903245925903320312e-01 2.032251358032226562e-01 2.032251358032226562e-01
7.767057418823242188e-01 7.443141937255859375e-02 7.443141937255859375e-02 7.443141937255859375e-02
7.857580184936523438e-01 7.141399383544921875e-02 7.141399383544921875e-02 7.141399383544921875e-02
7.225704193115234375e-02 7.832288742065429688e-01 7.225704193115234375e-02 7.225704193115234375e-02
8.913326263427734375e-02 8.913326263427734375e-02 7.326002120971679688e-01 8.913326263427734375e-02
1.600103378295898438e-01 1.600103378295898438e-01 5.199689865112304688e-01 1.600103378295898438e-01
1.065549850463867188e-01 6.803350448608398438e-01 1.065549850463867188e-01 1.065549850463867188e-01
1.882410049438476562e-01 4.352769851684570312e-01 1.882410049438476562e-01 1.882410049438476562e-01
7.857866287231445312e-01 7.140445709228515625e-02 7.140445709228515625e-02 7.140445709228515625e-02
1.989870071411132812e-01 1.989870071411132812e-01 4.030389785766601562e-01 1.989870071411132812e-01
1.453657150268554688e-01 1.453657150268554688e-01 5.639028549194335938e-01 1.453657150268554688e-01
2.127981185913085938e-01 3.616056442260742188e-01 2.127981185913085938e-01 2.127981185913085938e-01
1.330156326293945312e-01 1.330156326293945312e-01 1.330156326293945312e-01 6.009531021118164062e-01
5.890684127807617188e-01 1.369771957397460938e-01 1.369771957397460938e-01 1.369771957397460938e-01
1.137590408325195312e-01 6.587228775024414062e-01 1.137590408325195312e-01 1.137590408325195312e-01
7.837009429931640625e-02 7.648897171020507812e-01 7.837009429931640625e-02 7.837009429931640625e-02
6.700181961059570312e-01 1.099939346313476562e-01 1.099939346313476562e-01 1.099939346313476562e-01
6.151552200317382812e-01 1.282815933227539062e-01 1.282815933227539062e-01 1.282815933227539062e-01
1.125917434692382812e-01 1.125917434692382812e-01 6.622247695922851562e-01 1.125917434692382812e-01
