6.352765321379999497e-01 1.337817638269999942e-01 1.405082212260000130e-01 9.043348281019999990e-02
2.182361733929999992e-01 3.430493273540000110e-01 3.176382660689999748e-01 1.210762331840000011e-01
2.705530642749999770e-01 1.711509715990000013e-01 2.174887892379999965e-01 3.408071748879999974e-01
1.726457399100000123e-01 2.600896860990000170e-01 4.028400597910000158e-01 1.644245142000000104e-01
1.121076233179999979e-02 9.715994020929999420e-03 1.718983557549999888e-02 9.618834080720000124e-01
9.334828101640000320e-01 1.644245142000000034e-02 2.092675635279999877e-02 2.914798206280000067e-02
8.976083707030000358e-01 3.961136023919999832e-02 3.811659192829999765e-02 2.466367712999999878e-02
2.541106128550000079e-02 3.437967115099999776e-02 4.185351270550000113e-02 8.983557548580000107e-01
2.989536621819999934e-02 9.327354260089999460e-01 1.046337817639999938e-02 2.690582959640000146e-02
2.167414050820000090e-02 9.536621823619999549e-01 1.718983557549999888e-02 7.473841554559999649e-03
3.916292974589999920e-01 1.464872944689999956e-01 1.674140508220000045e-01 2.944693572500000078e-01
2.055306427499999922e-01 1.704035874439999987e-01 2.929745889390000246e-01 3.310911808670000123e-01
