4.421988682299999862e-01 6.305578011319999676e-02 2.845594179470000151e-01 2.101859337110000003e-01
1.293451899759999989e-02 1.681487469680000013e-01 1.212611156019999942e-02 8.067906224740000187e-01
5.497170573969999835e-02 6.200485044460000150e-01 2.271624898950000138e-01 9.781729991920000422e-02
1.374292643490000049e-02 9.046079223930000301e-01 2.101859337110000003e-02 6.063055780110000043e-02
1.422797089729999909e-01 5.497170573969999835e-02 1.131770412290000055e-01 6.895715440580000299e-01
3.848019401780000126e-01 3.233629749389999725e-02 1.705739692809999930e-01 4.122877930480000064e-01
6.790622473729999997e-02 1.026677445429999974e-01 7.194826192400000098e-02 7.574777687949999505e-01
6.960388035569999854e-01 1.341956346000000022e-01 1.697655618429999916e-02 1.527890056589999990e-01
3.662085691190000158e-01 1.535974130960000017e-01 2.295877122069999998e-01 2.506063055780000104e-01
1.333872271619999939e-01 9.539207760710000095e-02 5.375909458369999561e-01 2.336297493939999970e-01
2.263540824580000110e-02 9.280517380760000545e-01 1.374292643490000049e-02 3.556992724329999939e-02
1.616814874700000029e-02 9.805982215040000005e-01 3.233629749390000158e-03 0.000000000000000000e+00
