2.741347905279999941e-01 2.559198542810000032e-01 2.768670309649999828e-01 1.930783242259999921e-01
2.213114754100000137e-01 3.169398907100000051e-01 1.757741347909999863e-01 2.859744990890000227e-01
8.979963570129999573e-01 0.000000000000000000e+00 1.020036429870000011e-01 0.000000000000000000e+00
9.116575591990000449e-01 3.825136612019999771e-02 4.553734061930000271e-02 4.553734061929999577e-03
1.912568306009999886e-02 9.608378870670000182e-01 1.092896174860000062e-02 9.107468123859999154e-03
9.162112932599999482e-01 2.550091074679999847e-02 5.009107468119999851e-02 8.196721311480000341e-03
3.360655737700000145e-01 9.562841530049999428e-02 5.382513661200000188e-01 3.005464480870000121e-02
4.371584699449999889e-02 6.921675774129999459e-01 1.165755919850000044e-01 1.475409836069999925e-01
4.007285974500000153e-02 1.001821493620000045e-02 1.001821493620000045e-02 9.398907103829999832e-01
1.730418943529999851e-02 5.191256830600000233e-02 9.025500910749999495e-01 2.823315118400000073e-02
2.185792349730000111e-02 1.147540983610000065e-01 9.107468123859999154e-03 8.542805100179999833e-01
3.642987249540000083e-03 2.704918032790000204e-01 1.183970856100000080e-02 7.140255009110000328e-01
2.213114754100000137e-01 2.404371584699999953e-01 2.367941712199999882e-01 3.014571949000000028e-01
2.249544626589999874e-01 3.324225865209999853e-01 1.976320582880000121e-01 2.449908925319999875e-01
