2.274881516589999930e-01 3.033175355450000166e-01 2.093206951029999985e-01 2.598736176940000253e-01
1.587677725119999994e-01 2.669826224330000275e-01 2.290679304899999880e-01 3.451816745660000185e-01
2.930489731440000245e-01 9.636650868880000664e-02 4.439178515009999937e-01 1.666666666670000019e-01
7.424960505529999699e-02 1.619273301739999893e-01 7.638230647710000376e-01 0.000000000000000000e+00
1.184834123220000063e-02 9.691943127959999904e-01 2.369668246449999852e-03 1.658767772509999947e-02
9.541864139019999858e-01 1.026856240130000035e-02 1.421800947869999998e-02 2.132701421799999830e-02
1.263823064769999983e-02 9.486571879940000063e-01 7.898894154820000624e-03 3.080568720379999945e-02
1.342812006320000077e-02 3.712480252759999683e-02 9.368088467609999581e-01 1.263823064769999983e-02
2.369668246449999852e-03 1.026856240130000035e-02 1.658767772509999947e-02 9.707740916270000131e-01
5.845181674569999847e-02 3.949447077410000312e-03 9.360189573460000467e-01 1.579778830960000026e-03
1.026856240130000035e-02 6.319115323849999744e-01 6.556082148500000373e-02 2.922590837280000242e-01
4.162717219589999740e-01 2.993680884680000043e-01 1.240126382310000053e-01 1.603475513429999944e-01
