8.258071686579606663e-01
7.943762156154487997e-01
7.183884412336759562e-01
8.243289802722978399e-01
8.237176993609336417e-01
5.134426229508196604e-01
8.398444012225618760e-01
7.914309530425118755e-01
7.662906362878577626e-01
6.883356487913310229e-01
8.218171714365101188e-01
8.293303695470963799e-01
6.203945540427896477e-01
8.403445401500417855e-01
7.379827729924978152e-01
8.194498471797722061e-01
8.207613225896083220e-01
8.292747985551541801e-01
8.082245068074465078e-01
8.452347874409558148e-01
8.249958321756042379e-01
8.027007502083912671e-01
8.150152820227841710e-01
8.361544873575994519e-01
7.534759655459849492e-01
8.154042789663796809e-01
6.997165879410947031e-01
8.073353709363711994e-01
8.401111419838844796e-01
8.358544040011115506e-01
6.947818838566268695e-01
7.449069185884967803e-01
8.316087802167269061e-01
8.328646846346207111e-01
8.352875798833009346e-01
8.296860238955263700e-01
8.081578216171159124e-01
8.100472353431509287e-01
8.212114476243401739e-01
7.628896915809947332e-01
7.716699083078633059e-01
8.171158655181994801e-01
8.387107529869408662e-01
7.449180327868852869e-01
8.380661294804112593e-01
8.440900250069462984e-01
8.096137816060016146e-01
8.065684912475686863e-01
8.243734370658515331e-01
8.230619616560155283e-01
8.022561822728535574e-01
8.086023895526535110e-01
8.189163656571269989e-01
8.306085023617670871e-01
8.291636565712696694e-01
8.315087524312307909e-01
8.265740483467629574e-01
8.065573770491802907e-01
7.527868852459016491e-01
8.301083634342872886e-01
8.196721311475410054e-01
8.341094748541262316e-01
8.194276187829951930e-01
8.187941094748540927e-01
7.349541539316476468e-01
8.015782161711586529e-01
7.526646290636287429e-01
7.825840511253125964e-01
8.205056960266740029e-01
8.073242567379826928e-01
8.096026674076132190e-01
8.155821061405946759e-01
8.140150041678244630e-01
7.030452903584328839e-01
7.935426507363156912e-01
8.137593776048902550e-01
8.253181439288692633e-01
8.239844401222562453e-01
7.813781606001668489e-01
8.100583495415393243e-01
8.132258960822450478e-01
7.985329258127258356e-01
7.895748819116421569e-01
8.122700750208390330e-01
8.105140316754653185e-01
8.381883856626841656e-01
8.191942206168379981e-01
8.187274242845234973e-01
7.787385384829119683e-01
8.083245345929426229e-01
7.477910530702972514e-01
8.053014726312863747e-01
8.186718532925811864e-01
8.174381772714642835e-01
8.063017504862461937e-01
8.167824395665463921e-01
7.970991942206169245e-01
8.049791608780216823e-01
7.538760766879688546e-01
8.068018894137261032e-01
8.049347040844678780e-01
7.759155320922478394e-01
8.065351486524034996e-01
8.114587385384828266e-01
8.098249513753821294e-01
7.956988052236733111e-01
7.997832731314253873e-01
8.191164212281190071e-01
7.209335926646290860e-01
8.058905251458738928e-01
8.172158933036954842e-01
7.868185607113086233e-01
7.351375382050568952e-01
8.101583773270353284e-01
8.025340372325646676e-01
7.989997221450402254e-01
7.947763267574327051e-01
7.922978605168101707e-01
7.458071686579604842e-01
5.000000000000000000e-01
7.917421505973881724e-01
7.992220061128090247e-01
8.023339816615726594e-01
7.933870519588773762e-01
7.993109196999167443e-01
8.000555709919421332e-01
6.820116699083078604e-01
8.082800777993887076e-01
8.196387885523757078e-01
8.169046957488191874e-01
8.237732703528757305e-01
8.123145318143929483e-01
8.046457349263684833e-01
8.399166435120867247e-01
8.215282022784107241e-01
8.458016115587663197e-01
8.464462350652960376e-01
7.480966935259794059e-01
8.227507641011393424e-01
8.462239510975271273e-01
8.221728257849403310e-01
8.269630452903585782e-01
7.609502639622118814e-01
5.141539316476799737e-01
5.883078632953597786e-01
8.381439288691302503e-01
8.145818282856348569e-01
6.980383439844402016e-01
8.361878299527644165e-01
8.339427618782995211e-01
8.054681856071130852e-01
8.391775493192553670e-01
8.521811614337315710e-01
8.398110586273965783e-01
8.424006668519034013e-01
8.235398721867184246e-01
8.288746874131703857e-01
8.261517088080023719e-01
8.466240622395111437e-01
8.449569324812449267e-01
8.177604890247290870e-01
8.058571825507084840e-01
8.239955543206446409e-01
8.270186162823005560e-01
8.126924145595998406e-01
8.203278688524590079e-01
8.369324812447902495e-01
8.346540705751598344e-01
8.181383717699360902e-01
8.274965268130035634e-01
8.422117254792997887e-01
8.331314253959432037e-01
8.023673242567381791e-01
8.493803834398444552e-01
8.153487079744373700e-01
8.245401500416782437e-01
5.187440955821061017e-01
8.158155043067518708e-01
8.389163656571269057e-01
8.091136426785219271e-01
8.173381494859682794e-01
8.313086968602390048e-01
8.223173103639900283e-01
8.019783273131424473e-01
8.190163934426228920e-01
6.502361767157542882e-01
8.365545984995832463e-01
4.974492914698527835e-01
8.372214504028896442e-01
8.203389830508474034e-01
8.202111697693804659e-01
8.030786329535982704e-01
8.209836065573770103e-01
8.150597388163379753e-01
8.334148374548484561e-01
8.390108363434287675e-01
8.098805223673242182e-01
8.173937204779104793e-01
7.984328980272298315e-01
8.160711308696859678e-01
8.207724367879967176e-01
8.252848013337037436e-01
5.000000000000000000e-01
8.112475687691025339e-01
5.000000000000000000e-01
8.186940816893579775e-01
8.147263128646846653e-01
8.109474854126145216e-01
8.124367879966656325e-01
7.971103084190053201e-01
8.173270352875798839e-01
8.117143651014170347e-01
8.093914976382328152e-01
8.059127535426506839e-01
8.013559322033898535e-01
8.069908307863296049e-01
8.301417060294526973e-01
8.218171714365101188e-01
8.317421505973880969e-01
8.075798833009169009e-01
8.065684912475686863e-01
7.948985829397055003e-01
8.111030841900527255e-01
8.222395109752709264e-01
8.259405390386219681e-01
8.159377604890246660e-01
7.943206446235065998e-01
8.044012225618227818e-01
7.945707140872465546e-01
6.975437621561544344e-01
8.151708808002223750e-01
8.080244512364544995e-01
8.178271742150596824e-01
8.230175048624617240e-01
4.983050847457627386e-01
8.108252292303417263e-01
8.004556821339260386e-01
8.078243956654627134e-01
8.180050013892746774e-01
8.267463184217839212e-01
5.000000000000000000e-01
8.015893303695470484e-01
5.939538760766880365e-01
8.139483189774937566e-01
8.146373992775771677e-01
7.763100861350374915e-01
7.963989997221450068e-01
8.194831897749375038e-01
7.866407335370937393e-01
7.769713809391497472e-01
7.995998888580161390e-01
7.879744373437065352e-01
7.755043067518756494e-01
8.119144206724090429e-01
7.833509308141149985e-01
8.030452903584328617e-01
5.000000000000000000e-01
8.041233676021116716e-01
8.150819672131146554e-01
7.386162823006391376e-01
8.167379827729926989e-01
8.392886913031396556e-01
8.073575993331481016e-01
5.982661850514031654e-01
8.417227007502082747e-01
8.310530702973047967e-01
8.281189219227563791e-01
6.196832453459294454e-01
8.366657404834675349e-01
8.405001389274798784e-01
8.259961100305639459e-01
8.278855237565989622e-01
8.414893025840511909e-01
8.338093914976382193e-01
8.127924423450958447e-01
8.182939705473742942e-01
8.363212003334259403e-01
5.234454015004168514e-01
8.266296193387052682e-01
8.132036676854681456e-01
5.000000000000000000e-01
8.126479577660460363e-01
8.111642122811892897e-01
6.744206724090024974e-01
8.370658516254514403e-01
8.295304251180883881e-01
8.446679633231453099e-01
8.364212281189219444e-01
6.698805223673243159e-01
8.442345095859962179e-01
8.198833009169212982e-01
8.112809113642678316e-01
8.282300639066407788e-01
8.210947485412614100e-01
8.174159488746873814e-01
8.414337315921089910e-01
8.223951097527091303e-01
8.179160878021672909e-01
8.363434287302029535e-01
8.045012503473187859e-01
8.453348152264518189e-01
8.343206446235066354e-01
8.115698805223673373e-01
8.190608502361765852e-01
8.132703528757987410e-01
8.247179772158932387e-01
8.279077521533759754e-01
8.335648791330925178e-01
8.382995276465684542e-01
8.374326201722700480e-01
8.200833564879133064e-01
8.150041678243955534e-01
8.432453459294250164e-01
8.171269797165879867e-01
8.147374270630730608e-01
8.274520700194498701e-01
8.089802722978605143e-01
5.000000000000000000e-01
8.204056682411782209e-01
8.323200889135871083e-01
8.044401222561822218e-01
8.189163656571268879e-01
8.322978605168102062e-01
8.368657960544594321e-01
8.083801055848847117e-01
8.125812725757154409e-01
8.303639899972213856e-01
8.175159766601833855e-01
8.174604056682411857e-01
8.466129480411224151e-01
8.259294248402333505e-01
8.255959988885801515e-01
8.148485690469575715e-01
4.898027229786052206e-01
8.272964712420116662e-01
5.000000000000000000e-01
8.168935815504307918e-01
8.035898860794665755e-01
5.221728257849402866e-01
8.211836621283690185e-01
7.925757154765212809e-01
4.983606557377049384e-01
8.039233120311197744e-01
8.080522367324256550e-01
7.984551264240067336e-01
8.130480689080300527e-01
8.156487913309252713e-01
8.105307029730481894e-01
8.072242289524867997e-01
8.150375104195610731e-01
8.182495137538204899e-01
5.379049736037788687e-01
5.000000000000000000e-01
8.013225896082245558e-01
8.135259794387330601e-01
5.000000000000000000e-01
8.020561267018616602e-01
7.934759655459848737e-01
8.204390108363432965e-01
5.777604890247290959e-01
8.067463184217837924e-01
8.120477910530703447e-01
5.593609335926645887e-01
5.000000000000000000e-01
5.414170602945262978e-01
8.001667129758265329e-01
8.120811336482356424e-01
8.130702973048069548e-01
8.136593498193942509e-01
7.871575437621562976e-01
8.217838288413448211e-01
8.069352597943872940e-01
8.079133092525702109e-01
5.091636565712698292e-01
8.128702417338149466e-01
7.312031119755487696e-01
5.000000000000000000e-01
8.026451792164490673e-01
8.092581272575714024e-01
4.981606001667129857e-01
8.059349819394275860e-01
5.000000000000000000e-01
8.140038899694359564e-01
7.979438732981385396e-01
7.795387607668797791e-01
8.079799944429006953e-01
7.649013614893025448e-01
7.350041678243957044e-01
7.898638510697415516e-01
8.127924423450958447e-01
7.787496526813003639e-01
7.607891080855793131e-01
5.124701305918311078e-01
7.878188385662684423e-01
7.532647957766046565e-01
7.696137816060018011e-01
7.959433175882189015e-01
7.498082800777993162e-01
7.728702417338151331e-01
7.645901639344262479e-01
7.619783273131425227e-01
7.861072520144483100e-01
7.722145040288967976e-01
7.819838844123367938e-01
7.878410669630453445e-01
7.698027229786051917e-01
7.919755487635453672e-01
7.569324812447901785e-01
7.637454848569046328e-01
7.619560989163657316e-01
7.392386774103918423e-01
8.077021394831898071e-01
7.582328424562377878e-01
7.993664906918587221e-01
7.868407891080856364e-01
8.124479021950541391e-01
6.806446235065295447e-01
7.670019449847179649e-01
7.975771047513198209e-01
7.887968880244512482e-01
7.772714642956377595e-01
7.677243678799665627e-01
8.117921644901361367e-01
7.797721589330370850e-01
7.815726590719643818e-01
7.935204223395387890e-01
7.695693248124478858e-01
7.799166435120866714e-01
7.867407613225896323e-01
7.832953598221727987e-01
7.618894137260350252e-01
8.083245345929426229e-01
7.849624895804390157e-01
8.065462628507918952e-01
7.667018616282301746e-01
7.992553487079745445e-01
8.034231731036398649e-01
7.868963601000277253e-01
7.752597943873297259e-01
7.784717977215893647e-01
7.769380383439844495e-01
7.824840233398165923e-01
7.973992775771047148e-01
7.839510975270909121e-01
7.789941650458460654e-01
7.701583773270355149e-01
7.968102250625173077e-01
7.837288135593218907e-01
7.951542095026395973e-01
7.801722700750208794e-01
7.853292581272575124e-01
7.929647124201167907e-01
7.870519588774659292e-01
7.750152820227841355e-01
7.798610725201444716e-01
7.848735759933315181e-01
7.904195609891635499e-01
7.786607390941927553e-01
7.796499027507640678e-01
7.971103084190054311e-01
7.811392053348151787e-01
7.218782995276465941e-01
7.810947485412613744e-01
7.918532925812725720e-01
7.910530702973048722e-01
7.718810780772435987e-01
7.724479021950541036e-01
7.494526257293693261e-01
7.605668241178104028e-01
7.754487357599333386e-01
7.918977493748264873e-01
7.893303695470963444e-01
7.879077521533759398e-01
7.552764656849124680e-01
7.953320366768545924e-01
7.845290358432897015e-01
7.107641011392052954e-01
7.696582383995553833e-01
7.752375659905528238e-01
7.095859961100304814e-01
7.683023061961655742e-01
7.357377049180326978e-01
7.769158099472076584e-01
7.536537927202000553e-01
7.838955265351486013e-01
7.499861072520144223e-01
7.641122534037232406e-01
7.478855237565991132e-01
7.890302861906084431e-01
7.621894970825229265e-01
7.796499027507640678e-01
7.651569880522367528e-01
7.733481522645180295e-01
7.945095859961099904e-01
7.303917754931926742e-01
7.482856348985829076e-01
7.526535148652403473e-01
6.976826896360099894e-01
7.553431508752430634e-01
7.549208113364824779e-01
6.717754931925534745e-01
7.691580994720754738e-01
7.716810225062517015e-01
7.679688802445123752e-01
7.794053903862183663e-01
7.653459294248402545e-01
7.715143095304251020e-01
7.065073631564324774e-01
7.461850514031675985e-01
7.630230619616558130e-01
7.729591553209225196e-01
7.418060572381217632e-01
7.879855515420948198e-01
7.933870519588774872e-01
7.906418449569323492e-01
7.821617115865517889e-01
7.934648513475965892e-01
7.254681856071131252e-01
7.591553209224785048e-01
7.648902472909140382e-01
7.712142261739372007e-01
7.612781328146707160e-01
7.726146151708808141e-01
8.080355654348430061e-01
7.097415948874687963e-01
8.070130591831063960e-01
7.594776326757431972e-01
7.653348152264518589e-01
7.848513475965546160e-01
8.110919699916643300e-01
8.121478188385662378e-01
8.120922478466240380e-01
8.190608502361766963e-01
7.755932203389830359e-01
7.870519588774659292e-01
7.866629619338705304e-01
7.917532647957766789e-01
8.026451792164490673e-01
7.609113642678522194e-01
7.972547929980551285e-01
8.108808002222839262e-01
7.941428174492913827e-01
7.878855237565991487e-01
8.024006668519033658e-01
8.046346207279798657e-01
7.828174492914699023e-01
7.911197554876354676e-01
8.195721033620451124e-01
7.847402056126701053e-01
7.980550152820227172e-01
7.982884134481800231e-01
8.039233120311197744e-01
8.096137816060016146e-01
8.083245345929424008e-01
8.085801611558764979e-01
6.896471242011670277e-01
7.629786051681022307e-01
8.075243123089747010e-01
7.794165045846068729e-01
7.919199777716032784e-01
7.843734370658514976e-01
8.099027507641012313e-01
7.986440677966102353e-01
7.936760211169768819e-01
7.860961378160600255e-01
7.971992220061128176e-01
8.003111975548763413e-01
8.028452347874408535e-01
7.850180605723813265e-01
8.096804667963322100e-01
8.039121978327313789e-01
7.933314809669351764e-01
7.951653237010281039e-01
7.916087802167268705e-01
7.681578216171158768e-01
8.008002222839678552e-01
7.808724645734925751e-01
7.736260072242289176e-01
7.806279522089469847e-01
8.120033342595166514e-01
7.862739649902750205e-01
7.798833009169212627e-01
8.040011114198387654e-01
7.747929980550152251e-01
7.946874131703250965e-01
7.741150319533203206e-01
7.918977493748262653e-01
7.561433731592108742e-01
7.807724367879966820e-01
7.908307863295359619e-01
7.955765490414005159e-01
8.004445679355376431e-01
7.641455959988885382e-01
7.901528202278411683e-01
7.788163378716309593e-01
7.866851903306473215e-01
7.860961378160600255e-01
7.909752709085857703e-01
7.832064462350651901e-01
7.651903306474021615e-01
7.869963878855237294e-01
7.832509030286191054e-01
7.191886635176438780e-01
7.647791053070298606e-01
7.983662128368991251e-01
7.815726590719644928e-01
7.740705751597667383e-01
7.898638510697415516e-01
7.693581550430674820e-01
7.703473186996387945e-01
7.772158933036953377e-01
7.976882467352042205e-01
7.674687413170324657e-01
7.699916643512088044e-01
7.387051958877465241e-01
7.897193664906918542e-01
7.750930814115032375e-01
7.693692692414559886e-01
7.905751597666017538e-01
7.866518477354820238e-01
7.944762434009448038e-01
7.975215337593776210e-01
7.880744651292026504e-01
7.803834398444011722e-01
7.734037232564601183e-01
7.780828007779939659e-01
7.540983606557378760e-01
7.879299805501527310e-01
7.598555154209503115e-01
7.926090580716865786e-01
7.832064462350651901e-01
7.407390941928313488e-01
7.804501250347319896e-01
7.817282578494026968e-01
7.002056126701861061e-01
7.747485412614614209e-01
7.756487913309251248e-01
7.877076965823840426e-01
7.927313142539594848e-01
7.463851069741596067e-01
7.640677966101694363e-01
8.096026674076133300e-01
7.626340650180605252e-01
7.844512364545705996e-01
8.171492081133648888e-01
7.736037788274519045e-01
7.867407613225896323e-01
7.590664073353707852e-01
7.872186718532926397e-01
7.746818560711308255e-01
8.014670741872742532e-01
8.018782995276465542e-01
7.834731869963879047e-01
7.905084745762711584e-01
8.181494859683245968e-01
7.988330091692137369e-01
8.033120311197554653e-01
5.112420116699082362e-01
8.018449569324812565e-01
8.119033064740206473e-01
8.225840511253126319e-01
8.052014448457904816e-01
8.015226451792165641e-01
7.837621561544874105e-01
7.885634898582938312e-01
8.061128091136426921e-01
7.648235621005834428e-01
8.077910530702973047e-01
8.098471797721589205e-01
8.029563767713254752e-01
7.908641289247013706e-01
7.973992775771048258e-01
7.966768546818560059e-01
8.006890803000833445e-01
7.700694637399277953e-01
7.936982495137537841e-01
7.812948041122533827e-01
7.998332870241733339e-01
7.880855793275910459e-01
7.684467907752152716e-01
8.049347040844678780e-01
5.204612392331203763e-01
8.098916365657127248e-01
8.225284801333703211e-01
7.977104751319811227e-01
7.945540427896637947e-01
7.900194498471797555e-01
8.210614059460961123e-01
8.010891914420672499e-01
8.133592664629065716e-01
8.027452070019449604e-01
7.975659905529313143e-01
7.834176160044459269e-01
8.113475965545985380e-01
8.013781606001667557e-01
8.016115587663239506e-01
8.002445123645458569e-01
8.026118366212837696e-01
7.889413726035010566e-01
7.810725201444845833e-01
8.042456237843844669e-01
7.834954153931646958e-01
7.958988607946652083e-01
7.959433175882189015e-01
8.097138093914977297e-01
7.832842456237844031e-01
8.054126146151707744e-01
7.980216726868574195e-01
7.911419838844124808e-01
8.016004445679354440e-01
7.946429563767712922e-01
8.082800777993885966e-01
7.959655459849959147e-01
8.032898027229786742e-01
8.067129758266184947e-01
8.111364267852181342e-01
7.818282856348985899e-01
7.928535704362322800e-01
7.997999444290080362e-01
7.686579605445957863e-01
7.909863851069741658e-01
8.093136982495137133e-01
8.093136982495138243e-01
7.974326201722701235e-01
7.961322589608224032e-01
8.038788552375660812e-01
7.891080855793275450e-01
7.876965823839956471e-01
8.028230063906640623e-01
7.941317032509030982e-01
7.984328980272297205e-01
7.922200611280911797e-01
7.695804390108362814e-01
7.755932203389831470e-01
7.794165045846068729e-01
7.739705473742707342e-01
7.683467629897193785e-01
7.746818560711308255e-01
7.844845790497360083e-01
7.873520422339539415e-01
7.682800777993887831e-01
8.041122534037231651e-01
7.911642122811891609e-01
7.848624617949431226e-01
8.000555709919421332e-01
7.993553764934704375e-01
7.973548207835510215e-01
7.565768268963601884e-01
7.748930258405113403e-01
7.916310086135037727e-01
7.905307029730480606e-01
7.940094470686301920e-01
7.756710197277021379e-01
7.762711864406779405e-01
7.818505140316753810e-01
7.574215059738815814e-01
7.854181717143651209e-01
7.756376771325368402e-01
7.901417060294525507e-01
7.715143095304251020e-01
7.827841066963044936e-01
7.808391219783273884e-01
7.867963323145318322e-01
7.868741317032508231e-01
7.858627396499028306e-01
7.680355654348429706e-01
7.787718810780771550e-01
7.823284245623783884e-01
7.253125868296749212e-01
6.887913309252569061e-01
7.495859961100306279e-01
7.311364267852182852e-01
7.276243400944706341e-01
7.332370102806335943e-01
7.151875520978049350e-01
7.451625451514309884e-01
7.354598499583218096e-01
7.233453737149208029e-01
7.298582939705473560e-01
7.274465129202556390e-01
7.514976382328424354e-01
6.858794109474853906e-01
7.405612670186163538e-01
7.304695748819116652e-01
7.484190052792443204e-01
6.757210336204501067e-01
7.233787163100859896e-01
6.478688524590163755e-01
7.475076410113921099e-01
6.687413170325089418e-01
7.331592108919143813e-01
7.566101694915253750e-01
7.454737427063071742e-01
6.921144762434008335e-01
7.290803000833565584e-01
7.293581550430675575e-01
7.491080855793276205e-01
7.132314531814392122e-01
7.352375659905530103e-01
7.447735482078354785e-01
7.657682689636009510e-01
7.531758821894970479e-01
7.440511253125867697e-01
6.767657682689635079e-01
7.473964990275075992e-01
7.815837732703528884e-01
7.252570158377327214e-01
7.627007502083911206e-01
7.065851625451513573e-01
6.363545429285912824e-01
7.631675465407059544e-01
7.182884134481800631e-01
7.241233676021117116e-01
7.206779661016948779e-01
7.153653792720200411e-01
6.661405946096138342e-01
6.929702695193109552e-01
6.934704084467906426e-01
7.233564879133091985e-01
7.069741594887468672e-01
6.242734092803556845e-01
6.768657960544596230e-01
6.867352042233954013e-01
7.408946929702694417e-01
7.471186440677966001e-01
6.639844401222561032e-01
7.053514865240344545e-01
6.882578494026116989e-01
7.092859127535426911e-01
7.096749096971382009e-01
7.164990275076410509e-01
7.382828563489858276e-01
6.910586273964990367e-01
5.934203945540428293e-01
7.361044734648514165e-01
7.244567935537649106e-01
6.908585718255071395e-01
7.112420116699083028e-01
6.609724923589885837e-01
6.538149485968324237e-01
7.378716310086134156e-01
7.112086690747430051e-01
6.814670741872741466e-01
7.272131147540983331e-01
6.741872742428453025e-01
7.240677966101694008e-01
7.293581550430674465e-01
7.164212281189219489e-01
6.805445957210337626e-01
6.863795498749654111e-01
6.811781050291747519e-01
6.741205890525145961e-01
6.766768546818561214e-01
6.876687968880244028e-01
6.477132536815781716e-01
6.942372881355932668e-01
7.043623228674631420e-01
6.715087524312308709e-01
6.144262295081968084e-01
6.290414003889969186e-01
6.543817727146430396e-01
6.880577938316199127e-01
6.483023061961655786e-01
5.867963323145317656e-01
6.557821617115865420e-01
6.214615170880799511e-01
6.181606001667130368e-01
6.438677410391775435e-01
5.895637677132535837e-01
6.671186440677966401e-01
5.944429008057794395e-01
5.938205056960266237e-01
5.605112531258682473e-01
6.818782995276466696e-01
6.693192553487079532e-01
6.253959433175881877e-01
4.767657682689636078e-01
6.314865240344540442e-01
5.983550986385106629e-01
5.756043345373714759e-01
6.414226173937205289e-01
6.490803000833564873e-01
5.700916921367046308e-01
5.227674353987218359e-01
5.823006390664073884e-01
6.062239510975271362e-01
5.929980550152820218e-01
5.583550986385106274e-01
5.393053626007223711e-01
5.690136148930258209e-01
5.883523200889135829e-01
6.936037788274520555e-01
6.356210058349542891e-01
5.957099194220616400e-01
6.049235898860794158e-01
6.279077521533759088e-01
7.603889969435954077e-01
7.573325923867740839e-01
7.487302028341205062e-01
7.199555432064461691e-01
7.569435954431785740e-01
7.609335926646288994e-01
7.667463184217838679e-01
7.392164490136148292e-01
7.603778827452070121e-01
7.348152264517922028e-01
7.543317588218949599e-01
7.183773270352876716e-01
7.435621005834954778e-01
7.502973048068908302e-01
7.365379272020005086e-01
7.334148374548485894e-01
7.337371492081132818e-01
7.568102250625173832e-01
7.478521811614338155e-01
7.511308696860239387e-01
7.317921644901360656e-01
7.551986662961933661e-01
6.756765768268964134e-01
7.745262572936926215e-01
7.600889135871076174e-01
6.539149763823284278e-01
7.706362878577381892e-01
7.542095026396221646e-01
7.514087246457350489e-01
7.547207557654904697e-01
7.629452625729369331e-01
7.127646568491247114e-01
7.276354542928591407e-01
7.317254792998053592e-01
7.529647124201167552e-01
7.442511808835787779e-01
7.499527646568491246e-01
7.414281744929147600e-01
7.479633231453182152e-01
7.500527924423450177e-01
7.359488746874132126e-01
7.654904140038899518e-01
7.641011392053348450e-01
7.198332870241734849e-01
7.275909974993053364e-01
7.496860238955265210e-01
7.378827452070019222e-01
7.358043901083635152e-01
7.260683523200889278e-01
7.075076410113919634e-01
7.422617393720476464e-01
7.281911642122811390e-01
7.443845512642399687e-01
7.417504862461794524e-01
7.301472631286468618e-01
7.415615448735759507e-01
7.692914698527368866e-01
7.265573770491804417e-01
7.295137538205056504e-01
7.411169769380383521e-01
7.033398166157265319e-01
7.133648235621006251e-01
7.324145595998888814e-01
7.512308974715198318e-01
7.258682967490971416e-01
7.162211725479299407e-01
7.621339260905807267e-01
7.609113642678522194e-01
6.832008891358709590e-01
7.244901361489302083e-01
7.049513753820505491e-01
7.037232564601276774e-01
7.605890525145875269e-01
7.278799666574048421e-01
7.129647124201166086e-01
7.318921922756320697e-01
6.592053348152264736e-01
7.428841344818005732e-01
7.388941372603500257e-01
7.239010836343429123e-01
7.105195887746595940e-01
5.564990275076410198e-01
6.645623784384551147e-01
6.368657960544595875e-01
7.079299805501528819e-01
7.068407891080856764e-01
6.757099194220617111e-01
6.447791053070297540e-01
6.613281467074187958e-01
7.013726035009724136e-01
7.030508474576270261e-01
6.559822172825784392e-01
6.612058905251458896e-01
7.153209224784662368e-01
6.382439566546262988e-01
6.927368713531536493e-01
6.870686301750486003e-01
6.301861628230063239e-01
6.867240900250070057e-01
6.980716865796054993e-01
6.617838288413447900e-01
6.609391497638232860e-01
6.304084467907751232e-01
5.961989441511530430e-01
6.661628230063907363e-01
6.301305918310642351e-01
6.685857182550709599e-01
6.870130591831064004e-01
6.798555154209502405e-01
6.953931647679911787e-01
6.730869686023894793e-01
6.745651569880521947e-01
6.546596276743539278e-01
5.337371492081134372e-01
6.361989441511530785e-01
6.309419283134204415e-01
6.347763267574326740e-01
6.085801611558766533e-01
5.875187552097804744e-01
6.278299527646569178e-01
6.152709085857183124e-01
6.325201444845790499e-01
5.906585162545151535e-01
6.150486246179495131e-01
6.122033898305083710e-01
6.365323701028062775e-01
6.881800500138927079e-01
6.393109196999167132e-01
7.397721589330370495e-01
7.500972492358989330e-01
7.464517921644900911e-01
7.383828841344817207e-01
7.450625173659349842e-01
7.434509585996109671e-01
7.565657126979716818e-01
7.565990552931369795e-01
7.620672409002500203e-01
7.325257015837733920e-01
7.640233398166158540e-01
7.586996387885523996e-01
7.229230341761601064e-01
7.633009169213670342e-01
7.207224228952486822e-01
7.629119199777715243e-01
7.529535982217281376e-01
7.765934981939428550e-01
7.648791330925256426e-01
7.593220338983051043e-01
7.716587941094747993e-01
7.663462072797999625e-01
7.375937760489025274e-01
7.608113364823563263e-01
7.548763545429284516e-01
7.400611280911364442e-01
7.547652125590441630e-01
7.212003334259516896e-01
7.546096137816060700e-01
7.663462072797999625e-01
7.479855515420948953e-01
7.449291469852736824e-01
7.597777160322310985e-01
7.418949708252293718e-01
7.380605723812169172e-01
7.735148652403446290e-01
7.303695470964157721e-01
7.817282578494026968e-01
7.622117254792997176e-01
7.609335926646292325e-01
7.437510419560989794e-01
7.702584051125314080e-01
7.730480689080299062e-01
7.593220338983051043e-01
7.482411781050293254e-01
7.458071686579604842e-01
7.335926646290635844e-01
7.438621839399832680e-01
7.732147818838568387e-01
7.498638510697416271e-01
7.487413170325090128e-01
7.503862183939982167e-01
7.449180327868851759e-01
7.618338427340928254e-01
7.417616004445679589e-01
7.549874965268129623e-01
7.449958321756043889e-01
7.582661850514030855e-01
7.499305362600723335e-01
7.538983050847457568e-01
7.232231175326480077e-01
7.547874409558210651e-01
7.473964990275074882e-01
7.118532925812726120e-01
7.424506807446513701e-01
7.274242845234787369e-01
7.313809391497638757e-01
7.180327868852458550e-01
7.597888302306197161e-01
7.192442345095859668e-01
7.622450680744651264e-01
7.562322867463184828e-01
7.142539594331758224e-01
7.221783828841346065e-01
7.556098916365656670e-01
7.548430119477632649e-01
7.378494026118366245e-01
7.549208113364824779e-01
7.385607113086968267e-01
7.401722700750208439e-01
7.217560433453737989e-01
7.228452347874410044e-01
6.943706585162545686e-01
7.341483745484855827e-01
7.217004723534314881e-01
7.258682967490970306e-01
7.354153931647681164e-01
6.689080300083356523e-01
7.409391497638232460e-01
7.013503751041956225e-01
7.265573770491803307e-01
7.301028063350929465e-01
7.478188385662685178e-01
7.227340928035566048e-01
7.111864406779659920e-01
7.363267574326201048e-01
6.735537649347040912e-01
7.250125034731869089e-01
7.056849124756876535e-01
6.218949708252292652e-01
6.774993053626007233e-01
6.411114198388441210e-01
6.805557099194220472e-01
6.082689636010003564e-01
6.823562100583494550e-01
5.773826062795220926e-01
6.911919977771603385e-01
6.117365934981939812e-01
6.887913309252570171e-01
6.816226729647125726e-01
6.503695470964157010e-01
6.952375659905528638e-01
6.634954153931647003e-01
6.499360933592663869e-01
6.502695193109196969e-01
6.771436510141706222e-01
6.418005001389275321e-01
6.814448457904973555e-01
6.745762711864405903e-01
6.637510419560989083e-01
6.431897749374826390e-01
6.692970269519311621e-01
6.678299527646567313e-01
6.278855237565990066e-01
6.969380383439844895e-01
6.497249235898860942e-01
6.695081967213114549e-01
6.060794665184773278e-01
7.650791886635176509e-01
7.023506529591552194e-01
7.733703806612948206e-01
7.249680466796332157e-01
8.161489302584051808e-01
8.165657126979717351e-01
8.413837176993608225e-01
6.242845234787439690e-01
7.161878299527646430e-01
6.230953042511808704e-01
6.453125868296749612e-01
7.035843289802723444e-01
7.564990275076409754e-01
8.183717699360932851e-01
7.089524868018893811e-01
7.158988607946652483e-01
7.885190330647402490e-01
8.334981939427619224e-01
6.481244790219504726e-01
7.634676298971937447e-01
7.013059183106418182e-01
7.286801889413726530e-01
7.528535704362322445e-01
7.292136704640177491e-01
7.282689636010002410e-01
7.533092525701583497e-01
7.378716310086134156e-01
6.914476243400944355e-01
7.867629897193664235e-01
8.166935259794387836e-01
7.316254515143095771e-01
7.035398721867185401e-01
7.890969713809391495e-01
7.102306196165601992e-01
6.998055015282023117e-01
6.862017227007501941e-01
6.999722145040289112e-01
8.111642122811891786e-01
8.271631008613502534e-01
5.340705751597665252e-01
8.212170047235343162e-01
6.950597388163379797e-01
7.503195332036676213e-01
8.141817171436511735e-01
8.314976382328425064e-01
8.130036121144762484e-01
7.253014726312865257e-01
7.380272297860517305e-01
8.033342595165322564e-01
8.098916365657127248e-01
8.193720477910528821e-01
7.395054181717144459e-01
8.081022506251738236e-01
8.056460127813283023e-01
8.104362322867462165e-01
8.111141983884411211e-01
6.995387607668797081e-01
7.954654070575158942e-01
7.895748819116422679e-01
8.317977215893304077e-01
8.369158099472074896e-01
8.194720755765489972e-01
8.380772436787996549e-01
8.073687135315366081e-01
8.049235898860793714e-01
8.292525701583773889e-01
8.035232008891359801e-01
8.192164490136149002e-01
8.245623784384550348e-01
8.443678799666574086e-01
8.216504584606835193e-01
8.084245623784385160e-01
8.157043623228673601e-01
7.817838288413447856e-01
8.178716310086133756e-01
7.837065851625453217e-01
7.519422061683800340e-01
8.259516532370103636e-01
8.255404278966379517e-01
8.141650458460683026e-01
8.042789663795499866e-01
8.207168657960544067e-01
8.025229230341761610e-01
8.071464295637676978e-01
8.135148652403445535e-01
7.496526813003612233e-01
8.071686579605445999e-01
7.886857460405668485e-01
7.900305640455682621e-01
8.065907196443455884e-01
7.993664906918589441e-01
8.198055015282023072e-01
7.691858849680466292e-01
8.276576826896360206e-01
8.094359544317866195e-01
8.139372047791053610e-01
7.871964434565158486e-01
8.072575715476522085e-01
8.099249791608780225e-01
7.715254237288133865e-01
8.141483745484858758e-01
7.958099472075577108e-01
8.029897193664907729e-01
8.139038621839400633e-01
7.863851069741594202e-01
7.934537371492080826e-01
8.087468741317032084e-01
8.011003056404557565e-01
7.647124201166990431e-01
8.019338705195887540e-01
8.209280355654348105e-01
8.098471797721590315e-01
7.918421783828839544e-01
7.876187829952765451e-01
7.845068074465129104e-01
7.911697693803834142e-01
7.821172547929979846e-01
7.536815782161712107e-01
7.917199222006112702e-01
7.515643234231731418e-01
7.938538482911919880e-01
7.842178382884134047e-01
7.907252014448458155e-01
8.044456793553765861e-01
7.902306196165601593e-01
7.744373437065850130e-01
7.946762989719367010e-01
8.076576826896361139e-01
6.689080300083356523e-01
7.073075854404000662e-01
7.395943317588219434e-01
6.034231731036399093e-01
8.481022506251736370e-01
7.594776326757433083e-01
7.692358988607945758e-01
6.834009447068629672e-01
8.470130591831064315e-01
7.198777438177271781e-01
8.457460405668241199e-01
5.910363989997221568e-01
8.295304251180883881e-01
8.084467907752153071e-01
7.267018616282300281e-01
7.909196999166435704e-01
8.123367602111697394e-01
8.100027785495971244e-01
8.334759655459849093e-01
7.504084467907752298e-01
8.191053070297305005e-01
7.598221728257847918e-01
6.978938594053903932e-01
6.098805223673242626e-01
8.480244512364545351e-01
6.783773270352875251e-01
8.162045012503473806e-01
7.565323701028062731e-01
8.432008891358711011e-01
6.893359266462906199e-01
8.241844956932481425e-01
8.299194220616836759e-01
7.753153653792720368e-01
8.301194776326759062e-01
8.387107529869408662e-01
8.344095582106140219e-01
8.323978883023062103e-01
8.367546540705752545e-01
8.262183939983329672e-01
8.114365101417060355e-01
8.404112253403722699e-01
7.751597666018339439e-01
6.590052792442344654e-01
8.144706863017505682e-01
8.427785495971102936e-01
7.359488746874132126e-01
8.146373992775770567e-01
7.692358988607946868e-01
8.228730202834122487e-01
8.051236454570713796e-01
8.012781328146706405e-01
7.552097804945816506e-01
8.109252570158378415e-01
8.191608780216727004e-01
8.264740205612670643e-01
7.918088357877188788e-01
8.062795220894694026e-01
8.070130591831063960e-01
8.320422339538759982e-01
8.272297860516810708e-01
6.919699916643512472e-01
8.170158377327034760e-01
8.051236454570714907e-01
8.128368991386496489e-01
8.070130591831063960e-01
8.367435398721866369e-01
8.183828841344820137e-01
8.216726868574604215e-01
8.112697971658794360e-01
8.236065573770490200e-01
7.896526813003612588e-01
8.123478744095582460e-01
5.857182550708530666e-01
8.044123367602111774e-01
8.111308696860238809e-01
7.620227841066962160e-01
7.917310363989997768e-01
8.284134481800501382e-01
8.270186162823005560e-01
8.140261183662128586e-01
6.877799388719089135e-01
8.103362045012503234e-01
8.120811336482355314e-01
8.146373992775770567e-01
6.749986107252012868e-01
8.164267852181161800e-01
8.078910808557931977e-01
7.998110586273965428e-01
7.692914698527369977e-01
8.234398444012225315e-01
8.255181994998610495e-01
8.155487635454292672e-01
8.374437343706585546e-01
8.047679911086412785e-01
8.124923589886078323e-01
8.302861906085023946e-01
8.003889969435955543e-01
7.882634065018060410e-01
8.136148930258405576e-01
7.920866907474297669e-01
7.721811614337315000e-01
6.980494581828284861e-01
6.989941650458459943e-01
4.983050847457627386e-01
7.349597110308419001e-01
7.940427896637956007e-01
8.108141150319534418e-01
8.120922478466240380e-01
7.946540705751597988e-01
8.040122256182273830e-01
8.061572659071964964e-01
7.860516810225063322e-01
8.070130591831063960e-01
5.649680466796332956e-01
8.059572103362044881e-01
8.053014726312863747e-01
8.086023895526535110e-01
7.045290358432898525e-01
8.085245901639344090e-01
7.925979438732981830e-01
6.670741872742428358e-01
7.668574604056681565e-01
6.125479299805501876e-01
7.860183384273409235e-01
8.096360100027786277e-01
6.720033342595166381e-01
8.021783828841343444e-01
7.908752431230896551e-01
5.367324256737983079e-01
6.447013059183106520e-01
7.338316198944151436e-01
6.988052236732424927e-01
8.007668796888025575e-01
5.805501528202277051e-01
7.897971658794109562e-01
7.634898582939705358e-01
8.412670186162822805e-01
8.256737982772992535e-01
8.210836343428731254e-01
7.359488746874132126e-01
8.492692414559599445e-01
7.404167824395664343e-01
8.189830508474575943e-01
6.973270352875799993e-01
5.000000000000000000e-01
8.101694915254237239e-01
7.337260350097249972e-01
7.717588218949709145e-01
8.474909697138093279e-01
7.602667407613226125e-01
7.499083078632953203e-01
7.858960822450680173e-01
6.117532647957766301e-01
8.401444845790497773e-01
8.355320922478466361e-01
7.962989719366491137e-01
7.733036954709642252e-01
7.493637121422617176e-01
8.026896360100028716e-01
8.377215893303695537e-01
8.417004723534315946e-01
7.976882467352041095e-01
8.077132536815782027e-01
8.368324534592942454e-01
8.505807168657960604e-01
8.384940261183660981e-01
8.081244790219506147e-01
6.605501528202277761e-01
8.443789941650459152e-01
8.138927479855515568e-01
7.610225062517366190e-01
8.138260627952209614e-01
8.399999999999998579e-01
7.623450958599612415e-01
8.313531536537928091e-01
7.915198666296193730e-01
6.685634898582939467e-01
8.039455404278966766e-01
7.654904140038900628e-01
8.286412892470129687e-01
8.018560711308696520e-01
8.179160878021672909e-01
7.163434287302026249e-01
5.458127257571547819e-01
8.268741317032508586e-01
8.211169769380384231e-01
8.318977493748264118e-01
8.051625451514309306e-01
8.205890525145873582e-01
8.115365379272021507e-01
6.100027785495970578e-01
8.253959433175882543e-01
8.028007779938872712e-01
8.236510141706029353e-01
8.246068352320089501e-01
8.042289524868018180e-01
8.084245623784382939e-01
8.127813281467074491e-01
8.297749374826342006e-01
8.205168102250623985e-01
4.983606557377049384e-01
7.990552931369825362e-01
8.417560433453736835e-01
8.155154209502638585e-01
6.744095582106139908e-01
5.754820783550985697e-01
8.298971936649068848e-01
8.278855237565989622e-01
8.081467074187272948e-01
7.895304251180883526e-01
6.699805501528202090e-01
8.114476243400944311e-01
6.370436232286746936e-01
8.141261461517086406e-01
7.649124756876910514e-01
5.000000000000000000e-01
6.955821061405945693e-01
8.313420394554041915e-01
5.000000000000000000e-01
7.544762434009446572e-01
8.263517643789941580e-01
8.204834676298973228e-01
6.073909419283134437e-01
5.670130591831064049e-01
7.923756599055293837e-01
6.125479299805501876e-01
8.003778827452070477e-01
8.118532925812725898e-01
8.081689358155044189e-01
7.769713809391498582e-01
5.064573492636843532e-01
8.260405668241177501e-01
6.657071408724646311e-01
8.217282578494025103e-01
8.147485412614614564e-01
8.084356765768269115e-01
8.276743539872186695e-01
8.111919977771604451e-01
8.081800500138928145e-01
7.961878299527647140e-01
8.120477910530702337e-01
7.871186440677966356e-01
7.990997499305363405e-01
7.925423728813558721e-01
8.013337038066128404e-01
8.076187829952764519e-01
6.262350652959155495e-01
8.202945262572937102e-01
7.710586273964991078e-01
5.000000000000000000e-01
6.706418449569324647e-01
5.000000000000000000e-01
7.956765768268964090e-01
5.000000000000000000e-01
7.973881633787160972e-01
8.043123089747151733e-01
8.465351486524033131e-01
8.372214504028896442e-01
8.416671297582661859e-01
7.892970269519310467e-01
8.345762711864408434e-01
8.419116421228118874e-01
7.181883856626840590e-01
8.069019171992219963e-01
7.131647679911086168e-01
8.267296471242011613e-01
8.527146429563767782e-01
8.430341761600446127e-01
8.436565712697972064e-01
8.222061683801056287e-01
7.788385662684078614e-01
6.569380383439844540e-01
8.241844956932482535e-01
8.190719644345652029e-01
8.146040566824117590e-01
8.195721033620451124e-01
6.972936926924144796e-01
8.186718532925812974e-01
8.246179494303974566e-01
8.133814948596832517e-01
7.765712697971659528e-01
7.571547652125590888e-01
7.243901083634343152e-01
8.474687413170325367e-01
8.348430119477631139e-01
8.131147540983606481e-01
8.041344818005001782e-01
8.331869963878852925e-01
8.121811614337315355e-01
8.131147540983606481e-01
8.175493192553486832e-01
8.078910808557931977e-01
8.235509863851069312e-01
8.331981105862739101e-01
8.408669074742984861e-01
8.353876076687968277e-01
8.141150319533203561e-01
8.286190608502360666e-01
8.084023339816615028e-01
8.340316754654071296e-01
8.431342039455403947e-01
8.400000000000000799e-01
7.419060850236177673e-01
7.604556821339260031e-01
8.369102528480133474e-01
8.234509585996110381e-01
8.141261461517087517e-01
8.276632397888301629e-01
8.334315087524313270e-01
8.301639344262294884e-01
8.209169213670464149e-01
8.322089469297027087e-01
8.243734370658516442e-01
8.386440677966101598e-01
8.219949986107251139e-01
8.182161711586553032e-01
8.393331480966935709e-01
8.248402333981661450e-01
8.059794387329812793e-01
8.420672409002500913e-01
8.158377327035287729e-01
8.052125590441789882e-01
8.198833009169212982e-01
8.041011392053347695e-01
8.196832453459295120e-01
8.295859961100304769e-01
8.181717143651013879e-01
8.188941372603502078e-01
8.177271464295637893e-01
8.145818282856349679e-01
8.257738260627951465e-01
8.056904695748818845e-01
8.029897193664907729e-01
8.110919699916643300e-01
8.273853848291192747e-01
8.293525979438732820e-01
8.019672131147541627e-01
8.162711864406780871e-01
8.142484023339815469e-01
8.175270908585717811e-01
8.120477910530703447e-01
7.769269241455959429e-01
8.175715476521255853e-01
8.251069741594887486e-01
8.149819394276188733e-01
8.255515420950263472e-01
8.025118088357877655e-01
7.982439566546264409e-01
8.258071686579604442e-01
8.259627674353987592e-01
8.104140038899694254e-01
8.159711030841900747e-01
7.866296193387051217e-01
7.902973048068908657e-01
8.017338149485969678e-01
8.183828841344816807e-01
8.019227563212003584e-01
8.222283967768825308e-01
8.201833842734094215e-01
7.930091692136704840e-01
8.086579605445957109e-01
8.013337038066130624e-01
8.049013614893025803e-01
7.991442067240900338e-01
7.920088913587107760e-01
7.239233120311197034e-01
8.160822450680744744e-01
8.106362878577383357e-01
6.604501250347318830e-01
8.100472353431508177e-01
8.015337593776048486e-01
8.004334537371492475e-01
8.053570436232285745e-01
8.081689358155041969e-01
8.068574604056683031e-01
8.157154765212558667e-01
7.914309530425118755e-01
8.017004723534315591e-01
7.983884412336759162e-01
7.884856904695748403e-01
7.918977493748264873e-01
8.000889135871075419e-01
7.988774659627675412e-01
7.794720755765491838e-01
8.237843845512642371e-01
8.264962489580438554e-01
7.329924979160877818e-01
7.536426785218116597e-01
8.242289524868018358e-01
8.396443456515698678e-01
8.304751319811058963e-01
8.195609891636566058e-01
7.687024173381494796e-01
8.292747985551540690e-01
8.303973325923867943e-01
5.934815226451792824e-01
8.308085579327589842e-01
8.044012225618226708e-01
7.451625451514309884e-01
5.279633231453181308e-01
8.207946651847736197e-01
8.366990830786328326e-01
8.076910252848013005e-01
8.177160322311753937e-01
8.332981383717699142e-01
8.348763545429286337e-01
8.391108641289246606e-01
8.034009447068630738e-01
8.170602945262572803e-01
8.413448180050013825e-01
8.065240344540149930e-01
8.432342317310362878e-01
8.491358710752987538e-01
8.337204779105307217e-01
8.216615726590720259e-01
8.427229786051682048e-01
8.069908307863296049e-01
8.294970825229229794e-01
7.964434565156988111e-01
8.314309530425118000e-01
8.129591553209224442e-01
8.484579049736037382e-01
8.413892747985551868e-01
8.199999999999999512e-01
8.435232008891360156e-01
8.280188941372603750e-01
8.466574048346763304e-01
8.380105584884690595e-01
8.379994442900806639e-01
8.386996387885523596e-01
8.207835509863851131e-01
5.225395943317588943e-01
8.196832453459292900e-01
8.333870519588775228e-01
8.226507363156432273e-01
8.213726035009725202e-01
8.201278132814671107e-01
8.211169769380383121e-01
8.174381772714643946e-01
7.986107252014449376e-01
8.087246457349263062e-01
8.458349541539316174e-01
8.301305918310641907e-01
8.334648513475966247e-01
8.297638232842455830e-01
8.525257015837732766e-01
8.251514309530425528e-01
8.086801889413726130e-01
8.278299527646568734e-01
8.215282022784105020e-01
8.282634065018059655e-01
8.116699083078633414e-01
8.165156988052235665e-01
8.156154487357598626e-01
8.070241733814949026e-01
8.132925812725757542e-01
8.194387329813836995e-01
8.456460127813281158e-01
8.158043901083633642e-01
8.217282578494027323e-01
8.327090858571826182e-01
8.087913309252570127e-01
8.190608502361765852e-01
8.135259794387330601e-01
8.102917477076966302e-01
8.109141428174491129e-01
8.214504028896915111e-01
8.212614615170881205e-01
8.138149485968325658e-01
8.015226451792164530e-01
8.011892192275631430e-01
8.135148652403445535e-01
8.226951931091970316e-01
8.050903028619060819e-01
8.189274798555153945e-01
8.186718532925812974e-01
8.194276187829951930e-01
8.023006390664072507e-01
8.128257849402611424e-01
8.167046401778271791e-01
8.147151986662961587e-01
8.139705473742706587e-01
8.113475965545986490e-01
8.194720755765491083e-01
8.016004445679356660e-01
8.059016393442623993e-01
8.041122534037232761e-01
8.229508196721311286e-01
8.201944984717977061e-01
8.049013614893025803e-01
8.133814948596833627e-01
8.199277577104752135e-01
8.004779105307029408e-01
8.217060294526257191e-01
8.170380661294803781e-01
8.179272020005557975e-01
8.076910252848013005e-01
8.161378160600165632e-01
7.906196165601554471e-01
8.136704640177827574e-01
7.881967213114754456e-01
8.034565156988051626e-01
8.046901917199220655e-01
8.006446235065296513e-01
5.804945818282856163e-01
8.152375659905528593e-01
8.131703250903029589e-01
8.108585718255070240e-01
8.211169769380384231e-01
8.088357877188109279e-01
8.105362600722423316e-01
7.971325368157822222e-01
8.147929980550152607e-01
6.342650736315643689e-01
4.820839121978326980e-01
8.400444567935538842e-01
8.334092803556543139e-01
8.192720200055571000e-01
8.140483467629896497e-01
5.466518477354820327e-01
5.218116143373159321e-01
8.288413448180049770e-01
7.698027229786050807e-01
5.925979438732981164e-01
8.487691025284800350e-01
6.224451236454571212e-01
7.963989997221450068e-01
8.089580439010837232e-01
8.300416782439568042e-01
7.561878299527645675e-01
8.213059183106419248e-01
8.457349263684357243e-01
8.494248402333981485e-01
8.068463462072797965e-01
8.204612392331203097e-01
8.443789941650458042e-01
8.142706307307585600e-01
6.959711030841900792e-01
8.027229786051681693e-01
8.384551264240067692e-01
8.274742984162267723e-01
8.453125868296749168e-01
8.133259238677410519e-01
8.217060294526257191e-01
8.147263128646847763e-01
8.131925534870798611e-01
4.974215059738815725e-01
8.440789108085579029e-01
8.480244512364545351e-01
8.341205890525145161e-01
8.449902750764102244e-01
5.000000000000000000e-01
5.620783550986385713e-01
8.333759377604890162e-01
8.383550986385106540e-01
8.478799666574047267e-01
8.350986385106975440e-01
8.379216449013615620e-01
8.231508752431231368e-01
8.390664073353709673e-01
8.162267296471241718e-01
8.298082800777993873e-01
8.303084190052792968e-01
8.169713809391497827e-01
8.454015004167825253e-01
8.248402333981661450e-01
8.407335370936370733e-01
8.213614893025840136e-01
8.151819949986107705e-01
5.000000000000000000e-01
8.036343428730203797e-01
8.441233676021115961e-01
8.340983606557377250e-01
8.200277854959709956e-01
8.402889691580994747e-01
7.974881911642122123e-01
8.193498193942763130e-01
8.193498193942763130e-01
8.195276465684911971e-01
8.223951097527091303e-01
5.000000000000000000e-01
8.221728257849402199e-01
8.185495971103085022e-01
5.000500138927479465e-01
8.251847735482078505e-01
8.349986107252015399e-01
8.317088080022227992e-01
8.331203111975548081e-01
8.323645457071409126e-01
8.129258127257572575e-01
8.209391497638233171e-01
6.410725201444845700e-01
8.248402333981661450e-01
8.102584051125313325e-01
8.162934148374549892e-01
8.357877188107807331e-01
8.111697693803834319e-01
8.291525423728812738e-01
8.306085023617671981e-01
8.075576549041398877e-01
8.225951653237011385e-01
6.513753820505695513e-01
8.098138371769936228e-01
8.235954431786608465e-01
8.304862461794944029e-01
8.301528202278412039e-01
8.145151430953043725e-01
5.000000000000000000e-01
8.067796610169490901e-01
7.904751319811058607e-01
8.158710752986941817e-01
8.255070853014726540e-01
8.126146151708807386e-01
8.243067518755209377e-01
8.055904417893857694e-01
8.089135871075299189e-01
8.243178660739094443e-01
8.142039455404279646e-01
8.228730202834120266e-01
8.370769658238399469e-01
8.258960822450680528e-01
8.196721311475410054e-01
7.951542095026395973e-01
8.112586829674908184e-01
8.183273131425395919e-01
7.982217282578494277e-01
8.055682133926089783e-01
8.104806890803001318e-01
8.203056404556821057e-01
8.147596554598499630e-01
8.003667685468185411e-01
8.114365101417060355e-01
8.048013337038066872e-01
7.939649902750762767e-01
7.931091969991663770e-01
8.076021116976939140e-01
7.974437343706584080e-01
8.137149208113365617e-01
7.988996943595443323e-01
8.097582661850514230e-01
8.295637677132535748e-01
8.358655181994998351e-01
8.055459849958321872e-01
8.320978049458183090e-01
8.243845512642401507e-01
8.055682133926092003e-01
8.302195054181715772e-01
8.377882745207002602e-01
8.340094470686302275e-01
8.261628230063907674e-01
8.162045012503472696e-01
8.392442345095859624e-01
8.274076132258960659e-01
8.305084745762711940e-01
8.332203389830508122e-01
8.246957488191165586e-01
8.284301194776327870e-01
8.075131981105861945e-01
8.380772436787995439e-01
8.351986662961934371e-01
8.218393998332869099e-01
8.306307307585441002e-01
8.202056126701862127e-01
7.467407613225897078e-01
8.277632675743261670e-01
8.212392331203111073e-01
8.233842734092803317e-01
8.320644623506529003e-01
8.426451792164488808e-01
8.246735204223395455e-01
8.270075020839121605e-01
8.249736037788275578e-01
8.087468741317032084e-01
8.006446235065296513e-01
7.898971936649069603e-01
8.127479855515421514e-01
8.076021116976936920e-01
8.272186718532926752e-01
7.970102806335093160e-01
7.978994165045847353e-01
8.170714087246457868e-01
8.318199499861071988e-01
8.155265351486524761e-01
8.163267574326200648e-01
8.197054737427063031e-01
8.337315921089191173e-01
7.965323701028063086e-01
7.989330369547096300e-01
8.082467352042232989e-01
8.163267574326200648e-01
7.939649902750764987e-01
8.124701305918311522e-01
7.962322867463186293e-01
7.861072520144484210e-01
8.113809391497638357e-01
8.226729647124202405e-01
8.111586551819949253e-01
8.030897471519866659e-01
8.304417893859403765e-01
8.079355376493471130e-01
8.126368435676576407e-01
8.073687135315364971e-01
8.215393164767992307e-01
8.096137816060016146e-01
8.231842178382883235e-01
8.038121700472353748e-01
8.047235343150875853e-01
8.049235898860795935e-01
7.957766046123924131e-01
7.922534037232564774e-01
7.980216726868574195e-01
7.900305640455682621e-01
8.101250347318700307e-01
7.974770769658238168e-01
8.022117254792998642e-01
8.038232842456237703e-01
8.129702695193108397e-01
8.056126701861627826e-01
7.876965823839956471e-01
8.065907196443455884e-01
7.890969713809391495e-01
8.178716310086135977e-01
8.018782995276465542e-01
8.157821617115865731e-01
8.122367324256736243e-01
8.081800500138927035e-01
8.024451236454571701e-01
7.898193942761878583e-01
7.959877743817728168e-01
7.797277021394831698e-01
8.183828841344816807e-01
7.332481244790219899e-01
7.949208113364824024e-01
7.967879966657404056e-01
8.091469852736872248e-01
7.974326201722700125e-01
7.788941372603500612e-01
8.119588774659627362e-01
7.871519866629619333e-01
7.901639344262295639e-01
8.095359822172826236e-01
8.125923867741039475e-01
7.762600722422895450e-01
8.102806335093081236e-01
7.913198110586273648e-01
7.653903862183940587e-01
8.193053626007225088e-01
7.777716032231175580e-01
7.858293970547374219e-01
7.971547652125590133e-01
7.971992220061128176e-01
7.460739094192831988e-01
7.806168380105584781e-01
7.914754098360654577e-01
7.933981661572658828e-01
7.604667963323146207e-01
7.412725757154765560e-01
7.908641289247013706e-01
7.791942206168379625e-01
7.881744929146985434e-01
7.161656015559878519e-01
7.738038343984439127e-01
7.790275076410113630e-01
7.769046957488190408e-01
7.883412058905252540e-01
6.725201444845789744e-01
7.683356487913309829e-01
7.196221172547929701e-01
8.365879410947485439e-01
8.263739927757709491e-01
8.268407891080855610e-01
8.299527646568491956e-01
8.310864128924702054e-01
8.358988607946651328e-01
8.442900805779383067e-01
8.261072520144484566e-01
7.587440955821060928e-01
8.226396221172548318e-01
8.366212836899139527e-01
8.381328146707418547e-01
8.356098916365657381e-01
8.368769102528481607e-01
8.161822728535705895e-01
8.287190886357322928e-01
8.444234509585996085e-01
8.390775215337593629e-01
8.334092803556543139e-01
8.425784940261182854e-01
8.372659071964434485e-01
8.133926090580717583e-01
8.272409002500694664e-01
8.002778549597111546e-01
8.369435954431786451e-01
8.344984717977215194e-01
8.228507918866352355e-01
8.203056404556822168e-01
8.407113086968601712e-01
8.258849680466795462e-01
8.009891636565712458e-01
8.357877188107807331e-01
8.181717143651013879e-01
7.840733537093638184e-01
8.144373437065852706e-01
8.206835232008891090e-01
8.088246735204223103e-01
8.004556821339261496e-01
8.258293970547374574e-01
8.079133092525700999e-01
8.261739372047791630e-01
7.994331758821895395e-01
8.076354542928592117e-01
8.245068074465128349e-01
8.232620172270075365e-01
8.344429008057795416e-01
8.200944706863018130e-01
8.244956932481245504e-01
8.325090302861906100e-01
8.035120866907475845e-01
8.234176160044456294e-01
8.099805501528202223e-01
8.102472909141429369e-01
7.902528480133370614e-01
8.353431508752431345e-01
8.204167824395665054e-01
8.220061128091136204e-01
8.175382050569601766e-01
8.092581272575715134e-01
8.253403723256459434e-01
8.174048346762989858e-01
8.004334537371491365e-01
8.245846068352319369e-01
8.393109196999166688e-01
8.014448457904974621e-01
8.068574604056681920e-01
8.190163934426230030e-01
8.048457904973602695e-01
8.070686301750487068e-01
8.071686579605445999e-01
8.079577660461239041e-01
8.055237565990553961e-01
8.079577660461239041e-01
8.019005279244234563e-01
8.028785773826062622e-01
8.102806335093082346e-01
8.143706585162544531e-01
7.995554320644624458e-01
8.053459294248401790e-01
7.930869686023893639e-01
7.842400666851903068e-01
8.072353431508751953e-01
7.936537927202000908e-01
8.091469852736871138e-01
8.020227841066962515e-01
8.023450958599610550e-01
8.167157543762155747e-01
7.842067240900250091e-01
7.979216449013615264e-01
8.033231453181439718e-01
8.011781050291748585e-01
8.161600444567935764e-01
8.043456515698805820e-01
8.089358155043067100e-01
7.903751041956097456e-01
8.056793553764934890e-01
7.916532370102805638e-01
8.028230063906640623e-01
7.766157265907196461e-01
8.062684078910808960e-01
7.590997499305363050e-01
7.946318421783828967e-01
7.928535704362323910e-01
7.935315365379271846e-01
7.403056404556821457e-01
7.703917754931925987e-01
8.036010002778549710e-01
7.676576826896359673e-01
8.037010280633509751e-01
7.927757710475131780e-01
7.915643234231730663e-01
8.083689913864960941e-01
7.752042233953877481e-01
7.598221728257850138e-01
7.912642400666851650e-01
7.855181994998611250e-01
7.930313976104474971e-01
6.907029730480689356e-01
7.876410113920533362e-01
7.771269797165880622e-01
7.802278410669630793e-01
7.651569880522366418e-01
8.114587385384829377e-01
6.903695470964157366e-01
7.868074465129202277e-01
8.052570158377325704e-01
7.755821061405946404e-01
7.421505973881634688e-01
8.155043067518753519e-01
8.310086135037511035e-01
8.400444567935537732e-01
8.129035843289803553e-01
8.376326757432619452e-01
8.238955265351486368e-01
8.386107252014447511e-01
8.413670464017782846e-01
8.307307585440399933e-01
8.280077799388719795e-01
8.292192275632118692e-01
8.376882467352042561e-01
8.382439566546262544e-01
8.353542650736315300e-01
8.149708252292304778e-01
8.136037788274519400e-01
8.347763267574326296e-01
8.459127535426507194e-01
8.300972492358987820e-01
8.294526257293692861e-01
8.340650180605724273e-01
8.439121978327310813e-01
8.441122534037233116e-01
8.142261739372047558e-01
8.317866073909420122e-01
8.284523478744094671e-01
8.370547374270630447e-01
8.463239788830230204e-01
8.142484023339815469e-01
8.366546262850791393e-01
8.119033064740205363e-01
8.472575715476520219e-01
8.260405668241178612e-01
8.269630452903584672e-01
8.162489580439009629e-01
7.998444012225618405e-01
8.280077799388719795e-01
8.384662406223950537e-01
8.324423450958599036e-01
8.240066685190330364e-01
8.302639622117254925e-01
8.246957488191164476e-01
8.243845512642400397e-01
8.195609891636566058e-01
8.289969435954431809e-01
8.239955543206445299e-01
8.321422617393722243e-01
8.252625729369269525e-01
8.394109474854125619e-01
8.327313142539594093e-01
8.126590719644345429e-01
8.377438177271465669e-01
8.254515143095304541e-01
8.274187274242845724e-01
8.383439844401222585e-01
8.101917199222006261e-01
8.271297582661850667e-01
8.256849124756875380e-01
8.206835232008891090e-01
8.074687413170325012e-01
8.103695470964156211e-01
8.427896637954988002e-01
8.146707418727424654e-01
8.129146985273686399e-01
8.044456793553763641e-01
8.220394554042789181e-01
7.972325646012780043e-01
8.219838844123367183e-01
8.146707418727423544e-01
8.334092803556543139e-01
7.940094470686301920e-01
8.170825229230341824e-01
7.976549041400389228e-01
8.148152264517921628e-01
8.020227841066962515e-01
8.149152542372881669e-01
7.994331758821895395e-01
8.122923034176159351e-01
8.137816060016671571e-01
8.222839677688247306e-01
8.071242011669907956e-01
8.096471242011671343e-01
7.947874409558211006e-01
8.083912197832731072e-01
8.107140872464574377e-01
8.112697971658794360e-01
8.054792998055015918e-01
8.126035009724923430e-01
8.086135037510420176e-01
7.675798833009169764e-01
8.120700194498471358e-01
8.030341761600445771e-01
8.087579883300918260e-01
7.791831064184496780e-01
7.947985551542094962e-01
7.992220061128090247e-01
7.964545707140873176e-01
8.134037232564601538e-01
8.026229508196721651e-01
8.015115309808280575e-01
7.932759099749930876e-01
7.860183384273409235e-01
8.031675465407057679e-01
7.978771881078076111e-01
7.995332036676854326e-01
8.038788552375660812e-01
8.031564323423172613e-01
7.972881355932204261e-01
7.983439844401223340e-01
7.908530147263128640e-01
7.959988885801613234e-01
8.096360100027786277e-01
8.015226451792163420e-01
7.668908030008335652e-01
7.821505973881632823e-01
7.765934981939426329e-01
8.006001667129758470e-01
7.839844401222562098e-01
7.920644623506528648e-01
7.771825507085301510e-01
7.809613781606002947e-01
8.011669908307863519e-01
7.685912753542650799e-01
7.895971103084190590e-01
7.834843011947763003e-01
7.891080855793275450e-01
7.918421783828841765e-01
8.013114754098360493e-01
6.602389552653513682e-01
7.525423728813559476e-01
6.029897193664905952e-01
6.304862461794942252e-01
6.094581828285634550e-01
6.760655737704919233e-01
6.176938038343984250e-01
5.862072797999444695e-01
7.626562934148374273e-01
7.500527924423451287e-01
6.621617115865519043e-01
7.366768546818560637e-01
6.054015004167824232e-01
5.970991942206168579e-01
7.336260072242289931e-01
6.641733814948597159e-01
7.679355376493470775e-01
6.350986385106973664e-01
7.038732981383718501e-01
6.425118088357877344e-01
6.958933036954708662e-01
7.344818005001388928e-01
7.420505696026673537e-01
8.324979160878021034e-01
7.670019449847179649e-01
6.316198944151152350e-01
7.320144484579049760e-01
7.847846624062239096e-01
6.562711864406780560e-01
6.765768268963601173e-01
5.743373159210891643e-01
7.357932759099748976e-01
8.181494859683244858e-01
7.035954431786608509e-01
7.128535704362324310e-01
6.876021116976938075e-01
7.253348152264518234e-01
7.204779105307028697e-01
7.386718532925813374e-01
7.566435120866907837e-01
7.336704640177827974e-01
6.238732981383717791e-01
7.168102250625174587e-01
7.235787718810779978e-01
7.147652125590441274e-01
6.985829397054736933e-01
6.189497082522922300e-01
7.136315643234232287e-01
7.894415115309808550e-01
8.198610725201445071e-01
7.379160878021672199e-01
7.774826340650180523e-01
6.715198666296193775e-01
8.167824395665461701e-01
7.017393720477910213e-01
5.648235621005834872e-01
6.211836621283689519e-01
7.294970825229231126e-01
6.792331203111975357e-01
7.277465962767435403e-01
7.641233676021116361e-01
6.827674353987218669e-01
8.040233398166158896e-01
5.992331203111975757e-01
6.859683245345929992e-01
6.521367046401778111e-01
8.078688524590162956e-01
8.194831897749375038e-01
7.223895526535148992e-01
7.796610169491524633e-01
6.878799666574048066e-01
8.240955821061406450e-01
8.057238121700472933e-01
8.029008057793830533e-01
7.077632675743261714e-01
7.298694081689358626e-01
6.900805779383161198e-01
6.211781050291748096e-01
8.019005279244234563e-01
8.015671019727701463e-01
8.207946651847735087e-01
7.905473742706308204e-01
8.136815782161710420e-01
7.758155043067519463e-01
8.004223395387608520e-01
8.088246735204223103e-01
7.153431508752432499e-01
6.853348152264517879e-01
7.702361767157545058e-01
8.049791608780216823e-01
7.511753264795776319e-01
7.840400111141985207e-01
8.033120311197554653e-01
7.746040566824118345e-01
8.104918032786885274e-01
5.645790497360377858e-01
8.080800222283968104e-01
7.906196165601555581e-01
7.648457904973603450e-01
8.121589330369547444e-01
7.251569880522368283e-01
5.412058905251458940e-01
7.892414559599889579e-01
6.724312308974714769e-01
7.979216449013615264e-01
7.653459294248402545e-01
8.136371214226173487e-01
6.496360100027784856e-01
7.006223951097526603e-01
7.698582939705473915e-01
7.991775493192554425e-01
6.755876632397888049e-01
6.563601000277854425e-01
6.944706863017504617e-01
7.701583773270351818e-01
7.849402611836621135e-01
6.314198388441233378e-01
6.689524868018894566e-01
6.567602111697693479e-01
7.351319811058627529e-01
5.000000000000000000e-01
7.554654070575158586e-01
7.992886913031398421e-01
7.692247846624061802e-01
6.343262017227007110e-01
6.803334259516532478e-01
5.554542928591275075e-01
7.657126979716588622e-01
5.000000000000000000e-01
6.350652959155320687e-01
7.274465129202556390e-01
7.054515143095304586e-01
6.653070297304808367e-01
8.445790497360377014e-01
6.502028341205889905e-01
6.450903028619061619e-01
7.278132814670741357e-01
6.106640733537094246e-01
7.844845790497358973e-01
6.927702139483189470e-01
6.666851903306474370e-01
5.135037510419561135e-01
7.540316754654070586e-01
7.726924145595999160e-01
7.028396776882467334e-01
7.662572936926923539e-01
6.370936371214226401e-01
5.968546818560710454e-01
7.211003056404557965e-01
6.542706307307585289e-01
6.493692692414558820e-01
7.674242845234787724e-01
6.419449847179772295e-01
7.175993331480967630e-01
6.888357877188108214e-01
7.395498749652681392e-01
7.840622395109752008e-01
6.436899138649624375e-01
7.598888580161156092e-01
6.841567101972769738e-01
7.242345095859961113e-01
6.930814115031953548e-01
7.345151430953041904e-01
6.297082522923034276e-01
6.463906640733537712e-01
7.868963601000278363e-01
6.881578216171158058e-01
7.050125034731870022e-01
7.223895526535148992e-01
7.078632953598221755e-01
7.206557377049180868e-01
7.883856626840788362e-01
8.028118921922756668e-01
6.665573770491802774e-01
7.016838010558488214e-01
7.941706029452625382e-01
7.015059738816338264e-01
5.000000000000000000e-01
7.306918588496804645e-01
8.052236732425672727e-01
6.207279799944429577e-01
8.184384551264239915e-01
5.206446235065296246e-01
8.327090858571826182e-01
7.913309252570157604e-01
8.104973603778826696e-01
7.076743539872185629e-01
7.200555709919421732e-01
7.823728813559321926e-01
7.191108641289246650e-01
8.037010280633509751e-01
8.079577660461239041e-01
7.994220616838010329e-01
6.533537093637120652e-01
8.032008891358710656e-01
8.332203389830508122e-01
6.817560433453737634e-01
6.685801611558765956e-01
7.442289524868018757e-01
7.376048902472909230e-01
7.758710752986941461e-01
8.161044734648514876e-01
6.530147263128645019e-01
7.430841900527924704e-01
8.141039177549318495e-01
7.236843567657682552e-01
8.195165323701028015e-01
8.156043345373715781e-01
7.711808835787720140e-01
6.918143928869130432e-01
7.984328980272298315e-01
7.747374270630731363e-01
8.100694637399277198e-01
7.729035843289802088e-01
7.998555154209502360e-01
8.039677688246734677e-01
7.008280077799388108e-01
7.711030841900528010e-01
7.994665184773548372e-01
5.373937204779105636e-01
6.990386218393997986e-01
7.673131425395943728e-01
8.029341483745484620e-01
7.937538205056959839e-01
7.594665184773546907e-01
7.727257571547651027e-01
7.750152820227840245e-01
6.348096693525979717e-01
7.829730480689078842e-01
6.468241178105029743e-01
7.664906918588496598e-01
7.171436510141705467e-01
7.847679911086411497e-01
7.991997777160322336e-01
8.194831897749373928e-01
6.636287857738261131e-01
6.242734092803556845e-01
7.920644623506529758e-01
6.452681300361212680e-01
6.701750486246179639e-01
8.051236454570714907e-01
5.504862461794943762e-01
7.174326201722700524e-01
6.748318977493749093e-01
7.666129480411225661e-01
7.592664629063630155e-01
7.162934148374547894e-01
8.049124756876910869e-01
7.499972214504029289e-01
6.105918310641845759e-01
7.869963878855238404e-01
7.753264795776604323e-01
4.983050847457627386e-01
8.059016393442622883e-01
6.181828285634898279e-01
6.999055293136983158e-01
5.471297582661850400e-01
6.480911364267852859e-01
5.596776882467352499e-01
7.893525979438733575e-01
6.934259516532370604e-01
7.313142539594331692e-01
7.519199777716032429e-01
6.432898027229786431e-01
5.882911919977771298e-01
5.000000000000000000e-01
6.408946929702694639e-01
7.230230619616559995e-01
8.398444012225617650e-01
7.409613781606001481e-01
6.519699916643512116e-01
6.688191164212280437e-01
5.721867185329257977e-01
7.170102806335092449e-01
6.721756043345373799e-01
6.486357321478188886e-01
7.466296193387051972e-01
6.015115309808281019e-01
6.776437899416504207e-01
6.404556821339260075e-01
6.732036676854681323e-01
7.424617949430397656e-01
7.266351764378993217e-01
6.954042789663794633e-01
5.000000000000000000e-01
6.903139761044734257e-01
7.378494026118366245e-01
7.283134203945540452e-01
4.724312308974714658e-01
8.375882189497082519e-01
7.382383995554320233e-01
5.000000000000000000e-01
8.168046679633230722e-01
5.819060850236177362e-01
8.087024173381494041e-01
6.697749374826340585e-01
6.943595443178660620e-01
7.023284245623784283e-01
7.033842734092803362e-01
7.725368157821617121e-01
7.948207835509863983e-01
7.039010836343428945e-01
7.495637677132537258e-01
6.472353431508752752e-01
6.009280355654348371e-01
7.396165601555988456e-01
7.806168380105584781e-01
7.011836621283689119e-01
7.137315921089192328e-01
6.671186440677965290e-01
6.617949430397332966e-01
7.446512920255626833e-01
5.773881633787163459e-01
6.883245345929425163e-01
7.832397888302304878e-01
7.605668241178105138e-01
6.977104751319811449e-01
6.928368991386495424e-01
6.891136426785217095e-01
7.784384551264240670e-01
8.132592386774104565e-01
7.305029174770769629e-01
6.491914420672408870e-01
6.439788830230619432e-01
7.868519033064741430e-01
7.120755765490414113e-01
8.031008613503750615e-01
7.222339538760766953e-01
7.810502917477077922e-01
8.157154765212559777e-01
7.930869686023895859e-01
7.054959711030841518e-01
8.405001389274798784e-01
7.394387329813838505e-01
7.682356210058349788e-01
7.534981939427619624e-01
7.994776326757433438e-01
8.078688524590164066e-01
5.000000000000000000e-01
7.975993331480966120e-01
8.170491803278687737e-01
7.282467352042234499e-01
7.061850514031676740e-01
6.356432342317310802e-01
7.493192553487080243e-01
7.791164212281189716e-01
8.236621283689913309e-01
7.288580161155876480e-01
6.825673798277299698e-01
7.994776326757432328e-01
6.835120866907474779e-01
7.236398999722144509e-01
6.542261739372048357e-01
5.000000000000000000e-01
5.000000000000000000e-01
6.226007224228952142e-01
5.000000000000000000e-01
7.769380383439844495e-01
7.833175882189495898e-01
8.130258405112529285e-01
8.236510141706030463e-01
7.819560989163656384e-01
5.929591553209223598e-01
7.112531258682966984e-01
7.139316476799111300e-01
5.528146707418726269e-01
5.504695748819117274e-01
7.781272575715475481e-01
5.000000000000000000e-01
7.844845790497361193e-01
5.000000000000000000e-01
7.598777438177271026e-01
4.790664073353709251e-01
6.349819394276188245e-01
5.000000000000000000e-01
7.770825229230342579e-01
5.491191997777160605e-01
6.849569324812447846e-01
8.092803556543484156e-01
8.094248402333981129e-01
7.002556265629340526e-01
5.032786885245901232e-01
6.728980272297859777e-01
6.378438455126422824e-01
7.319922200611280738e-01
8.375104195609891500e-01
6.413614893025840757e-01
6.499583217560432891e-01
6.737538205056959884e-01
6.802889691580994436e-01
7.291914420672408470e-01
8.143706585162545641e-01
7.055737704918032538e-01
5.890858571825507983e-01
6.277188107807724071e-01
6.390552931369825052e-01
7.265462628507919352e-01
6.526257293692692141e-01
6.872464573492637063e-01
6.803556543484301500e-01
8.310530702973049078e-01
8.206612948041123179e-01
8.279633231453181752e-01
7.954542928591274986e-01
7.002278410669631192e-01
6.476354542928590696e-01
6.247624340094469764e-01
7.977827174215059713e-01
8.013892747985551512e-01
7.980550152820227172e-01
8.329980550152820129e-01
6.977160322311752871e-01
7.487524312308975194e-01
7.631453181439289413e-01
7.446068352320089900e-01
7.204667963323145852e-01
8.093803834398444197e-01
7.344040011114199018e-01
8.193609335926645976e-01
7.809613781606000726e-01
8.105251458738538251e-01
7.272020005557099376e-01
7.148874687413170337e-01
8.166824117810502770e-01
7.492414559599889223e-01
8.213059183106418137e-01
7.873853848291191282e-01
7.933203667685468918e-01
7.696026674076131835e-01
8.216949152542372126e-01
6.908141150319533352e-01
7.695248680188941925e-01
8.251736593498193439e-01
6.727090858571825871e-01
6.858016115587663997e-01
7.479077521533761264e-01
5.558266185051403685e-01
8.353320366768546279e-01
7.794609613781605661e-01
8.065907196443455884e-01
8.032120033342595722e-01
7.961100305640456121e-01
8.353987218671852233e-01
7.097860516810224896e-01
8.370213948318977470e-01
6.741650458460684003e-01
7.004056682411781143e-01
7.343373159210891954e-01
7.165768268963601528e-01
7.772825784940261551e-01
7.195665462628506592e-01
8.325423728813559077e-01
7.350375104195610021e-01
7.301139205334814530e-01
7.808057793831619797e-01
8.229063628785773243e-01
8.200833564879133064e-01
7.459405390386218970e-01
7.897415948874687563e-01
8.338760766879687036e-01
8.288524590163934835e-01
8.125145873853849565e-01
7.443512086690746710e-01
8.249069185884967403e-01
8.012503473186995961e-01
8.147818838566268651e-01
7.515087524312308309e-01
8.093359266462906154e-01
7.980105584884689129e-01
7.966212836899138061e-01
8.052347874409557793e-01
8.037232564601277662e-01
7.894637399277576462e-01
7.898749652681300581e-01
8.059016393442623993e-01
6.955598777438176672e-01
8.169713809391498938e-01
7.808057793831619797e-01
8.082245068074465078e-01
7.724701305918310057e-01
8.056126701861630046e-01
7.865518199499861307e-01
8.024784662406223568e-01
7.662017227007502651e-01
8.018782995276465542e-01
7.881633787163100369e-01
7.833953876076688028e-01
6.577604890247290559e-01
8.039566546262850721e-01
8.022117254792997532e-01
7.690136148930257765e-01
8.089024729091415233e-01
8.200611280911365153e-01
7.728313420394552491e-01
8.006001667129758470e-01
7.940539038621838852e-01
7.927090858571824716e-01
7.312697971658793650e-01
7.704806890803000963e-01
7.977771603223117181e-01
8.079911086412892018e-01
8.100250069463739155e-01
7.817171436510141902e-01
7.750597388163379398e-01
7.967991108641288012e-01
7.764934704084467398e-01
7.996110030564046456e-01
8.014115031953321644e-01
7.795276465684912726e-01
7.668352320088912544e-01
7.974215059738816169e-01
7.800611280911364798e-01
7.145707140872463725e-01
7.667685468185606590e-01
7.386940816893582396e-01
7.661628230063908251e-01
6.828785773826062666e-01
7.024840233398166323e-01
7.564656849124756777e-01
5.000000000000000000e-01
7.557766046123923775e-01
6.310975270908585344e-01
8.369991664351208449e-01
8.544040011114197863e-01
7.484523478744095071e-01
4.991497638232842426e-01
6.484134481800500893e-01
8.143817727146429597e-01
7.585662684078910978e-01
6.837788274520699705e-01
8.473242567379828394e-01
7.740483467629897252e-01
7.731703250903029234e-01
6.902139483189775326e-01
7.352931369824950991e-01
6.065129202556265309e-01
7.618227285357043188e-01
7.140038899694358676e-01
8.161600444567935764e-01
7.087190886357321862e-01
5.723145318143928462e-01
7.588663517643791101e-01
8.006446235065295403e-01
7.997610447346483742e-01
7.010725201444846233e-01
8.367657682689635390e-01
8.273186996387884573e-01
7.533648235621006606e-01
5.904640177827173986e-01
8.179827729924978863e-01
8.312864684634619916e-01
8.468241178105029299e-01
8.037343706585161618e-01
6.804667963323145496e-01
7.497638232842456230e-01
4.804112253403722832e-01
8.382772992497916631e-01
7.980883578771881259e-01
7.579105307029730954e-01
7.698694081689356761e-01
8.186385106974158887e-01
6.446346207279800566e-01
8.147485412614614564e-01
8.239510975270909476e-01
7.447735482078354785e-01
7.852403445401501259e-01
8.145373714920811636e-01
8.014003889969435468e-01
8.200055570991943155e-01
8.145262572936927681e-01
8.172381217004723863e-01
7.954542928591274986e-01
8.253514865240345610e-01
8.291525423728812738e-01
8.083356487913309074e-01
7.328146707418727868e-01
8.142706307307585600e-01
8.129924979160878529e-01
5.122923034176160018e-01
8.248180050013893538e-01
4.789774937482634276e-01
8.352431230897472414e-01
7.829174770769657954e-01
8.280577938316199260e-01
7.927535426507363869e-01
8.183050847457628008e-01
8.124256737982773480e-01
8.196499027507642143e-01
8.090469574881911097e-01
7.915087524312309775e-01
4.711586551819950119e-01
8.353764934704083212e-01
8.111141983884412321e-01
8.224840233398165168e-01
8.090136148930258120e-01
8.267852181161434721e-01
8.185384829119199956e-01
8.106807446512920290e-01
8.059460961378159816e-01
6.895470964156709126e-01
8.100694637399278308e-01
8.204167824395666164e-01
8.093136982495137133e-01
7.993664906918587221e-01
8.157932759099750797e-01
8.104695748819115142e-01
8.101583773270354394e-01
7.884412336760211470e-01
8.136371214226173487e-01
8.062350652959155983e-01
8.120477910530702337e-01
8.031675465407057679e-01
8.036676854681856774e-01
8.095693248124479213e-01
7.816726868574603859e-01
8.040122256182273830e-01
8.115921089191442395e-01
8.007557654904140509e-01
8.208280077799390284e-01
7.920644623506529758e-01
7.714698527368712977e-01
8.010002778549597524e-01
7.146874131703250255e-01
8.238288413448180414e-01
7.577104751319809761e-01
7.976882467352043316e-01
8.143484301194775510e-01
7.853626007224228101e-01
8.082800777993887076e-01
8.206057238121701181e-01
8.160711308696859678e-01
8.106585162545152379e-01
8.056015559877744980e-01
6.682078355098637346e-01
7.887968880244512482e-01
7.997110308419006497e-01
8.027785495971102581e-01
7.906529591553208558e-01
7.835176437899417090e-01
7.753709363712142366e-01
7.548763545429286737e-01
5.000000000000000000e-01
7.212447902195054938e-01
8.000555709919422442e-01
6.986162823006389910e-01
6.283189774937482097e-01
5.443678799666574752e-01
8.448457904973605270e-01
7.274465129202556390e-01
7.464073353709363978e-01
6.852014448457904860e-01
7.386940816893581285e-01
7.499638788552376312e-01
7.140650180605723207e-01
7.072186718532924576e-01
5.000000000000000000e-01
5.000000000000000000e-01
8.457682689636010220e-01
5.000000000000000000e-01
7.592775771047513000e-01
8.398666296193386671e-01
7.277688246735203315e-01
8.340650180605723163e-01
8.280633509308140683e-01
7.870186162823006315e-01
6.922923034176160506e-01
6.212336760211170095e-01
8.322422895248680064e-01
7.522867463184218506e-01
7.256015559877743160e-01
5.963434287302028514e-01
7.680800222283967749e-01
5.737093637121423173e-01
7.050736315643234553e-01
7.093637121422616820e-01
8.442345095859959958e-01
8.252736871353153481e-01
7.969658238399555117e-01
8.174492914698526791e-01
7.365601555987775217e-01
8.428452347874408890e-01
7.464517921644900911e-01
8.383217560433453563e-01
6.608057793831618731e-01
8.338093914976383303e-01
8.065907196443455884e-01
8.181272575715476947e-01
8.386329535982217642e-01
8.343095304251181288e-01
8.219005279244233630e-01
8.149374826340649580e-01
4.983050847457627386e-01
8.372325646012781508e-01
8.374770769658237413e-01
8.414448457904973866e-01
8.316532370102804883e-01
8.272075576549041687e-01
6.058460683523201329e-01
8.252292303417615438e-01
8.274520700194497591e-01
8.221283689913866377e-01
8.014337315921089555e-01
8.463684356765768246e-01
5.000000000000000000e-01
8.100694637399278308e-01
8.319866629619339093e-01
8.014893025840510443e-01
8.132481244790219499e-01
8.116365657126980437e-01
7.746040566824118345e-01
6.493803834398443886e-01
8.178438455126424422e-01
8.354987496526813384e-01
8.161044734648512655e-01
5.000000000000000000e-01
8.301861628230063905e-01
7.910308419005278591e-01
8.218616282300639231e-01
8.358655181994998351e-01
7.889636010002778477e-01
8.131369824951375502e-01
7.981772714642957345e-01
8.312975826618504982e-01
8.234620727979994337e-01
8.165045846068352819e-01
8.124145595998888414e-01
8.223617671575436106e-01
8.124812447902194368e-01
8.092803556543485266e-01
8.132592386774104565e-01
8.190719644345650918e-01
8.283412058905251785e-01
8.439899972214504054e-01
8.146207279799944079e-01
8.052459016393443969e-01
8.318644067796610031e-01
8.157154765212559777e-01
8.387663239788829550e-01
7.181772714642955524e-01
8.089135871075299189e-01
8.091025284801334205e-01
8.090580716865798383e-01
5.000000000000000000e-01
8.039566546262851832e-01
8.204167824395665054e-01
5.231675465407057413e-01
8.353764934704083212e-01
5.694415115309808817e-01
7.986551819949986308e-01
8.066907474298415925e-01
8.145040288969157549e-01
7.839733259238679253e-01
7.991108641289246250e-01
7.694692970269518817e-01
8.074687413170325012e-01
6.315976660183384439e-01
8.071686579605445999e-01
7.581550430675187968e-01
5.000000000000000000e-01
7.909641567101972637e-01
7.863073075854403182e-01
7.959099749930536039e-01
8.077577104751318959e-01
7.967435398721867124e-01
8.177716032231174825e-01
8.069130313976105029e-01
7.410280633509307435e-01
7.878966379549874333e-01
8.450236176715754111e-01
7.517977215893303367e-01
8.191942206168379981e-01
8.208168935815502998e-01
7.273242567379828438e-01
8.197610447346486140e-01
8.440566824117811118e-01
7.812058905251457741e-01
8.309419283134205081e-01
8.258405112531257419e-01
8.141928313420394581e-01
8.512809113642678671e-01
8.308196721311476018e-01
8.435343150875243001e-01
8.065018060572382019e-01
8.442567379827730090e-01
8.464795776604611133e-01
8.156710197277021734e-01
8.513364823562100669e-01
8.267852181161434721e-01
8.224617949430397257e-01
8.285079188663517780e-01
8.057904973603778886e-01
8.218505140316755275e-01
8.429786051681021908e-01
8.263962211725479623e-01
8.401333703806612707e-01
8.355432064462350317e-01
8.061572659071964964e-01
8.114087246457348801e-01
8.185718255070854044e-01
8.349430397332592291e-01
7.044956932481245548e-01
8.030564045568213682e-01
8.230841900527923194e-01
8.063906640733538023e-01
8.282189497082522722e-01
8.303751041956098922e-01
8.290858571825506784e-01
8.243178660739094443e-01
8.331536537927203279e-01
8.101917199222006261e-01
8.094359544317865085e-01
8.043456515698805820e-01
8.263517643789941580e-01
8.134259516532370560e-01
8.291858849680466825e-01
8.338760766879689257e-01
8.278632953598222821e-01
8.285634898582939778e-01
8.043345373714920754e-01
8.163823284245623757e-01
8.149819394276187623e-01
8.287413170325090839e-01
8.210502917477078277e-01
8.192386774103916913e-01
7.995109752709085305e-01
8.240177827174214320e-01
8.275298694081689721e-01
8.295971103084189835e-01
8.218727424284524297e-01
7.917421505973882834e-01
8.342984162267296222e-01
8.281078077243677615e-01
8.091580994720756204e-01
8.109808280077799303e-01
8.077799388719089091e-01
8.161044734648512655e-01
8.242400666851903424e-01
7.393942761878300463e-01
8.095137538205056105e-01
7.977215893303697403e-01
8.181050291747709036e-01
7.879633231453181397e-01
8.081244790219505036e-01
8.065684912475687973e-01
8.103362045012503234e-01
8.111030841900527255e-01
7.628118921922755202e-01
8.310308419005278946e-01
8.080800222283968104e-01
8.063684356765767891e-01
8.148152264517919408e-01
8.055015282022783829e-01
8.175826618505140919e-01
8.098471797721588095e-01
8.167157543762155747e-01
8.056904695748818845e-01
8.122700750208391440e-01
7.942539594331758934e-01
8.104028896915810298e-01
8.245957210336204435e-01
8.160155598777437680e-01
8.038788552375659702e-01
8.141150319533204671e-01
7.937982772992498992e-01
7.987329813837178438e-01
7.918866351764378697e-01
8.142928591275354622e-01
7.933036954709642430e-01
7.893970547374270508e-01
8.169046957488190763e-01
8.098249513753820183e-01
8.174937482634065944e-01
8.057460405668240844e-01
7.857738260627952220e-01
8.059572103362045992e-01
7.376493470408445052e-01
7.890969713809391495e-01
7.322367324256737753e-01
7.926646290636285563e-01
8.051236454570713796e-01
8.155487635454294892e-01
7.852292303417616193e-01
7.160211169769380435e-01
8.032453459294248699e-01
8.100138927479856310e-01
8.032453459294249809e-01
7.757599333148096354e-01
7.901083634342872530e-01
7.958877465962768127e-01
7.945095859961099904e-01
7.355598777438177027e-01
8.070352875798832981e-01
8.030452903584328617e-01
7.905973881633787670e-01
7.926757432620172850e-01
7.803500972492358745e-01
8.322645179216447975e-01
8.338538482911921346e-01
8.480355654348432637e-01
8.333537093637122251e-01
8.423228674631841884e-01
8.387774381772714616e-01
8.252736871353154591e-01
7.621672686857460244e-01
7.314142817449291734e-01
8.307641011392054020e-01
7.993220338983051398e-01
8.349652681300361312e-01
6.995943317588220189e-01
8.173381494859682794e-01
8.136704640177826464e-01
8.408224506807446819e-01
8.383662128368991606e-01
7.895526535148652547e-01
8.208835787718810062e-01
8.406335093081411802e-01
8.347985551542095317e-01
8.154931925534870674e-01
8.191497638232843048e-01
8.414226173937204845e-01
8.102917477076965191e-01
8.037010280633509751e-01
8.373659349819393416e-01
8.356988052236733466e-01
8.288302306196164704e-01
8.340427896637956362e-01
8.107918866351764287e-01
8.283967768824673783e-01
8.341428174492915293e-01
8.191386496248957982e-01
8.407779938871908776e-01
8.333870519588775228e-01
8.351097527090857175e-01
8.455348707974437161e-01
8.403111975548762658e-01
8.017115865518198436e-01
8.216393442622950127e-01
8.210391775493193212e-01
8.385884968046679599e-01
8.345429285912754347e-01
8.481355932203389347e-01
8.352653514865240325e-01
8.191497638232840828e-01
8.339872186718532143e-01
8.148819116421227582e-01
8.365657126979716418e-01
8.259183106418448439e-01
8.257960544595721597e-01
8.174715198666295812e-01
8.374437343706584436e-01
8.215393164767990086e-01
8.191164212281188961e-01
8.369658238399555472e-01
8.373437065851625505e-01
8.434231731036397894e-01
8.293970547374271973e-01
8.205834954153932159e-01
8.217838288413447101e-01
8.436121144762434021e-01
8.328091136426785113e-01
8.091692136704640159e-01
8.100583495415393243e-01
8.016226729647123461e-01
7.913976104473464668e-01
8.210947485412615210e-01
8.187385384829120039e-01
7.988996943595443323e-01
8.206168380105585136e-01
8.047124201166990787e-01
8.105696026674076293e-01
8.268741317032508586e-01
8.342206168380106313e-01
8.120811336482356424e-01
8.136371214226174597e-01
8.087913309252570127e-01
8.461128091136428386e-01
8.240844679077521384e-01
8.207057515976659001e-01
8.125701583773270453e-01
8.211836621283690185e-01
8.252181161433731482e-01
8.243623228674632486e-01
8.266518477354819483e-01
8.066351764378993927e-01
7.935759933314809889e-01
8.060683523200889988e-01
8.123423173103641037e-01
8.133148096693525453e-01
8.172492358988607819e-01
8.180161155876630730e-01
8.030675187552097638e-01
8.175604334537371898e-01
8.008780216726869572e-01
8.148152264517922738e-01
8.056571269797165868e-01
7.982884134481801341e-01
7.944206724090024929e-01
8.188496804667962925e-01
7.757710475131980310e-01
8.110586273964991433e-01
8.039788830230619743e-01
7.907641011392052555e-01
8.126257293692693562e-01
7.989108085579327279e-01
7.749041400388996248e-01
8.093692692414560241e-01
8.061128091136426921e-01
7.970769658238400224e-01
7.964212281189219089e-01
7.880966935259795525e-01
7.903528757988329545e-01
7.994220616838010329e-01
8.077910530702974157e-01
7.805056960266740784e-01
8.000555709919422442e-01
8.060794665184773944e-01
8.031119755487636791e-01
7.741261461517088271e-01
7.885523756599056577e-01
8.104584606835232297e-01
7.853626007224228101e-01
8.063573214781882825e-01
8.063573214781882825e-01
8.094692970269519172e-01
8.259405390386219681e-01
8.083245345929424008e-01
8.436343428730203042e-01
8.324979160878021034e-01
8.483801055848847472e-01
8.274965268130035634e-01
8.401222561822727641e-01
8.129035843289802443e-01
8.170380661294804892e-01
8.197388163378716008e-01
8.511919977771602586e-01
8.202389552653515103e-01
8.147596554598499630e-01
8.220283412058906336e-01
7.443289802722978798e-01
8.386107252014449731e-01
8.466907474298416281e-01
8.366101694915254461e-01
8.418449569324812920e-01
8.434454015004169136e-01
8.328424562378439200e-01
8.385106974159488580e-01
8.418894137260350963e-01
8.205612670186163138e-01
8.373881633787164658e-01
8.467907752153375212e-01
8.029452625729370796e-01
8.366879688802444370e-01
8.431564323423175189e-01
8.243178660739094443e-01
8.465796054459573394e-01
8.366990830786330546e-01
8.319644345651570072e-01
8.404667963323144697e-01
8.505696026674075538e-01
8.421561544873576999e-01
8.308419005279243930e-01
8.414337315921089910e-01
8.277632675743262780e-01
8.492358988607947579e-01
8.256960266740762666e-01
8.319533203667687227e-01
8.332759099749930121e-01
8.191942206168381091e-01
8.332759099749931231e-01
8.430897471519867015e-01
8.430452903584328972e-01
8.478688524590163311e-01
8.087468741317033194e-01
8.401444845790497773e-01
8.383995554320644583e-01
8.364545707140873532e-01
8.375104195609892610e-01
8.424673520422338857e-01
8.287524312308975905e-01
8.309752709085856948e-01
8.392220061128091713e-01
8.455904417893859160e-01
8.383328702417339739e-01
8.368880244512364452e-01
8.185495971103085022e-01
8.310864128924700944e-01
7.989108085579326168e-01
8.187051958877464841e-01
7.859294248402333150e-01
8.391442067240899583e-01
8.056904695748818845e-01
8.155154209502639695e-01
8.156710197277020624e-01
8.194609613781604907e-01
8.177271464295637893e-01
8.128368991386496489e-01
8.203945540427897143e-01
8.270630730758543603e-01
8.102584051125313325e-01
8.306640733537093979e-01
8.256071130869685470e-01
8.192942484023340022e-01
8.220283412058906336e-01
8.225173659349819255e-01
7.978883023061962287e-01
8.054237288135592809e-01
8.119588774659628472e-01
8.223173103639900283e-01
8.177493748263405804e-01
8.274520700194498701e-01
8.060572381217006033e-01
8.154487357599333741e-01
7.881411503195332457e-01
8.140483467629896497e-01
8.188719088635731946e-01
8.204834676298974339e-01
8.322645179216447975e-01
8.182383995554319833e-01
8.175882189497083452e-01
8.128702417338149466e-01
7.866185051403167261e-01
7.941650458460682849e-01
8.113031397610448447e-01
8.081800500138927035e-01
7.945984995832175990e-01
8.018227285357042433e-01
8.185718255070852933e-01
8.088357877188108169e-01
8.094692970269521393e-01
8.021672686857459489e-01
8.081800500138927035e-01
7.947652125590441985e-01
8.046901917199220655e-01
7.869297026951931340e-01
7.940872464573494049e-01
8.132481244790219499e-01
8.230953042511808260e-01
7.729924979160879284e-01
8.117032509030287502e-01
8.026451792164490673e-01
8.046679633231452744e-01
7.711697693803835074e-01
7.936204501250347931e-01
8.110475131981107477e-01
8.062906362878579092e-01
7.971214226173937156e-01
7.989052514587386966e-01
8.040011114198388764e-01
8.193164767991109043e-01
8.027007502083911561e-01
7.889969435954431454e-01
8.129369269241455420e-01
