9.429032258064515837e-01
9.407897664071190880e-01
9.513904338153503781e-01
9.421134593993326645e-01
9.441601779755284252e-01
9.496106785317018906e-01
9.468186874304782563e-01
9.445494994438264902e-01
9.387319243604004271e-01
9.473859844271412811e-01
9.485094549499444305e-01
9.483314794215795818e-01
9.480978865406006761e-01
9.428921023359289055e-01
9.457508342602891638e-01
9.448832035595106094e-01
9.411568409343716857e-01
9.465850945494994617e-01
9.448943270300333985e-01
9.462513904338153425e-01
9.489766407119021308e-01
9.490211345939933985e-01
9.503781979977753425e-01
9.462847608453837100e-01
9.426696329254727891e-01
9.386763070077863702e-01
9.447608453837597065e-01
9.449721913236930337e-01
9.487875417130144928e-01
9.457730812013347421e-01
9.451724137931035719e-01
9.430812013348165435e-01
9.398887652947719440e-01
9.347942157953280651e-01
9.462625139043381317e-01
9.464071190211346130e-01
9.417130144605116993e-01
9.476529477196886653e-01
9.421690767519464993e-01
9.416351501668521751e-01
9.432369299221357029e-01
9.364071190211347151e-01
9.460845383759733940e-01
9.494994438264738879e-01
9.445161290322581227e-01
9.440489432703003114e-01
9.437041156840935141e-01
9.353170189098999332e-01
9.299443826473859920e-01
9.403559510567297552e-01
9.417575083426029670e-01
9.461179087875417615e-01
9.471746384872080649e-01
9.481312569521691547e-01
9.425139043381535187e-01
9.434705228031146085e-01
9.411902113459399422e-01
9.405450500556173932e-01
9.447163515016685498e-01
9.439710789766406762e-01
9.396662958843159386e-01
9.442714126807563169e-01
9.404783092324804361e-01
9.483092324805340034e-01
9.400000000000000577e-01
9.408898776418243015e-01
9.414571746384872153e-01
9.378197997775306050e-01
9.457842046718577533e-01
9.481868743047832115e-01
9.400778642936595819e-01
9.417686318131257561e-01
9.454727474972191015e-01
9.379532814238042970e-01
9.455839822024472152e-01
9.404560622914348578e-01
9.417241379310344884e-01
9.383982202447163079e-01
9.449944382647386121e-01
9.393993325917686654e-01
9.395550611790878248e-01
9.404004449388209119e-01
9.399777530589542573e-01
9.333704115684092750e-01
9.439265850945495195e-01
9.422135706340377670e-01
9.381423804226919350e-01
9.391212458286986031e-01
9.368186874304782474e-01
9.412791991101223665e-01
9.432369299221357029e-01
9.406562847608455069e-01
9.335928809788655025e-01
9.365183537263627178e-01
9.432146829810901245e-01
9.335706340378198131e-01
9.378976640711901291e-01
9.345272525027809030e-01
9.402002224694104848e-01
9.390767519466074464e-01
9.423136818687430916e-01
9.398776418242491548e-01
9.400667408231369038e-01
9.382758620689655160e-01
9.391212458286986031e-01
9.347497219132369084e-01
9.357063403781981092e-01
9.412569521690767882e-01
9.377085650723026022e-01
9.341824249165739946e-01
9.361290322580645418e-01
9.320912124582869662e-01
9.368186874304782474e-01
9.423136818687430916e-01
9.417797552836484343e-01
9.417797552836485453e-01
9.397775305895440523e-01
9.352280311457175088e-01
9.408787541713015123e-01
9.418242491657397020e-01
9.360400444938822284e-01
9.423359288097885589e-01
9.381423804226918239e-01
9.407341490545050311e-01
9.388987764182425977e-01
9.467741935483870996e-01
9.412458286985539990e-01
9.421357063403782428e-01
9.430144605116796974e-01
5.190044493882091103e-01
9.475194660734148622e-01
9.467185761957731538e-01
9.495661846496107339e-01
9.406229143492770284e-01
6.668909899888766368e-01
9.481646273637375222e-01
9.431701890989988568e-01
5.000000000000000000e-01
9.459510567296995909e-01
9.452057842046719394e-01
9.427252502780867349e-01
9.479977753058953516e-01
9.453726362625138879e-01
9.461067853170189723e-01
9.424805339265851511e-01
9.506785317018909831e-01
9.399110122358176334e-01
9.486651835372637009e-01
9.299332591768632028e-01
9.413904338153503693e-01
9.449944382647386121e-01
9.469410456062290482e-01
9.469410456062291592e-01
9.431813125695216460e-01
9.445606229143492794e-01
9.434593993325918193e-01
9.430255839822023756e-01
7.017964404894326824e-01
9.426028921023359430e-01
9.456395995550611611e-01
9.464516129032258807e-01
9.438042269187987277e-01
9.476863181312570328e-01
9.381646273637375133e-01
9.383870967741936298e-01
9.450278086763070906e-01
9.442380422691880604e-01
9.462625139043381317e-01
9.396774193548387277e-01
9.429143492769744839e-01
9.369187986651835720e-01
9.423025583982203024e-01
9.407897664071190880e-01
9.419132369299221264e-01
9.451946607341491502e-01
9.456952169076752179e-01
9.451835372636263610e-01
9.394771968854281896e-01
9.404671857619576469e-01
9.449165739710789769e-01
9.400778642936595819e-01
9.424916573971078293e-01
9.473526140155728026e-01
9.430367074527252758e-01
9.314738598442713347e-01
9.455951056729700044e-01
9.443381535038931629e-01
9.385094549499444216e-01
9.431145717463849110e-01
9.475194660734148622e-01
9.433370411568409164e-01
9.419799777530589724e-01
9.453170189098999421e-01
9.413570634037820017e-01
9.443604004449388523e-01
9.413570634037820017e-01
9.350500556173525490e-01
9.425139043381536297e-01
9.419243604004449155e-01
9.400222469410456361e-01
9.437931034482759385e-01
9.431924360400445462e-01
9.446051167964404360e-01
9.404560622914349688e-01
9.397107897664070952e-01
9.371190211345939991e-01
9.375194660734149643e-01
9.415239154616241724e-01
9.368631813125696262e-01
9.337931034482759296e-01
9.362180200222468551e-01
9.365294771968853960e-01
9.422358175750834564e-01
9.259176863181312056e-01
9.378754171301446618e-01
9.311457174638487766e-01
9.397441601779754627e-01
9.372080088987764235e-01
9.398109010011124198e-01
9.395884315906563033e-01
9.394883203559510898e-01
9.455394883203560585e-01
9.404894327030033363e-01
9.332035595105672154e-01
9.355728587319244172e-01
9.366073414905451422e-01
9.318909899888765391e-01
9.370967741935483097e-01
5.000000000000000000e-01
9.319466073414904850e-01
9.401112347052280604e-01
5.000000000000000000e-01
9.429143492769743728e-01
6.599777530589543417e-01
9.435372636262514545e-01
9.342380422691880515e-01
9.434593993325918193e-01
9.388876529477196975e-01
9.412680756395995774e-01
9.402002224694105958e-01
9.334927697441602890e-01
9.356395995550612632e-01
9.360289210233593282e-01
9.383759733036707296e-01
9.407675194660735096e-01
9.440489432703003114e-01
9.346607341490544840e-01
9.399221357063404225e-01
9.420133481646273399e-01
9.447274749721913389e-01
9.386651835372635810e-01
9.344938820912125355e-01
6.447830923248053514e-01
9.378531701890989725e-01
9.418242491657398130e-01
9.379866518353726645e-01
9.373637374860956939e-01
9.434927697441601868e-01
9.452614015572858852e-01
9.462180200222469750e-01
9.431590656284761787e-01
5.325917686318131228e-01
9.465294771968854048e-01
9.441601779755283141e-01
9.491101223581758228e-01
9.444382647385984875e-01
6.504115684093436656e-01
5.016129032258064280e-01
9.444938820912125443e-01
9.380867630700779891e-01
9.486763070077863791e-01
9.463959955506118238e-01
9.390211345939932785e-01
9.437597330367075710e-01
9.472191323692992215e-01
9.430923248053393326e-01
9.459510567296997019e-01
9.474749721913237055e-01
9.396662958843160496e-01
9.394438264738598221e-01
9.473859844271412811e-01
9.426140155728587322e-01
9.450723025583982473e-01
9.449165739710789769e-01
9.461512791991102400e-01
7.644827586206897063e-01
9.460622914349277046e-01
9.399110122358176334e-01
9.394883203559509788e-01
9.391101223581757029e-01
9.432814238042269706e-01
9.454616240266964233e-01
9.430589543937708541e-01
4.952947719688542971e-01
9.387541713014461164e-01
9.457842046718576423e-01
9.419911012235817616e-01
6.609399332591767706e-01
9.436484983314794572e-01
9.409566184649610365e-01
9.410011123470523042e-01
9.416017797552836965e-01
9.455506117908787367e-01
9.417463848720800668e-01
9.372858731924361697e-01
9.409677419354839367e-01
9.447608453837598175e-01
9.365517241379310853e-01
9.444938820912125443e-01
9.420022246941046618e-01
9.397219132369298844e-01
9.383870967741936298e-01
9.424137931034481941e-01
9.412458286985539990e-01
9.455951056729700044e-01
9.414349276974416370e-01
7.197608453837596176e-01
9.453948832035594663e-01
9.394549499443826113e-01
9.404115684093437011e-01
9.362513904338154447e-01
9.446829810901000712e-01
9.422580645161290347e-01
9.408008898776418771e-01
9.433259176863181272e-01
9.448164627363737633e-01
9.387875417130144839e-01
9.430812013348164324e-01
9.396440489432702492e-01
9.407007786429366636e-01
9.407007786429365526e-01
5.000000000000000000e-01
9.407452725250279313e-01
9.379532814238041860e-01
9.442936596218021172e-01
9.418798665183537588e-01
9.420578420467184966e-01
9.388209121245829625e-01
9.429254727474972730e-01
9.422246941045605562e-01
9.421357063403782428e-01
9.339265850945496217e-01
9.399888765294772686e-01
9.369187986651835720e-01
9.412680756395994663e-01
9.367074527252503557e-01
9.399110122358176334e-01
9.338820912124583540e-01
9.328921023359287856e-01
9.411790878754172640e-01
9.409343715239153472e-01
9.381423804226919350e-01
9.387986651835372731e-01
9.363070077864293905e-01
9.324805339265850312e-01
9.355061179087875711e-01
9.403448275862068551e-01
9.333036707452726510e-01
9.387764182424916948e-01
9.372747497219132695e-01
5.000000000000000000e-01
9.414126807563960586e-01
9.347608453837596976e-01
5.000000000000000000e-01
9.331256952169076913e-01
9.382536151279199377e-01
9.356395995550612632e-01
9.382536151279199377e-01
9.382536151279199377e-01
6.870522803114571531e-01
9.341824249165739946e-01
9.381757508342603025e-01
9.350166852057841815e-01
9.448609566184649200e-01
9.281979977753058719e-01
4.983870967741935720e-01
9.396996662958843061e-01
9.366073414905451422e-01
9.337374860956618727e-01
9.373303670745273264e-01
9.336596218020022375e-01
9.395884315906563033e-01
9.358843159065629580e-01
9.416351501668520640e-01
9.171523915461625709e-01
9.056840934371523932e-01
8.921468298109009876e-01
9.173748609566184653e-01
9.267853170189099821e-01
9.322691879866518150e-01
9.248720800889878024e-01
9.288654060066739993e-01
9.267519466073415035e-01
9.168520578420468192e-01
9.278309232480533852e-01
9.344493882091212678e-01
9.286874304783091505e-01
9.264293659621802846e-01
9.333147942157954402e-01
9.203337041156840481e-01
9.234816462736373799e-01
9.286318131256950936e-01
9.196551724137931316e-01
9.229699666295884120e-01
9.310456062291435630e-01
9.399443826473860009e-01
9.143047830923248798e-01
9.369744160177976289e-01
9.223025583982202846e-01
9.421690767519466103e-01
9.163292547274749511e-01
9.269076751946606629e-01
9.194104560622914368e-01
9.230144605116795686e-01
9.270522803114572552e-01
9.380200222469410321e-01
9.351501668520578736e-01
9.397330367074527846e-01
9.328809788654059965e-01
9.331813125695217481e-01
9.132480533926584654e-01
9.304004449388210141e-01
9.330589543937708452e-01
9.372858731924360587e-01
9.279644048943269663e-01
9.368854282536150935e-01
9.392102335928810275e-01
9.365962180200222420e-01
9.406340378197997065e-01
9.404226918798664903e-01
9.317908787541713256e-01
9.322024471635150800e-01
9.350055617352612813e-01
9.331145717463847911e-01
9.337931034482758186e-01
9.391434927697441815e-01
9.362513904338154447e-01
9.320133481646273310e-01
9.371968854282536343e-01
9.289321468298109563e-01
9.287875417130144751e-01
9.396774193548387277e-01
9.302892102335929003e-01
9.374193548387096397e-01
9.366963292547274555e-01
9.304449388209121707e-01
9.399555061179089011e-01
9.347608453837596976e-01
9.352057842046718195e-01
9.386985539488320596e-01
9.421134593993326645e-01
9.318464961067852714e-01
9.262402669632925356e-01
9.324360400444937635e-01
9.383426028921023621e-01
9.299221357063403026e-01
9.341824249165741056e-01
9.386985539488321706e-01
9.336707452725250267e-01
9.359955506117908497e-01
9.309121245828698710e-01
9.394883203559509788e-01
9.330589543937708452e-01
9.360400444938821174e-01
9.383759733036707296e-01
9.331590656284761698e-01
9.353615127919912009e-01
9.294104560622914457e-01
9.325472747497218773e-01
9.344048943270301111e-01
9.344938820912124244e-01
9.351167964404893951e-01
9.368409343715240478e-01
9.325806451612903558e-01
9.320467185761958095e-01
9.341713014460512055e-01
9.409232480533926690e-01
9.289655172413793238e-01
9.328364849833148398e-01
9.412791991101223665e-01
9.368743047830923043e-01
9.310122358175750845e-01
9.404449388209121796e-01
9.332925472747497508e-01
9.305450500556173843e-01
9.353503893214683007e-01
9.346162402669634384e-01
9.343826473859844217e-01
9.319911012235817527e-01
9.370189098998887856e-01
9.256284760845384652e-01
9.368409343715239368e-01
9.394994438264738790e-01
9.376751946607341237e-01
9.322803114571746042e-01
9.320578420467187097e-01
9.331924360400445373e-01
9.317463848720801689e-01
9.318464961067853825e-01
9.114349276974416103e-01
9.162180200222469484e-01
9.365183537263626068e-01
9.333036707452725400e-01
9.270745272525028335e-01
9.268631813125695063e-01
9.331368186874304804e-01
9.333815350389321752e-01
9.424805339265851511e-01
9.292992213570634430e-01
9.355172413793103603e-01
9.294104560622914457e-01
9.288654060066742213e-01
9.256395995550611433e-01
9.198331479421579804e-01
9.262625139043381139e-01
9.240934371523915614e-01
9.330923248053393237e-01
9.247942157953281672e-01
9.351612903225805518e-01
9.224582869855395550e-01
9.252502780867630783e-01
9.268965517241378738e-01
9.253837597330367704e-01
9.300889877641823622e-01
9.292880978865406538e-01
9.210901001112347108e-01
9.317018909899887902e-01
9.352280311457176198e-01
9.362847608453838122e-01
9.324137931034484073e-01
9.294883203559510809e-01
9.337931034482760406e-01
9.318909899888765391e-01
9.359176863181312145e-01
9.372747497219131585e-01
9.360177975528365391e-01
9.312013348164627224e-01
9.319688542825361743e-01
9.263515016685206493e-01
9.163403781979977403e-01
9.369187986651836830e-01
9.360734149054504849e-01
9.311457174638486656e-01
9.316685205784204227e-01
9.405784204671857607e-01
9.337374860956618727e-01
9.359621802002224822e-01
9.333259176863181183e-01
9.364627363737485499e-01
9.277196885428253825e-01
9.378420467185761833e-01
9.424137931034481941e-01
9.321468298109010231e-01
9.363515016685206582e-01
9.333036707452725400e-01
9.381868743047830916e-01
9.378420467185761833e-01
9.237152391546161745e-01
9.345939933259177490e-01
9.348053392658510763e-01
9.319799777530590745e-01
9.341268075639599378e-01
9.406229143492769174e-01
9.434260289210234518e-01
9.395884315906563033e-01
9.362402669632925445e-01
9.345050055617352136e-01
9.304449388209120597e-01
9.381090100111234564e-01
9.392658509454949733e-01
9.397775305895439413e-01
9.330478309232481671e-01
9.375750834260289102e-01
9.344048943270301111e-01
9.384093437152392081e-01
9.378309232480535051e-01
9.384093437152392081e-01
9.393214682981089192e-01
9.359621802002224822e-01
9.334927697441601779e-01
9.368409343715239368e-01
9.379310344827586077e-01
9.329477196885428425e-01
9.356284760845383630e-01
9.369966629588430962e-01
9.364182424916573932e-01
9.385650723025583675e-01
9.308787541713015035e-01
9.332814238042269617e-01
9.370967741935484208e-01
9.375305895439377535e-01
9.283314794215795640e-01
9.311345939933259874e-01
9.394104560622915656e-01
9.336707452725251377e-01
9.344827586206895242e-01
9.434371523915462410e-01
9.344493882091212678e-01
9.331256952169076913e-01
9.329810901001113210e-01
9.349165739710789680e-01
9.371968854282535233e-01
9.374860956618464858e-01
9.391546162402669706e-01
9.411345939933259963e-01
9.402002224694104848e-01
9.349499443826474465e-01
9.397997775305896306e-01
9.350611790878754492e-01
9.364071190211347151e-01
9.314126807563960497e-01
9.381423804226918239e-01
9.353615127919912009e-01
9.351946607341490303e-01
9.328587319243603071e-01
9.310011123470522953e-01
9.356618464961066195e-01
9.302113459399332651e-01
9.382313681868743593e-01
9.400222469410456361e-01
9.404449388209120686e-01
9.318576195773081716e-01
9.391323692992213923e-01
9.413236929922136342e-01
9.339154616240267215e-01
9.176640711902113168e-01
9.321023359288098664e-01
9.284983314794215126e-01
9.380978865406006673e-01
9.343047830923248975e-01
9.395216907675194573e-01
9.287541713014459965e-01
9.312124582869855116e-01
9.387208008898775269e-01
9.390322580645160677e-01
9.379310344827586077e-01
9.295773081201335053e-01
9.340155728587319350e-01
9.324249165739710854e-01
9.373637374860956939e-01
9.311123470522804091e-01
9.211679644048943461e-01
9.300556173526139947e-01
9.311902113459399333e-01
9.224694104560623442e-01
9.316017797552836877e-01
9.332814238042269617e-01
9.323804226918798177e-01
9.350166852057842926e-01
9.203781979977754268e-01
9.244048943270299912e-01
9.324805339265851423e-01
9.259621802002224733e-01
9.343492769744160542e-01
9.309121245828698710e-01
9.335483870967743458e-01
9.346941045606229626e-01
9.360511679644050176e-01
9.293548387096773888e-01
9.367630700778644126e-01
9.330812013348165346e-01
9.348498331479422330e-01
9.331479421579533806e-01
9.279644048943270773e-01
9.337819799777531404e-01
9.314571746384873174e-01
9.281090100111234475e-01
9.370300333704115747e-01
9.043159065628476601e-01
9.360400444938821174e-01
9.380200222469410321e-01
9.336373748609566592e-01
9.406340378197998175e-01
9.418464961067853913e-01
9.316796440489432118e-01
9.287430478309232074e-01
9.344716351501668461e-01
9.333259176863181183e-01
9.325917686318131450e-01
9.375862068965516993e-01
9.420244716351502401e-01
9.296885428253616190e-01
9.356284760845383630e-01
9.371301446051167883e-01
9.354505005561735143e-01
9.345161290322582248e-01
9.335706340378198131e-01
9.389098998887653869e-01
9.418020022246941236e-01
9.392213570634038167e-01
9.354616240266963034e-01
9.321913236929922908e-01
9.385873192436040569e-01
9.364738598442714501e-01
9.341045606229143594e-01
9.398553948832035765e-01
9.401001112347052713e-01
9.312791991101224687e-01
9.389877641824249110e-01
9.372858731924359477e-01
9.392658509454949733e-01
9.352725250278087765e-01
9.407007786429366636e-01
9.349388209121245463e-01
9.369187986651835720e-01
9.326807563959955694e-01
9.376307007786430781e-01
9.387986651835372731e-01
9.393325917686319304e-01
9.424582869855395728e-01
9.360289210233593282e-01
9.415239154616240613e-01
9.341268075639599378e-01
9.403670745272525444e-01
9.361179087875417526e-01
9.379755283648498754e-01
9.367074527252503557e-01
9.344493882091212678e-01
9.391434927697441815e-01
9.344271412680755784e-01
9.317908787541713256e-01
9.374527252502780073e-01
9.350278086763069707e-01
9.376418242491657562e-01
9.356729699666296307e-01
9.306785317018909653e-01
9.374527252502780073e-01
9.343270300333704759e-01
9.337931034482759296e-01
9.340044493882090348e-01
9.338264738598442971e-01
9.369187986651835720e-01
9.342936596218019973e-01
9.353615127919910899e-01
9.314126807563959387e-01
9.358398220244716903e-01
9.371635150166851558e-01
9.390767519466073354e-01
9.338598442714126646e-01
9.389877641824249110e-01
9.364293659621802934e-01
9.341601779755284163e-01
9.356062291434927847e-01
9.263070077864293816e-01
9.256840934371524110e-01
9.382202447163514591e-01
9.358843159065629580e-01
9.359621802002224822e-01
9.389543937708565435e-01
9.359955506117909607e-01
9.366629588431591991e-01
9.337931034482759296e-01
9.348498331479422330e-01
9.291101223581756940e-01
9.379421579532813968e-01
9.361735261401556984e-01
9.316351501668521662e-01
9.317908787541713256e-01
9.383537263626251512e-01
9.380756395995550889e-01
9.299777530589544705e-01
9.330033370411568994e-01
9.318909899888765391e-01
9.340711902113458809e-01
9.309232480533925491e-01
9.403114571746384875e-01
9.374527252502781183e-01
9.333036707452725400e-01
8.917130144605117659e-01
8.804449388209121263e-01
8.861624026696330869e-01
8.781757508342602492e-01
8.895550611790878914e-01
8.912347052280311654e-01
8.897219132369299510e-01
9.066184649610679047e-01
8.805228031145717615e-01
8.971635150166852313e-01
8.607119021134592707e-01
8.917241379310344440e-01
8.812680756395994131e-01
8.918576195773081361e-01
8.869410456062292170e-01
8.853503893214682563e-01
8.862402669632925001e-01
8.793548387096774555e-01
8.924582869855395284e-01
6.954060066740823665e-01
9.005005561735260899e-01
8.324582869855394751e-01
8.717575083426027938e-01
9.075973303670745729e-01
8.861067853170189190e-01
9.074638487208008808e-01
8.850500556173527267e-01
8.945494994438265568e-01
8.925806451612903203e-01
8.939154616240265749e-01
8.942714126807563835e-01
9.060289210233593016e-01
8.923470522803114147e-01
8.849944382647385588e-01
8.806340378197997643e-01
8.519688542825361033e-01
8.944605116796441324e-01
8.972525027808676557e-01
8.982313681868743238e-01
9.032146829810900890e-01
8.970300333704116502e-01
9.037597330367075354e-01
9.014460511679643906e-01
8.944493882091212322e-01
8.884872080088987989e-01
8.944493882091212322e-01
8.778197997775306627e-01
8.989877641824248755e-01
9.062847608453836745e-01
8.924137931034482607e-01
9.029254727474972375e-01
8.965183537263625713e-01
9.039710789766407517e-01
8.969632925472748042e-01
8.935150166852057207e-01
8.934482758620690968e-01
8.673081201334815749e-01
8.807675194660734563e-01
9.054393770856506984e-01
9.049610678531702090e-01
8.983092324805339590e-01
9.033704115684093594e-01
8.968075639599555338e-01
8.999332591768631762e-01
8.942936596218020728e-01
9.097775305895439146e-01
9.040155728587319084e-01
8.884760845383761207e-01
9.028476084538377133e-01
8.855506117908786834e-01
9.013014460511679093e-01
8.968854282536151690e-01
9.036373748609565215e-01
8.494438264738599642e-01
8.977864293659622019e-01
9.021690767519465748e-01
9.004226918798664547e-01
9.095884315906562767e-01
9.058954393770857205e-01
8.982758620689654805e-01
8.797107897664071530e-01
9.019132369299222018e-01
9.041490545050054894e-01
9.067074527252503291e-01
8.895550611790877804e-01
9.029588431590656050e-01
8.955394883203559031e-01
8.708565072302557608e-01
8.904004449388209785e-01
8.974416017797552936e-01
9.043826473859845061e-01
8.914349276974417036e-01
8.934593993325918859e-01
8.895884315906563700e-01
9.085650723025584519e-01
8.955617352614015925e-01
8.789988876529477579e-01
8.986429365962179672e-01
9.033147942157953025e-01
8.978197997775305694e-01
8.949165739710790435e-01
8.929254727474973397e-01
8.980533926585094751e-01
9.031924360400445106e-01
9.051612903225807472e-01
8.665072302558398665e-01
8.877419354838709253e-01
9.026696329254728646e-01
8.913014460511679005e-01
8.720912124582869129e-01
9.007230255839823174e-01
8.927808676307007474e-01
8.904004449388209785e-01
8.840266963292546798e-01
8.776640711902113923e-01
8.787875417130144307e-01
8.993103448275863165e-01
8.977308120133481451e-01
8.906785317018910408e-01
8.504115684093438432e-01
9.083426028921024464e-01
8.883203559510568503e-01
8.961401557285872954e-01
8.451056729699666370e-01
7.424471635150166060e-01
8.828031145717464279e-01
8.928364849833148043e-01
8.942714126807564945e-01
8.918909899888765036e-01
8.896662958843158941e-01
8.823915461624027845e-01
8.760177975528367078e-01
8.876529477196885010e-01
9.004449388209122551e-01
8.815016685205784297e-01
8.915239154616241279e-01
8.837597330367074067e-01
8.799888765294772153e-01
8.902669632925472865e-01
8.948053392658509297e-01
8.661067853170189013e-01
8.340489432703004358e-01
8.946607341490544485e-01
8.925472747497219528e-01
8.933370411568409830e-01
8.943492769744160187e-01
9.093437152391545819e-01
8.922691879866517795e-01
8.984872080088988078e-01
8.898220244716351646e-01
8.894994438264738346e-01
8.917575083426028115e-01
8.915350389321468061e-01
8.904783092324805027e-01
9.015572858731925043e-01
8.958398220244716548e-01
9.028031145717464456e-01
8.800333704115684830e-01
8.977530589543938344e-01
8.950500556173526245e-01
8.963292547274750444e-01
9.035150166852057296e-01
8.892547274749721398e-01
9.003893214682980872e-01
8.916573971078977090e-01
8.972858731924360232e-01
9.083537263626251246e-01
8.893103448275863077e-01
9.101446051167965123e-01
8.978531701890990480e-01
8.913125695216906896e-01
9.060734149054504583e-01
8.969744160177975933e-01
8.919688542825362498e-01
8.994438264738598976e-01
8.896218020022248485e-01
8.994438264738598976e-01
9.037374860956619571e-01
8.981201334816462101e-01
9.042825361512791815e-01
8.994327030033369974e-01
8.838709677419354094e-01
9.114349276974416103e-01
8.985205784204671753e-01
9.056507230255840257e-01
8.800778642936597507e-01
8.983092324805339590e-01
8.982424916573971130e-01
8.996885428253615924e-01
8.977196885428253559e-01
9.046607341490544574e-01
8.943826473859844972e-01
9.055839822024470687e-01
9.057953281423803960e-01
9.034705228031145730e-01
9.064516129032257341e-01
9.017018909899889856e-01
9.005895439377085143e-01
9.145050055617353069e-01
9.007452725250278958e-01
8.888542825361511746e-01
9.059288097886540880e-01
9.011679644048943283e-01
9.060845383759733584e-01
9.068631813125695995e-01
9.094771968854282740e-01
9.030144605116796619e-01
8.992769744160178380e-01
8.997107897664072818e-01
9.037708565072302136e-01
9.040823136818687544e-01
9.028253615127920240e-01
8.957063403781979627e-01
9.021579532814238966e-01
9.010789766407119039e-01
9.043937708565072953e-01
9.027030033370412321e-01
9.030923248053392971e-01
9.047608453837596709e-01
9.038042269187986921e-01
8.849054505005562454e-01
9.012458286985539635e-01
9.095550611790879092e-01
8.999110122358177088e-01
8.930700778642935989e-01
9.059176863181312989e-01
9.051724137931034253e-01
8.839154616240266771e-01
8.768631813125695729e-01
8.917241379310345550e-01
8.874082313681869172e-01
8.924026696329255826e-01
8.961735261401557739e-01
8.737931034482757653e-01
9.069966629588431806e-01
8.964293659621801469e-01
8.993548387096773622e-01
8.971301446051168638e-01
8.987652947719688701e-01
9.028364849833148131e-01
8.929143492769744395e-01
8.814460511679643728e-01
8.890433815350389235e-01
8.910011123470522598e-01
8.973971078976639149e-01
8.850278086763070373e-01
8.913348164627364900e-01
8.998442714126807518e-01
8.824137931034483628e-01
8.996774193548386922e-01
8.918020022246941902e-01
8.978420467185762588e-01
8.917352614015573442e-01
8.876751946607343013e-01
8.691323692992214411e-01
8.943159065628475402e-01
8.910567296996664277e-01
8.967074527252502092e-01
8.873081201334814816e-01
8.597107897664071352e-01
8.950945494994437812e-01
8.824249165739710410e-01
8.868854282536150491e-01
8.803670745272526021e-01
8.881201334816462012e-01
8.829922135706340658e-01
8.828476084538376956e-01
8.760400444938821751e-01
8.851946607341490969e-01
8.844605116796441235e-01
8.862291434927697109e-01
8.844716351501668017e-01
8.917908787541712901e-01
8.783870967741935765e-01
9.085761957730812410e-01
9.004115684093437766e-01
8.984872080088988078e-01
8.809121245828698266e-01
8.892658509454950400e-01
8.936596218020023130e-01
8.910122358175751600e-01
8.889098998887652314e-01
8.869521690767520061e-01
9.018242491657396664e-01
8.910678531701891059e-01
8.962958843159065658e-01
8.913459399332590571e-01
8.866518353726362545e-01
8.847942157953281317e-01
9.056062291434927580e-01
9.033815350389322596e-01
8.964738598442714146e-01
9.053837597330367526e-01
9.093437152391545819e-01
9.054949944382647553e-01
9.063181312569521531e-01
8.927919911012235366e-01
9.022358175750834208e-01
8.988320355951057161e-01
9.030255839822025621e-01
8.993659621802002624e-01
8.947942157953281406e-01
8.898442714126807429e-01
8.984204671857620728e-01
9.059621802002224555e-01
9.049054505005562632e-01
9.016351501668521395e-01
9.026140155728586967e-01
8.982424916573972240e-01
8.971746384872080204e-01
9.077308120133481539e-01
8.978197997775305694e-01
9.012569521690767527e-01
9.048832035595106849e-01
8.972969966629588123e-01
8.955951056729699600e-01
9.002447163515017170e-01
9.068298109010011210e-01
8.962847608453838877e-01
9.025139043381533721e-01
9.078531701890990568e-01
9.028921023359287590e-01
8.984872080088988078e-01
8.991101223581757784e-01
9.012569521690766416e-01
9.086874304783092438e-01
9.082647385984428112e-01
9.000222469410456005e-01
8.978976640711903157e-01
9.041379310344828113e-01
9.066629588431590614e-01
9.063626251390434208e-01
9.002447163515017170e-01
8.987208008898777134e-01
9.051835372636262145e-01
8.990767519466074109e-01
8.985650723025584430e-01
9.001001112347051247e-01
9.053170189098999066e-01
8.995773081201335897e-01
9.023136818687431671e-01
9.000778642936596574e-01
9.034037819799777269e-01
9.005450500556173576e-01
9.069632925472747020e-01
9.105450500556173665e-01
9.036929922135705784e-01
9.044382647385985630e-01
9.046829810901001467e-01
9.062847608453837855e-01
9.008898776418242660e-01
8.960734149054505604e-01
9.054393770856506984e-01
8.946829810901001379e-01
9.039933259176862190e-01
8.911790878754172196e-01
8.983870967741935942e-01
9.040155728587319084e-01
9.010678531701890037e-01
8.954727474972191681e-01
8.973303670745271798e-01
8.984538375973303292e-01
9.057397107897664501e-01
8.931924360400445018e-01
9.001112347052280249e-01
9.078865406006674243e-01
9.033370411568409919e-01
9.020800889877642614e-01
8.856507230255838969e-01
8.975083426028920286e-01
8.925472747497219528e-01
8.990878754171300891e-01
9.027030033370412321e-01
8.918909899888765036e-01
8.950834260289211031e-01
9.007452725250278958e-01
8.981312569521691103e-01
8.935372636262512991e-01
8.919354838709678823e-01
8.949721913236929893e-01
8.950723025583983139e-01
9.020133481646273044e-01
8.978754171301447373e-01
8.927808676307008584e-01
9.485094549499444305e-01
6.590656284760846306e-01
9.496440489432702581e-01
9.295773081201335053e-01
9.439822024471635764e-01
7.252502780867631227e-01
9.506229143492770373e-01
9.452725250278086744e-01
7.089098998887652936e-01
6.944271412680755873e-01
9.450834260289210365e-01
7.413236929922135676e-01
7.013403781979977714e-01
7.281535038932147597e-01
9.439098998887652803e-01
6.991991101223581362e-01
9.466407119021134076e-01
9.471190211345940080e-01
7.359121245828698088e-01
7.322803114571747596e-01
9.435038932146830870e-01
7.107563959955505162e-01
9.445717463848720685e-01
9.462625139043382427e-01
9.460289210233592261e-01
9.489321468298109741e-01
8.614349276974415659e-01
7.390878754171301690e-01
6.909343715239154582e-01
9.481312569521691547e-01
9.456062291434927936e-01
9.357397107897663657e-01
9.451056729699667258e-01
9.407452725250278203e-01
9.489988876529478201e-01
9.449833147942158229e-01
9.478086763070078247e-01
9.391768631813125490e-01
9.457619577308120640e-01
9.404894327030033363e-01
9.225806451612904580e-01
9.420133481646274509e-01
9.429254727474972730e-01
7.124582869855394796e-01
9.419632925472748441e-01
9.378976640711902402e-01
9.454171301446051556e-01
7.311457174638488210e-01
9.428031145717464812e-01
9.432591768631813922e-01
6.989210233592881849e-01
9.248832035595105916e-01
9.423025583982203024e-01
9.422580645161291457e-01
9.476974416017798220e-01
9.395105672969967792e-01
8.818576195773082382e-01
9.432035595105673353e-01
9.456618464961068504e-01
9.391434927697441815e-01
9.459176863181312234e-01
9.434705228031146085e-01
8.878420467185762499e-01
9.435038932146829760e-01
9.374972191323693860e-01
9.474860956618464947e-01
9.407230255839822419e-01
9.349276974416017572e-01
9.416129032258063747e-01
9.387652947719689056e-01
9.441935483870966817e-01
9.449499443826474554e-01
9.416907675194661209e-01
9.424916573971079403e-01
9.471078976640712188e-01
9.432480533926586030e-01
9.445383759733037010e-01
9.416351501668521751e-01
9.362402669632926555e-01
9.440600667408232116e-01
9.448498331479421308e-01
9.460845383759732830e-01
9.400556173526140036e-01
9.406229143492770284e-01
9.435372636262514545e-01
9.358509454949944795e-01
9.410233592880978826e-01
9.351167964404895061e-01
9.373971078976640614e-01
9.469299221357063701e-01
9.406785317018910852e-01
9.328809788654061075e-01
9.433370411568409164e-01
9.370745272525027314e-01
9.421245828698554536e-01
9.325806451612903558e-01
9.364738598442714501e-01
9.334705228031145996e-01
9.296774193548388299e-01
9.464071190211346130e-01
9.394104560622914546e-01
9.384427141268075756e-01
9.419577308120133941e-01
9.410122358175752044e-01
9.192436040044494883e-01
5.849110122358176511e-01
9.435038932146830870e-01
9.410789766407119394e-01
9.373192436040045372e-01
9.397664071190211521e-01
9.331590656284760588e-01
9.441379310344828468e-01
9.379087875417129183e-01
9.405784204671857607e-01
9.377864293659622374e-01
9.377864293659622374e-01
9.414460511679645371e-01
9.361624026696329093e-01
9.333815350389320642e-01
9.342491657397108407e-01
9.407675194660733986e-01
9.463626251390434563e-01
9.366629588431590880e-01
9.392157953281423666e-01
9.371746384872080560e-01
9.436373748609567791e-01
9.364404894327030826e-01
9.346996662958844126e-01
6.875528364849832208e-01
9.465517241379310942e-01
9.468075639599554671e-01
7.224694104560623886e-01
6.860845383759732741e-01
7.140155728587319617e-01
6.969688542825361877e-01
6.967853170189098888e-01
7.077641824249165659e-01
6.919354838709677047e-01
6.913570634037820017e-01
7.357619577308119885e-01
9.471523915461623755e-01
6.909955506117908541e-01
8.229254727474972775e-01
6.967853170189099998e-01
9.471968854282536432e-01
8.353503893214683229e-01
8.717908787541712723e-01
7.113681868743048087e-01
9.104783092324805205e-01
9.478420467185760812e-01
9.470411568409343728e-01
7.220133481646274776e-01
9.429365962180200622e-01
9.468520578420467348e-01
6.978420467185761922e-01
9.485984427141267439e-01
9.457730812013349642e-01
9.459176863181312234e-01
9.439154616240266193e-01
9.486985539488320684e-01
7.462068965517241192e-01
9.385761957730811567e-01
9.463181312569521886e-01
7.778865406006674199e-01
6.998275862068965569e-01
9.374193548387097508e-01
9.445494994438264902e-01
9.449610678531701335e-01
9.380200222469411431e-01
9.401223581757508496e-01
7.769966629588430651e-01
9.465072302558398265e-01
9.279310344827585988e-01
9.438153503893215168e-01
9.454393770856508450e-01
9.373971078976641724e-01
9.381312569521690348e-01
9.409454949944382474e-01
9.407786429365962988e-01
9.386763070077864812e-01
9.455839822024471042e-01
9.390433815350389679e-01
9.428364849833147376e-01
9.442825361512792171e-01
9.350834260289210276e-01
9.426807563959955782e-01
9.454727474972191015e-01
9.479755283648498843e-01
9.426585094549499999e-01
9.452947719688543637e-01
9.315350389321468416e-01
9.432925472747497597e-01
9.396106785317018817e-01
9.402780867630701200e-01
9.420578420467186076e-01
9.413904338153504803e-01
7.453837597330366105e-01
9.434482758620690301e-01
9.432925472747497597e-01
9.450278086763070906e-01
9.346607341490544840e-01
9.435483870967740216e-01
9.407897664071189769e-01
9.455061179087875800e-01
9.467296996662958319e-01
9.419354838709678157e-01
9.431590656284760676e-01
9.050945494994439011e-01
9.423470522803115701e-01
6.736818687430479180e-01
7.759510567296996619e-01
9.424471635150167836e-01
9.452280311457174067e-01
9.390211345939932785e-01
9.392213570634038167e-01
9.465739710789766725e-01
9.381312569521691458e-01
9.420244716351501291e-01
9.436484983314794572e-01
9.428476084538376378e-01
9.387541713014461164e-01
9.395550611790879358e-01
8.755394883203559964e-01
9.432703003337041814e-01
9.387875417130144839e-01
9.394215795328142438e-01
9.442491657397107385e-01
9.376529477196886564e-01
9.289766407119022240e-01
9.300667408231367839e-01
8.714349276974415748e-01
9.354949944382647820e-01
9.411568409343715746e-01
5.713236929922136387e-01
9.385650723025584785e-01
9.399221357063404225e-01
9.367519466073416234e-01
9.329143492769744750e-01
7.954616240266962901e-01
9.407675194660733986e-01
9.373303670745272154e-01
9.368409343715239368e-01
9.436040044493881895e-01
9.405895439377086609e-01
9.413236929922136342e-01
8.461624026696330514e-01
9.391657397107898708e-01
9.419911012235817616e-01
9.426140155728587322e-01
9.274638487208008986e-01
9.397330367074528956e-01
9.324805339265851423e-01
9.343604004449388434e-01
9.313459399332592037e-01
8.220355951056730337e-01
9.374638487208009074e-01
9.504671857619577668e-01
9.465183537263627267e-01
7.066073414905451600e-01
9.418353726362626022e-01
7.354616240266962368e-01
6.854505005561735143e-01
6.821579532814238123e-01
6.896885428253615169e-01
9.482647385984427357e-01
7.316796440489432563e-01
9.437764182424916992e-01
7.309899888765294396e-01
9.443937708565072198e-01
8.989098998887652403e-01
9.454171301446051556e-01
9.463181312569521886e-01
9.384649610678532650e-01
9.468743047830924242e-01
9.457063403781980071e-01
9.485873192436039547e-01
9.452725250278086744e-01
9.480867630700778870e-01
9.496218020022246797e-01
9.068854282536151779e-01
9.438820912124583629e-01
9.446273637374861254e-01
9.431256952169077001e-01
9.473637374860957028e-01
9.453058954393772639e-01
9.469521690767520594e-01
8.208008898776416595e-01
9.400333704115684252e-01
9.467519466073415213e-01
7.242491657397107652e-01
7.297219132369299199e-01
9.475528364849834517e-01
9.411679644048943638e-01
9.387875417130144839e-01
9.425806451612903647e-01
9.445828698553949687e-01
9.226028921023359253e-01
9.458398220244716992e-01
9.395328142380422465e-01
9.489210233592880739e-01
9.400444938820912144e-01
9.462736373748609209e-01
9.461290322580645507e-01
9.447830923248052848e-01
9.431368186874304893e-01
9.441379310344828468e-01
9.415127919911011611e-01
7.229922135706341457e-01
9.434149054505005516e-01
9.456618464961068504e-01
9.435817575083426112e-01
9.447052280311456496e-01
6.109899888765294440e-01
9.458398220244715882e-01
9.452169076751947285e-01
9.444048943270300089e-01
9.074416017797553025e-01
9.365628476084538745e-01
9.379866518353726645e-01
9.410789766407119394e-01
9.438042269187987277e-01
9.441935483870967927e-01
9.450389321468298798e-01
9.393437152391546086e-01
9.442491657397108495e-01
9.447830923248052848e-01
7.667908787541714011e-01
5.000000000000000000e-01
9.443270300333703737e-01
6.997830923248052892e-01
5.000000000000000000e-01
9.417352614015572776e-01
9.456952169076751069e-01
9.435706340378198220e-01
9.448164627363737633e-01
9.450500556173526689e-01
9.421913236929922997e-01
9.422024471635149778e-01
9.375305895439376425e-01
9.418131256952169128e-01
9.413793103448276911e-01
9.417352614015573886e-01
9.416685205784205426e-01
9.427030033370412676e-01
8.892825361512792792e-01
9.372413793103449020e-01
9.419021134593992262e-01
9.402892102335930202e-01
6.210734149054505382e-01
9.454282536151279448e-01
9.435038932146829760e-01
9.421468298109010320e-01
9.362291434927696443e-01
7.629032258064516459e-01
9.404560622914349688e-01
9.327919911012235721e-01
9.440600667408232116e-01
9.401001112347052713e-01
9.354060066740824686e-01
9.354505005561735143e-01
9.362847608453837012e-01
5.000000000000000000e-01
9.357508342602893769e-01
7.033036707452725578e-01
9.386985539488320596e-01
9.441713014460512143e-01
9.434149054505005516e-01
9.369410456062291503e-01
9.308008898776418683e-01
7.630144605116796486e-01
9.377308120133481806e-01
9.285317018909899911e-01
9.399443826473860009e-01
9.369632925472748397e-01
9.349276974416016461e-01
9.363515016685206582e-01
9.418020022246941236e-01
7.192769744160179002e-01
5.975862068965518414e-01
9.436707452725251466e-01
9.318798665183537500e-01
8.080700778642936344e-01
9.390322580645161787e-01
9.352224694104560587e-01
9.482647385984427357e-01
9.479310344827586166e-01
9.458731924360400667e-01
6.835595105672969130e-01
6.991991101223582472e-01
9.436929922135706139e-01
9.474972191323692838e-01
9.475083426028921840e-01
9.465406006674083050e-01
9.521357063403782517e-01
9.463848720800890346e-01
9.425806451612903647e-01
7.304560622914348933e-01
9.463959955506118238e-01
9.486763070077864901e-01
9.484538375973303737e-01
9.445272525027809118e-01
9.429699666295883187e-01
9.441156840934371575e-01
9.448609566184650310e-01
9.353170189098998222e-01
9.458064516129032206e-01
9.453726362625138879e-01
9.404449388209121796e-01
9.509232480533926779e-01
9.447497219132370283e-01
9.493103448275862499e-01
9.451501668520578825e-01
9.414238042269187368e-01
6.931813125695216460e-01
9.434705228031146085e-01
9.458286985539489100e-01
9.419132369299221264e-01
9.420689655172412857e-01
9.467964404894327890e-01
9.442157953281424820e-01
9.452280311457175177e-01
9.472858731924360676e-01
9.441156840934371575e-01
9.457285873192435854e-01
9.382091212458287810e-01
9.387430478309232162e-01
9.425917686318131539e-01
9.454282536151280558e-01
9.418464961067853913e-01
9.429477196885428514e-01
9.431479421579532785e-01
9.485428253615129091e-01
9.446607341490546039e-01
9.388765294771970193e-01
9.406674082313681851e-01
9.433704115684093949e-01
9.413125695216907340e-01
9.460734149054504938e-01
9.427030033370411566e-01
9.418464961067853913e-01
9.476418242491657651e-01
9.440266963292547331e-01
9.396551724137930384e-01
9.409677419354839367e-01
9.412791991101224776e-01
9.395105672969966681e-01
9.463181312569521886e-01
9.413681868743047909e-01
9.411123470522803069e-01
9.421579532814238211e-01
9.447608453837597065e-01
9.452169076751947285e-01
9.459844271412680694e-01
9.466963292547274644e-01
9.420355951056730293e-01
9.435595105672970329e-01
9.395105672969967792e-01
9.422803114571746130e-01
9.462625139043381317e-01
9.397775305895439413e-01
9.428921023359287945e-01
9.396218020022246709e-01
9.397330367074527846e-01
9.362736373748609120e-01
9.431701890989989678e-01
9.444160177975527981e-01
9.388765294771969083e-01
9.397664071190211521e-01
9.384872080088988433e-01
9.396885428253615169e-01
9.410122358175750934e-01
9.444048943270301200e-01
9.455061179087875800e-01
9.429588431590655295e-01
9.396551724137931494e-01
9.421802002224693995e-01
9.371078976640713210e-01
9.401890989988876957e-01
9.350500556173526601e-01
9.394438264738598221e-01
9.432925472747497597e-01
9.423025583982203024e-01
9.431590656284760676e-01
9.396440489432703602e-01
9.321468298109010231e-01
9.342936596218021084e-01
9.362847608453837012e-01
9.357397107897663657e-01
9.364849833147942393e-01
9.364182424916573932e-01
9.395884315906561923e-01
9.431813125695216460e-01
9.376640711902114456e-01
9.403670745272525444e-01
9.409899888765295151e-01
9.380645161290321887e-01
9.393770856507229761e-01
9.365517241379310853e-01
9.393770856507230871e-01
9.348720800889877003e-01
9.393103448275862410e-01
9.382869855394884162e-01
9.380088987764182429e-01
9.350723025583982384e-01
9.415016685205783720e-01
9.335150166852058673e-01
9.360622914349278068e-01
9.454727474972191015e-01
9.303670745272525355e-01
9.369187986651835720e-01
9.258175750834261031e-01
9.357730812013348443e-01
9.482424916573970464e-01
9.425583982202445643e-01
7.534482758620689724e-01
9.410122358175750934e-01
5.398665183537263434e-01
9.490656284760845551e-01
9.474193548387097596e-01
9.483648498331479493e-01
9.477196885428254003e-01
7.308676307007786477e-01
9.481979977753058897e-01
9.481979977753058897e-01
9.491768631813125578e-01
9.471968854282535322e-01
9.484204671857620061e-01
9.491434927697441903e-01
9.431034482758621218e-01
9.435595105672970329e-01
9.470300333704115836e-01
9.477641824249165570e-01
9.486985539488320684e-01
9.457730812013348531e-01
9.445272525027809118e-01
9.459288097886541236e-01
9.461290322580646617e-01
9.466963292547274644e-01
9.488431590656285497e-01
9.463070077864293994e-01
9.445494994438264902e-01
9.362625139043381228e-01
9.471968854282536432e-01
9.462068965517241859e-01
9.433592880978864947e-01
9.415350389321469615e-01
9.412235817575083097e-01
9.465517241379309832e-01
9.438153503893214058e-01
9.417463848720801778e-01
9.405672969966630825e-01
9.453948832035595773e-01
9.374972191323693860e-01
9.440711902113458898e-01
9.424360400444939945e-01
9.461401557285873398e-01
9.456952169076752179e-01
9.475417130144606626e-01
9.453948832035594663e-01
9.389543937708565435e-01
9.449721913236930337e-01
9.454171301446051556e-01
9.477085650723026111e-01
9.412791991101224776e-01
9.425139043381536297e-01
9.442602892102336387e-01
9.435928809788654004e-01
9.436707452725250356e-01
9.438820912124583629e-01
9.435595105672970329e-01
9.410901001112347286e-01
9.407897664071189769e-01
9.419132369299221264e-01
9.415127919911012722e-01
9.407341490545050311e-01
9.407452725250278203e-01
9.428364849833148487e-01
9.449721913236930337e-01
9.421690767519466103e-01
9.397107897664070952e-01
9.413793103448276911e-01
9.405116796440490257e-01
9.399999999999999467e-01
9.403559510567297552e-01
9.421245828698553426e-01
9.387096774193549598e-01
9.433481646273638166e-01
9.430255839822024866e-01
9.356952169076752091e-01
9.374082313681868506e-01
9.412680756395994663e-01
9.372969966629588479e-01
9.427252502780867349e-01
9.386429365962180027e-01
9.419799777530589724e-01
9.382424916573971485e-01
9.435483870967742437e-01
9.395105672969966681e-01
9.417686318131258671e-01
9.440600667408232116e-01
9.362513904338153337e-01
9.421802002224693995e-01
9.386651835372636921e-01
9.324916573971080425e-01
9.393659621802001869e-01
9.450389321468298798e-01
9.433147942157954491e-01
9.402558398220244307e-01
9.439599555061178870e-01
9.495328142380422554e-01
9.421245828698553426e-01
9.413904338153503693e-01
9.439043381535039412e-01
9.341713014460512055e-01
9.421690767519466103e-01
9.378420467185761833e-01
9.388765294771969083e-01
9.403225806451613877e-01
9.371078976640712099e-01
9.377085650723026022e-01
9.415461624026696397e-01
9.393214682981090302e-01
9.379421579532813968e-01
9.388431590656283188e-01
9.345606229143492705e-01
9.339043381535039323e-01
9.477419354838709786e-01
9.364182424916573932e-01
9.364182424916573932e-01
9.346718576195772732e-01
9.412791991101223665e-01
9.368520578420468370e-01
9.287430478309233184e-01
9.346162402669633273e-01
9.470189098998886834e-01
9.407119021134594528e-01
9.315127919911012633e-01
9.369299221357063612e-01
9.384093437152392081e-01
9.347274749721913301e-01
9.451612903225806717e-01
7.284260289210233719e-01
9.490211345939932874e-01
9.490100111234706093e-01
5.589377085650722998e-01
9.434149054505005516e-01
9.484315906562846843e-01
9.503337041156840748e-01
9.449276974416017660e-01
6.171635150166853157e-01
9.488987764182424955e-01
9.458731924360400667e-01
9.391101223581758140e-01
9.427586206896552135e-01
9.475194660734148622e-01
9.469855394883203159e-01
9.484983314794216414e-01
9.484093437152392170e-01
9.449388209121245552e-01
9.463959955506118238e-01
9.466295884315907294e-01
9.466073414905450401e-01
9.396662958843159386e-01
9.429922135706341191e-01
9.469521690767519484e-01
9.430255839822024866e-01
9.469076751946606807e-01
9.430812013348164324e-01
9.417463848720800668e-01
9.402669632925472198e-01
9.450500556173526689e-01
9.455839822024471042e-01
9.460400444938821263e-01
9.424805339265850401e-01
9.423581757508342482e-01
9.424360400444938834e-01
9.446273637374861254e-01
9.431479421579532785e-01
9.449610678531702446e-01
9.450834260289210365e-01
9.434260289210234518e-01
9.451279199110123042e-01
9.462180200222469750e-01
9.502002224694104937e-01
9.382091212458285590e-01
7.801446051167965079e-01
9.449610678531701335e-01
9.479532814238043059e-01
9.347830923248052759e-01
9.426362625139044216e-01
9.449944382647386121e-01
9.411790878754172640e-01
9.394327030033370329e-01
9.419466073414906049e-01
9.438932146829812631e-01
9.414905450500556938e-01
9.424137931034481941e-01
9.433592880978866058e-01
9.466407119021135186e-01
9.422914349276974022e-01
9.460400444938821263e-01
9.441935483870966817e-01
9.425806451612903647e-01
9.408565072302559340e-01
9.375083426028920641e-01
9.399999999999999467e-01
9.380867630700779891e-01
9.421134593993325534e-01
9.482869855394883141e-01
9.447719688542826066e-01
9.403003337041156984e-01
9.404560622914348578e-01
9.395439377085650356e-01
9.413570634037820017e-01
9.447719688542826066e-01
9.435372636262514545e-01
9.425472747497218862e-01
9.377085650723024912e-01
9.476751946607341326e-01
9.391657397107897598e-01
9.419466073414904939e-01
9.413348164627364234e-01
9.395216907675194573e-01
9.399221357063404225e-01
9.440934371523914681e-01
9.396440489432703602e-01
9.370189098998886745e-01
9.352280311457175088e-01
9.401779755283649065e-01
9.379866518353726645e-01
9.415461624026695286e-01
9.334482758620689102e-01
9.446607341490544929e-01
9.347719688542825978e-01
9.371190211345941101e-01
9.370522803114571531e-01
9.334037819799777536e-01
9.472413793103449109e-01
9.375862068965516993e-01
9.412680756395995774e-01
9.371635150166851558e-01
9.349833147942159250e-01
9.382091212458286700e-01
9.417130144605116993e-01
9.414682981090101155e-01
9.375750834260290212e-01
9.371301446051166772e-01
9.406562847608455069e-01
9.373192436040044262e-01
9.360066740823137499e-01
9.340489432703003025e-01
9.360956618464961743e-01
9.338042269187987188e-01
9.392769744160177625e-01
9.399443826473860009e-01
9.354171301446052578e-01
9.349054505005561788e-01
6.951279199110123042e-01
9.434371523915462410e-01
9.371078976640712099e-01
9.351501668520578736e-01
9.369299221357063612e-01
9.386763070077864812e-01
9.312458286985538791e-01
9.402780867630700090e-01
9.434149054505006626e-01
9.402780867630701200e-01
9.412569521690766772e-01
9.445494994438266012e-01
9.476863181312569218e-01
9.455061179087875800e-01
9.405672969966629715e-01
9.421357063403781318e-01
9.421023359288098753e-01
9.442936596218018952e-01
9.428587319243604270e-01
9.454505005561735231e-01
9.453170189098999421e-01
9.409232480533926690e-01
9.429365962180200622e-01
9.457730812013347421e-01
9.389988876529478112e-01
9.440266963292547331e-01
9.452502780867629850e-01
9.471301446051167972e-01
9.357063403781979982e-01
9.424916573971078293e-01
9.471412680756395863e-01
9.390878754171300136e-01
9.405784204671857607e-01
9.433815350389320731e-01
9.425139043381536297e-01
9.441824249165740035e-01
9.437486095661846708e-01
9.410011123470523042e-01
9.406674082313681851e-01
9.443047830923249064e-01
9.361512791991102311e-01
9.461512791991102400e-01
9.468409343715239457e-01
9.391434927697441815e-01
9.417797552836485453e-01
9.357508342602892659e-01
9.398998887652947332e-01
9.464182424916575131e-01
9.410344827586206717e-01
9.378976640711902402e-01
9.424916573971079403e-01
9.424026696329254049e-01
9.446607341490544929e-01
9.436596218020022464e-01
9.436596218020022464e-01
9.404338153503893905e-01
9.362291434927697553e-01
9.399888765294772686e-01
9.452725250278086744e-01
9.362402669632925445e-01
9.410233592880978826e-01
9.431034482758621218e-01
9.368409343715239368e-01
9.420355951056729182e-01
9.423581757508342482e-01
9.425250278086764189e-01
9.388987764182424867e-01
9.381312569521691458e-01
9.317686318131257472e-01
9.406674082313682961e-01
9.406785317018909742e-01
9.404560622914348578e-01
9.387875417130144839e-01
9.438042269187987277e-01
9.447052280311456496e-01
9.401112347052280604e-01
9.402002224694104848e-01
9.417908787541712234e-01
9.399555061179087900e-01
9.412791991101223665e-01
9.433926585094549733e-01
9.327141268075639369e-01
9.363737486095662366e-01
9.384093437152390971e-01
9.393214682981090302e-01
9.398998887652947332e-01
9.395439377085649246e-01
9.426696329254727891e-01
9.345939933259176380e-01
9.404560622914348578e-01
9.365628476084536524e-01
9.364071190211346041e-01
9.349499443826473355e-01
9.411234705228032071e-01
9.335595105672971350e-01
9.329699666295883098e-01
9.354616240266963034e-01
9.414015572858731584e-01
9.439265850945496306e-01
9.363292547274749689e-01
9.402113459399331630e-01
9.435817575083426112e-01
9.340155728587319350e-01
9.398887652947720550e-01
9.372636262513903693e-01
9.437708565072302491e-01
9.322580645161290258e-01
9.326028921023359342e-01
9.375194660734149643e-01
9.388431590656285408e-01
9.387875417130144839e-01
9.403781979977753336e-01
9.350834260289211386e-01
9.369076751946606718e-01
9.468186874304783673e-01
9.427252502780867349e-01
9.414460511679644261e-01
9.328921023359288967e-01
9.418464961067852803e-01
9.375194660734148533e-01
9.343715239154617436e-01
9.354949944382647820e-01
9.378642936596217616e-01
9.382536151279200487e-01
9.343047830923247865e-01
9.361067853170188524e-01
9.390989988876529138e-01
9.396329254727475710e-01
9.394215795328143548e-01
9.374304783092325399e-01
9.363737486095662366e-01
9.409121245828698799e-01
9.356729699666296307e-01
9.340711902113459919e-01
9.338153503893215079e-01
9.281979977753059829e-01
9.367741935483872018e-01
9.420355951056729182e-01
9.396996662958843061e-01
9.417463848720801778e-01
9.423915461624027268e-01
9.449499443826473444e-01
9.432258064516129137e-01
9.378754171301446618e-01
9.401557285873192171e-01
9.488987764182424955e-01
9.483537263626251601e-01
9.368186874304783585e-01
9.417575083426029670e-01
9.426362625139044216e-01
9.475750834260289190e-01
9.436707452725250356e-01
9.418687430478309697e-01
9.458286985539487990e-01
9.392547274749721842e-01
9.447942157953281850e-01
9.436373748609565570e-01
9.417686318131257561e-01
9.468854282536152134e-01
9.384538375973302538e-01
9.394883203559509788e-01
9.392436040044493950e-01
9.409899888765295151e-01
9.464182424916575131e-01
9.403670745272525444e-01
9.428364849833148487e-01
9.446384872080089146e-01
9.415684093437153290e-01
9.415350389321468505e-01
9.428364849833148487e-01
9.379866518353726645e-01
9.293437152391545997e-01
9.416573971078976424e-01
9.413014460511680559e-01
9.427363737486095241e-01
9.418576195773080695e-01
9.402224694104560632e-01
9.443047830923249064e-01
9.408120133481646663e-01
9.361846496106784876e-01
9.430812013348164324e-01
9.387764182424915838e-01
9.389321468298108542e-01
9.429143492769743728e-01
9.402335928809789634e-01
9.427697441601780026e-01
9.455061179087874690e-01
9.412680756395994663e-01
9.439933259176863656e-01
9.427697441601780026e-01
9.393659621802002979e-01
9.437041156840935141e-01
9.453726362625138879e-01
9.423025583982201914e-01
9.388876529477196975e-01
9.433370411568409164e-01
9.401557285873192171e-01
9.370967741935483097e-01
9.370634037819799422e-01
9.419243604004449155e-01
9.407897664071190880e-01
9.441379310344827358e-01
9.401223581757508496e-01
9.387319243604005381e-01
9.440155728587320549e-01
9.343492769744160542e-01
9.383203559510567837e-01
9.361179087875417526e-01
9.364404894327030826e-01
9.407675194660733986e-01
9.368186874304783585e-01
9.413904338153504803e-01
9.409788654060066149e-01
9.422914349276975132e-01
9.394883203559510898e-01
9.407675194660735096e-01
9.410901001112347286e-01
9.372969966629588479e-01
9.381201334816462456e-01
9.418131256952169128e-01
9.373081201334816370e-01
9.347719688542825978e-01
9.386874304783092704e-01
9.404894327030033363e-01
9.409454949944383584e-01
9.341824249165739946e-01
9.361290322580645418e-01
9.347497219132369084e-01
9.400333704115684252e-01
9.413904338153503693e-01
9.383982202447165299e-01
9.392324805339264948e-01
9.397330367074526736e-01
9.324916573971079314e-01
9.405339265850944930e-01
9.370745272525028424e-01
9.410011123470523042e-01
9.374527252502781183e-01
9.408342602892101336e-01
9.347775305895439368e-01
9.326585094549499910e-01
9.409454949944382474e-01
9.309454949944382385e-01
9.341156840934372596e-01
9.361957730812012768e-01
9.473192436040045461e-01
9.349388209121245463e-01
9.318020022246941148e-01
9.315127919911012633e-01
9.358509454949944795e-01
9.320133481646273310e-01
9.330144605116796885e-01
9.333704115684093860e-01
9.368965517241379937e-01
9.423804226918798266e-01
9.382869855394884162e-01
9.312680756395995685e-01
9.323692992213570285e-01
9.350055617352615034e-01
9.329699666295884208e-01
9.379199110122358185e-01
9.397664071190211521e-01
9.406562847608453959e-01
9.375083426028920641e-01
9.386763070077864812e-01
9.353281423804227224e-01
9.383870967741936298e-01
9.479866518353726734e-01
9.416796440489433317e-01
9.448053392658509742e-01
9.408120133481646663e-01
9.422580645161291457e-01
9.447942157953281850e-01
9.409454949944382474e-01
9.453948832035594663e-01
9.417352614015572776e-01
9.445050055617353335e-01
9.416129032258063747e-01
9.416129032258064857e-01
9.428253615127919485e-01
9.393770856507230871e-01
9.397997775305895196e-01
9.412903225806450447e-01
9.413348164627364234e-01
9.425583982202447864e-01
9.447385984427142391e-01
9.430923248053393326e-01
9.411123470522803069e-01
9.433036707452726599e-01
9.396106785317019927e-01
9.425806451612902537e-01
9.412235817575084207e-01
9.426696329254727891e-01
9.400444938820913254e-01
9.379644048943269752e-01
9.426028921023358320e-01
9.410233592880978826e-01
9.456507230255839502e-01
9.461846496106784965e-01
9.405450500556175042e-01
9.450055617352615123e-01
9.350834260289211386e-01
9.415572858731924288e-01
9.346273637374861165e-01
9.395328142380422465e-01
9.434816462736373976e-01
9.448832035595106094e-01
9.393882091212458763e-01
9.416907675194660099e-01
9.416462736373748532e-01
9.396774193548387277e-01
9.397107897664072063e-01
9.444716351501668550e-01
9.424249165739712053e-01
9.365406006674082962e-01
9.431256952169077001e-01
9.444938820912124333e-01
9.377530589543937589e-01
9.421690767519466103e-01
9.381312569521691458e-01
9.325695216907674556e-01
9.409232480533926690e-01
9.372858731924360587e-01
9.429699666295884297e-01
9.393882091212458763e-01
9.399221357063404225e-01
9.450166852057843014e-01
9.388987764182424867e-01
9.414126807563960586e-01
9.398776418242491548e-01
9.407897664071190880e-01
9.431924360400445462e-01
9.372302558398221128e-01
9.349721913236930249e-01
9.408120133481646663e-01
9.370967741935485318e-01
9.315239154616240524e-01
9.429143492769743728e-01
9.348720800889878113e-01
9.387208008898777489e-01
9.389766407119021219e-01
9.371635150166852668e-01
9.407452725250278203e-01
9.366073414905451422e-01
9.366184649610678203e-01
9.375862068965516993e-01
9.390767519466073354e-01
9.392880978865405517e-01
9.385761957730811567e-01
9.370745272525027314e-01
9.414015572858732694e-01
9.400444938820912144e-01
9.375528364849833318e-01
9.311012235817575089e-01
9.388654060066741192e-01
9.401334816462736388e-01
9.359844271412681715e-01
9.386095661846495242e-01
9.381312569521691458e-01
9.369410456062290393e-01
9.358175750834260009e-01
9.328142380422692614e-01
9.319911012235817527e-01
9.369632925472748397e-01
9.369410456062291503e-01
9.428698553948833272e-01
9.340711902113458809e-01
9.372525027808676912e-01
9.397441601779755738e-01
9.403003337041156984e-01
9.386540600667409029e-01
9.398220244716350980e-01
9.317797552836484254e-01
9.353058954393771440e-01
9.353281423804227224e-01
9.413348164627364234e-01
9.297330367074527757e-01
9.278865406006675531e-01
9.373414905450501156e-01
9.297997775305895107e-01
9.406006674082313390e-01
9.430923248053393326e-01
9.390322580645160677e-01
9.332814238042269617e-01
9.311123470522804091e-01
9.419021134593994482e-01
9.376974416017798131e-01
9.300222469410456272e-01
9.386540600667409029e-01
9.335038932146829671e-01
9.340600667408232027e-01
9.364738598442714501e-01
9.387430478309233273e-01
9.399332591768632117e-01
9.367853170189099909e-01
6.872636262513904803e-01
8.898553948832035321e-01
7.517463848720801201e-01
6.864293659621802934e-01
6.556173526140155472e-01
7.006674082313681939e-01
8.680533926585094484e-01
6.867741935483870908e-01
7.035261401557285632e-01
6.876863181312569129e-01
7.018353726362625000e-01
6.919799777530588614e-01
6.923692992213570374e-01
6.889655172413793327e-01
7.029254727474971709e-01
6.906117908787540172e-01
7.959288097886541014e-01
6.964516129032258807e-01
6.848943270300333896e-01
7.431701890989989012e-01
6.862291434927697553e-01
8.084649610678531495e-01
7.159065628476084520e-01
7.052391546162402047e-01
7.084427141268075934e-01
7.976974416017796887e-01
8.543715239154616725e-01
7.115350389321468683e-01
7.187875417130143996e-01
6.918798665183537588e-01
6.936040044493881895e-01
9.138153503893214902e-01
7.498331479421579404e-01
8.257397107897664901e-01
9.476084538375973976e-01
9.212235817575082919e-01
6.960400444938821263e-01
8.495884315906563344e-01
7.030812013348164413e-01
7.023359288097886788e-01
9.109677419354839101e-01
7.188820912124582740e-01
9.447497219132369173e-01
6.883426028921023621e-01
9.366073414905451422e-01
7.923136818687430694e-01
9.430812013348165435e-01
9.443770856507230915e-01
9.364293659621801824e-01
9.284649610678532561e-01
9.413348164627364234e-01
6.914460511679645371e-01
9.411234705228030961e-01
9.029365962180200267e-01
6.854505005561735143e-01
9.414794215795330157e-01
9.356785317018910808e-01
9.372636262513903693e-01
7.056062291434928024e-01
9.272413793103448931e-01
7.528253615127920018e-01
9.215016685205784652e-01
9.311123470522804091e-01
9.382981090100112054e-01
8.918576195773081361e-01
9.406674082313681851e-01
9.424694104560623620e-01
9.442157953281423710e-01
9.367408231368187232e-01
8.783426028921023088e-01
7.120244716351501468e-01
7.306451612903226422e-01
7.155394883203559653e-01
6.778309232480533852e-01
9.408342602892103557e-01
9.189098998887652581e-01
9.413014460511678339e-01
9.406229143492770284e-01
6.928086763070078202e-01
9.384427141268076866e-01
9.370856507230255206e-01
6.777975528364850177e-01
9.376140155728588388e-01
9.345161290322578918e-01
9.231090100111234431e-01
9.351279199110122953e-01
7.446273637374860588e-01
9.321802002224695016e-01
9.311957730812013834e-01
8.863848720800889813e-01
7.222580645161289503e-01
9.359621802002224822e-01
9.069521690767520239e-01
9.358620689655171576e-01
9.426696329254729001e-01
9.434482758620689191e-01
9.367853170189099909e-01
7.186540600667408185e-01
9.327252502780868371e-01
7.320467185761958540e-01
9.305561735261402845e-01
9.425361512791992080e-01
7.263403781979977936e-01
9.279087875417130205e-01
8.549833147942158540e-01
9.016017797552837720e-01
7.224137931034482207e-01
9.331979977753059874e-01
9.270077864293660985e-01
9.467519466073415213e-01
9.453615127919910988e-01
9.291713014460510900e-01
9.379199110122358185e-01
8.730144605116796352e-01
9.389321468298109652e-01
9.389766407119021219e-01
9.306173526140155694e-01
9.281979977753059829e-01
9.104338153503893638e-01
9.348943270300335007e-01
9.414682981090100045e-01
9.351946607341491413e-01
6.776640711902114367e-01
9.354115684093438077e-01
6.920133481646273399e-01
7.358620689655173130e-01
9.443159065628476956e-01
9.451501668520578825e-01
9.027030033370411211e-01
9.448275862068965525e-01
7.154393770856507517e-01
6.879310344827586077e-01
6.927919911012236920e-01
6.909343715239155692e-01
7.590322580645161299e-01
6.736151279199109609e-01
9.321023359288097554e-01
6.903781979977752226e-01
6.618242491657396753e-01
8.716351501668520019e-01
7.010845383759733984e-01
7.232480533926584076e-01
6.973748609566184919e-01
7.066963292547274733e-01
8.652614015572859252e-01
7.227808676307008184e-01
7.031701890989988657e-01
8.411457174638488077e-01
9.240934371523914503e-01
9.477641824249164459e-01
7.240266963292547597e-01
7.015239154616239592e-01
9.396440489432703602e-01
7.588987764182425488e-01
6.899221357063404225e-01
6.811679644048943549e-01
7.312013348164627669e-01
6.910344827586206717e-01
8.930700778642937099e-01
7.030478309232480738e-01
9.436040044493883006e-01
9.177641824249165303e-01
6.857508342602891549e-01
6.821078976640713165e-01
7.209343715239154848e-01
8.269187986651834743e-01
9.333926585094549644e-01
9.439377085650724197e-01
9.360066740823136389e-01
9.445105672969966726e-01
9.451279199110123042e-01
9.461179087875417615e-01
6.898164627363737589e-01
9.415684093437152180e-01
7.246051167964404627e-01
6.745383759733036833e-01
9.433259176863181272e-01
9.354949944382648930e-01
9.347608453837596976e-01
9.448720800889877092e-01
8.920800889877642526e-01
4.980422691879866082e-01
9.430700778642936433e-01
9.354949944382647820e-01
6.945494994438263792e-01
9.357730812013348443e-01
7.166740823136819039e-01
9.403114571746384875e-01
8.866852057842047330e-01
7.231034482758621484e-01
7.381312569521691902e-01
9.422691879866518239e-01
8.818687430478309164e-01
6.859844271412680605e-01
9.416907675194661209e-01
9.429143492769744839e-01
7.718464961067852403e-01
9.378809788654060009e-01
9.367964404894327801e-01
9.417575083426028559e-01
9.369632925472747287e-01
9.422691879866518239e-01
9.369466073414904894e-01
9.432647385984427313e-01
8.854060066740823132e-01
9.374860956618464858e-01
8.133592880978866013e-01
9.420689655172413968e-01
7.832591768631813611e-01
9.424249165739710943e-01
9.333926585094549644e-01
7.254171301446051823e-01
8.707341490545050799e-01
6.918965517241379981e-01
9.030923248053391861e-01
7.713570634037820728e-01
6.956840934371524288e-01
9.344716351501668461e-01
7.542269187986652135e-01
9.062458286985540790e-01
9.386318131256952135e-01
9.381201334816463566e-01
9.441824249165740035e-01
7.717130144605116593e-01
7.324582869855396083e-01
8.166295884315907250e-01
9.425472747497218862e-01
8.758064516129032695e-01
8.528142380422691904e-01
9.406006674082313390e-01
9.473637374860957028e-01
9.456062291434927936e-01
9.428476084538376378e-01
7.309677419354838612e-01
9.311679644048942439e-01
8.922747497219132295e-01
7.245272525027809385e-01
8.949666295884317613e-01
7.246941045606229981e-01
7.262958843159066369e-01
7.159844271412680872e-01
7.297552836484982874e-01
9.355951056729699955e-01
9.391323692992213923e-01
9.386206896551724244e-01
7.259621802002225177e-01
9.200111234705228291e-01
9.399443826473858898e-01
5.000000000000000000e-01
7.964961067853170151e-01
6.553448275862068240e-01
9.426362625139044216e-01
7.968520578420468237e-01
9.367074527252502447e-01
8.146941045606229670e-01
9.302224694104561653e-01
6.147830923248053248e-01
6.970300333704115836e-01
5.000000000000000000e-01
8.598665183537265166e-01
7.121023359288097820e-01
6.904004449388209119e-01
7.330478309232479894e-01
6.974193548387095376e-01
6.323248053392659385e-01
7.157285873192436032e-01
5.393047830923247687e-01
6.800111234705228380e-01
9.246607341490544751e-01
7.220578420467186342e-01
7.263181312569522152e-01
7.463793103448275179e-01
7.119354838709677225e-01
7.301668520578420418e-01
7.825806451612904446e-01
9.453170189098999421e-01
9.455172413793103692e-01
9.500778642936595908e-01
6.951279199110123042e-01
6.898220244716350980e-01
6.929421579532814013e-01
8.290211345939934029e-01
7.260066740823136744e-01
6.957619577308120640e-01
8.105561735261401779e-01
9.474082313681869705e-01
6.853615127919910899e-01
6.859510567296996930e-01
7.321023359288099108e-01
9.400889877641823711e-01
9.477196885428254003e-01
9.237208008898776246e-01
9.063959955506117883e-01
9.417575083426029670e-01
7.051835372636262589e-01
9.412124582869855205e-01
9.437597330367074600e-01
8.282313681868742616e-01
9.266740823136818683e-01
9.409010011123470907e-01
8.897664071190212187e-01
9.410122358175750934e-01
8.183426028921023665e-01
9.109010011123471751e-01
7.509454949944383007e-01
9.371968854282536343e-01
9.376418242491657562e-01
9.414015572858731584e-01
8.587541713014459344e-01
9.438264738598441950e-01
9.436484983314794572e-01
9.393103448275863521e-01
7.213681868743047065e-01
9.384204671857621083e-01
6.899666295884316902e-01
7.125139043381535364e-01
9.232591768631812634e-01
9.389098998887652758e-01
7.473692992213570863e-01
9.193993325917686477e-01
7.394660734149054448e-01
8.844994438264738301e-01
9.483537263626252711e-01
8.807007786429366103e-01
8.274749721913237099e-01
7.377530589543938033e-01
9.389655172413792217e-01
7.452725250278087188e-01
9.450945494994438256e-01
9.421913236929921887e-01
8.431034482758621440e-01
7.802892102335929891e-01
9.387597330367074555e-01
9.404671857619577580e-01
8.516796440489433628e-01
9.458620689655172775e-01
7.722024471635149379e-01
9.400778642936595819e-01
9.348387096774194438e-01
8.270745272525028557e-01
8.260289210233593415e-01
7.847942157953281539e-01
7.649610678531701957e-01
9.451501668520578825e-01
5.129032258064516459e-01
9.455617352614015259e-01
8.402335928809788745e-01
9.285873192436040480e-01
5.382480533926585764e-01
9.333815350389321752e-01
9.417352614015572776e-01
9.459955506117909696e-01
9.409121245828699909e-01
9.337152391546162944e-01
9.459288097886541236e-01
9.404671857619577580e-01
7.354338153503892084e-01
9.323637374860955784e-01
9.326140155728587233e-01
7.828921023359287634e-01
7.294438264738598576e-01
8.395105672969966903e-01
4.954949944382647797e-01
7.408676307007787676e-01
7.765517241379309432e-01
9.374749721913238076e-01
7.154838709677419084e-01
9.377308120133484026e-01
9.323915461624026069e-01
9.387208008898776379e-01
9.296774193548387188e-01
6.705116796440488969e-01
9.401946607341490347e-01
8.735038932146831359e-01
9.219299221357063479e-01
6.794605116796440525e-01
8.397775305895439635e-01
6.896106785317019927e-01
9.368409343715240478e-01
7.538598442714127268e-01
9.364961067853170285e-01
7.592102335928809786e-01
9.390656284760845463e-01
9.337819799777531404e-01
7.018409343715239501e-01
9.460511679644050265e-01
8.229977753058954626e-01
9.511679644048943727e-01
6.930589543937708541e-01
9.470411568409343728e-01
7.530144605116796397e-01
6.929810901001112189e-01
6.945272525027808008e-01
6.922135706340377670e-01
9.193770856507230693e-01
7.018353726362625000e-01
8.347163515016684521e-01
9.484427141268075845e-01
9.503781979977753425e-01
7.318909899888765835e-01
9.450166852057841904e-01
8.598109010011123488e-01
9.471857619577308540e-01
9.471857619577308540e-01
9.458064516129032206e-01
9.116462736373749376e-01
7.452391546162402403e-01
9.418909899888765480e-01
8.095661846496107206e-01
9.417575083426028559e-01
9.401334816462736388e-01
9.457508342602892748e-01
9.458509454949944883e-01
9.357285873192435766e-01
6.922691879866518239e-01
9.462847608453838211e-01
9.440711902113460008e-01
9.456395995550612721e-01
9.462068965517240748e-01
9.381646273637375133e-01
9.457619577308120640e-01
9.453948832035594663e-01
9.436818687430478247e-01
9.416685205784205426e-01
9.440155728587319439e-01
9.474304783092324378e-01
9.435595105672970329e-01
9.451835372636262500e-01
9.458286985539487990e-01
9.451946607341490392e-01
9.445939933259176469e-01
9.466518353726363078e-01
9.426251390433815214e-01
9.437263626251390924e-01
9.402335928809788523e-01
9.443381535038931629e-01
9.470300333704115836e-01
9.432814238042269706e-01
9.442714126807564279e-01
9.487652947719689145e-01
9.470077864293658942e-01
9.411568409343715746e-01
9.468298109010011565e-01
9.425472747497218862e-01
9.410789766407119394e-01
9.434037819799777624e-01
9.455506117908788477e-01
9.458731924360400667e-01
9.438820912124583629e-01
9.402780867630700090e-01
9.414571746384872153e-01
9.430144605116795864e-01
9.426028921023359430e-01
9.407230255839821309e-01
9.436929922135707249e-01
9.367185761957731449e-01
9.428253615127919485e-01
9.430255839822024866e-01
9.445161290322581227e-01
9.455283648498331583e-01
9.450834260289210365e-01
9.416462736373748532e-01
9.360177975528363170e-01
9.399221357063404225e-01
9.390433815350389679e-01
9.396662958843158275e-01
9.390767519466074464e-01
9.416573971078976424e-01
5.037819799777530916e-01
9.473414905450501244e-01
9.383870967741936298e-01
9.392324805339266058e-01
9.443159065628476956e-01
9.400333704115684252e-01
9.406562847608453959e-01
9.397330367074526736e-01
9.435372636262513435e-01
9.390878754171301246e-01
9.452947719688543637e-01
9.414571746384872153e-01
9.376195773081201779e-01
9.379421579532813968e-01
9.401779755283649065e-01
9.406562847608453959e-01
9.381979977753058808e-01
9.332480533926585942e-01
9.457619577308120640e-01
9.441156840934370464e-01
9.391546162402669706e-01
9.377196885428253914e-01
9.408120133481646663e-01
9.314015572858732606e-01
9.316017797552836877e-01
9.376974416017798131e-01
9.414794215795327936e-01
9.411902113459400532e-01
9.412347052280310988e-01
9.357730812013348443e-01
9.378865406006674510e-01
9.454393770856507340e-01
9.469076751946607917e-01
9.410678531701890392e-01
9.424137931034483051e-01
9.298665183537263568e-01
9.395661846496108360e-01
9.421468298109010320e-01
9.296551724137930295e-01
9.360511679644049066e-01
9.365517241379309743e-01
9.361846496106784876e-01
9.392547274749721842e-01
9.405895439377085498e-01
7.278086763070077403e-01
9.241935483870967749e-01
9.455951056729698934e-01
7.098331479421580159e-01
7.115906562847608141e-01
5.000000000000000000e-01
9.473971078976640703e-01
9.478420467185763032e-01
7.208676307007787498e-01
6.872302558398220018e-01
9.495773081201335231e-01
9.467630700778643105e-01
9.479532814238043059e-01
9.501668520578422372e-01
6.924249165739710943e-01
6.949944382647386121e-01
9.399221357063403115e-01
9.458286985539489100e-01
9.409899888765295151e-01
9.470522803114571619e-01
9.462291434927697642e-01
9.436929922135706139e-01
6.966852057842046753e-01
9.470634037819800621e-01
9.438264738598441950e-01
9.420022246941045507e-01
9.282313681868742394e-01
9.479087875417129272e-01
9.495773081201335231e-01
9.459288097886541236e-01
9.209788654060067081e-01
9.385873192436040569e-01
9.477864293659621353e-01
6.821190211345939947e-01
9.489766407119022418e-01
9.470411568409343728e-01
9.441379310344827358e-01
9.403670745272525444e-01
9.445050055617352225e-01
9.338375973303670863e-01
9.402558398220245417e-01
9.390211345939933896e-01
9.394549499443825002e-01
9.458843159065628559e-01
9.433370411568410274e-01
9.442380422691879494e-01
9.445606229143492794e-01
9.451612903225805606e-01
9.434371523915462410e-01
9.437374860956619926e-01
9.438709677419354627e-01
9.433370411568410274e-01
9.475194660734148622e-01
9.458064516129032206e-01
9.444827586206896441e-01
9.465183537263626157e-01
9.384315906562847864e-01
9.439822024471635764e-01
9.414460511679644261e-01
9.415795328142380072e-01
9.440711902113458898e-01
9.438932146829811520e-01
9.393103448275862410e-01
9.428476084538376378e-01
9.420133481646274509e-01
9.468409343715239457e-01
9.437819799777530383e-01
9.450278086763069796e-01
9.436596218020022464e-01
5.755172413793103736e-01
9.423692992213570374e-01
9.422914349276975132e-01
9.383203559510567837e-01
9.405672969966629715e-01
9.397552836484983629e-01
9.424916573971079403e-01
4.768743047830923398e-01
9.410011123470523042e-01
9.366184649610679314e-01
9.440711902113460008e-01
9.399332591768632117e-01
9.434816462736373976e-01
9.421690767519466103e-01
9.373637374860956939e-01
9.417797552836484343e-01
9.380088987764183539e-01
9.399332591768632117e-01
9.434482758620689191e-01
9.403003337041156984e-01
9.421134593993326645e-01
9.362847608453838122e-01
9.411345939933259963e-01
9.410011123470524153e-01
9.352836484983314547e-01
9.403781979977753336e-01
9.370077864293658854e-01
9.339488320355952000e-01
9.369966629588432072e-01
9.410789766407119394e-01
9.364627363737485499e-01
9.391101223581758140e-01
9.369410456062290393e-01
9.364293659621800714e-01
9.412235817575083097e-01
9.427474972191324243e-01
9.315350389321467306e-01
9.391212458286986031e-01
9.392992213570634519e-01
9.377196885428253914e-01
9.420578420467186076e-01
9.368298109010011476e-01
9.392769744160178735e-01
9.438375973303672062e-01
9.403781979977753336e-01
9.334593993325916994e-01
9.336373748609565482e-01
9.327474972191325264e-01
9.420022246941045507e-01
9.315350389321468416e-01
9.344493882091213788e-01
9.295105672969966593e-01
9.418687430478309697e-01
9.363292547274749689e-01
9.395550611790879358e-01
9.365850945494994528e-01
9.382869855394883052e-01
9.371857619577308451e-01
9.435595105672970329e-01
6.849610678531702357e-01
6.864182424916573932e-01
9.426473859844270997e-01
6.966073414905450401e-01
6.970745272525028513e-01
6.887652947719689056e-01
6.889321468298109652e-01
9.457508342602891638e-01
7.265962180200222775e-01
9.449054505005561877e-01
6.904115684093437011e-01
9.478420467185761922e-01
9.309566184649611387e-01
6.964071190211345019e-01
6.822135706340379802e-01
9.468298109010011565e-01
9.484427141268075845e-01
9.416796440489432207e-01
9.443715239154616414e-01
7.959510567296995687e-01
8.962180200222469306e-01
9.466518353726363078e-01
9.441601779755284252e-01
9.459176863181313344e-01
9.434816462736373976e-01
9.455061179087875800e-01
9.502447163515017614e-01
9.452947719688543637e-01
8.003559510567297419e-01
9.404449388209121796e-01
8.400667408231368150e-01
9.466073414905450401e-01
9.471412680756396973e-01
9.474860956618464947e-01
9.428142380422691593e-01
9.496329254727474689e-01
6.961179087875417615e-01
9.464071190211346130e-01
9.438375973303670952e-01
9.384760845383759431e-01
9.454616240266964233e-01
9.460400444938821263e-01
9.422580645161290347e-01
7.393325917686319748e-01
9.433815350389321841e-01
9.451501668520579935e-01
9.444938820912124333e-01
9.462847608453837100e-01
9.364627363737485499e-01
9.407007786429366636e-01
9.427363737486097461e-01
9.420355951056730293e-01
9.437819799777530383e-01
9.424582869855394618e-01
9.440934371523915791e-01
9.383982202447164189e-01
9.407786429365961878e-01
9.414682981090100045e-01
9.436151279199110897e-01
9.427586206896552135e-01
9.415127919911011611e-01
9.446829810901000712e-01
9.398665183537262546e-01
9.448164627363737633e-01
9.423136818687430916e-01
9.448053392658509742e-01
9.449332591768631051e-01
9.368854282536152045e-01
9.430923248053393326e-01
9.421023359288097643e-01
9.395439377085650356e-01
9.407452725250278203e-01
9.398442714126807873e-01
7.745717463848721396e-01
9.377196885428253914e-01
9.367296996662958231e-01
9.447052280311457606e-01
9.468631813125696350e-01
9.402669632925473309e-01
9.426807563959955782e-01
9.376418242491657562e-01
9.428809788654060053e-01
9.418242491657398130e-01
9.410567296996663611e-01
9.451835372636263610e-01
9.395995550611790925e-01
9.395773081201335142e-01
9.413681868743047909e-01
9.373971078976640614e-01
9.354727474972190926e-01
7.608453837597329850e-01
9.400444938820913254e-01
9.371635150166851558e-01
9.356840934371524199e-01
9.420355951056729182e-01
9.396329254727474600e-01
9.325139043381536208e-01
9.374304783092325399e-01
9.370522803114571531e-01
9.460511679644049154e-01
9.364182424916573932e-01
9.435595105672970329e-01
9.359399332591769038e-01
9.371078976640712099e-01
7.422469410456062899e-01
9.342269187986652623e-01
9.422803114571747241e-01
9.392658509454949733e-01
9.396885428253615169e-01
9.391991101223582383e-01
9.409010011123470907e-01
9.358620689655172686e-01
9.442936596218021172e-01
9.415572858731924288e-01
9.373303670745274374e-01
9.368409343715239368e-01
9.344271412680755784e-01
9.400000000000000577e-01
9.362291434927697553e-01
9.419132369299221264e-01
9.395773081201335142e-01
9.338932146829811431e-01
9.421913236929921887e-01
9.380867630700779891e-01
9.389432703003336433e-01
9.309677419354839278e-01
9.407341490545049201e-01
9.357730812013348443e-01
9.480867630700778870e-01
9.427474972191324243e-01
9.488876529477197064e-01
9.447942157953281850e-01
9.459955506117909696e-01
9.436040044493881895e-01
9.448609566184650310e-01
9.484538375973303737e-01
9.430589543937708541e-01
9.423136818687430916e-01
9.469299221357063701e-01
9.465072302558399375e-01
9.450389321468298798e-01
9.466740823136818861e-01
9.500444938820912233e-01
9.440600667408231006e-01
9.454838709677420017e-01
9.447385984427141281e-01
9.430033370411567972e-01
9.442602892102336387e-01
9.476084538375972866e-01
9.483537263626251601e-01
9.464738598442713480e-01
9.479532814238041949e-01
9.457730812013347421e-01
9.466852057842046753e-01
9.472191323692992215e-01
9.430812013348165435e-01
9.426140155728587322e-01
9.424471635150167836e-01
9.422358175750833453e-01
7.294660734149054360e-01
9.402892102335927982e-01
9.437819799777529273e-01
9.405895439377086609e-01
9.457730812013348531e-01
9.415350389321468505e-01
9.416796440489433317e-01
9.418242491657397020e-01
9.404449388209121796e-01
9.482424916573970464e-01
9.437597330367075710e-01
9.373303670745272154e-01
9.474860956618464947e-01
9.422469410456062455e-01
9.467408231368187321e-01
9.371190211345939991e-01
9.401223581757508496e-01
9.458286985539489100e-01
9.442380422691879494e-01
9.444382647385983764e-01
9.368298109010011476e-01
9.432703003337041814e-01
9.462847608453838211e-01
9.416573971078976424e-01
9.349276974416017572e-01
9.424137931034481941e-01
9.372080088987765345e-01
9.426140155728588432e-01
9.370300333704115747e-01
9.460066740823137588e-01
9.402002224694104848e-01
9.432035595105673353e-01
9.436040044493883006e-01
9.443715239154616414e-01
9.451946607341491502e-01
9.362068965517241770e-01
9.369299221357063612e-01
9.376418242491657562e-01
9.350500556173526601e-01
9.398998887652947332e-01
9.392880978865406627e-01
9.413348164627363124e-01
9.383870967741936298e-01
9.402669632925473309e-01
9.371746384872080560e-01
9.396662958843159386e-01
9.442714126807564279e-01
9.398442714126806763e-01
9.408676307007787232e-01
9.367853170189099909e-01
9.396662958843158275e-01
9.382202447163515702e-01
9.445494994438264902e-01
9.359065628476084253e-01
9.411457174638486745e-01
9.463848720800889236e-01
9.378197997775306050e-01
9.410344827586207828e-01
9.406006674082314500e-01
9.431813125695216460e-01
9.395105672969966681e-01
9.412680756395995774e-01
9.391879866518353381e-01
9.372969966629588479e-01
9.426918798665183674e-01
9.381090100111234564e-01
9.408676307007787232e-01
9.337263626251391946e-01
9.362291434927696443e-01
9.389877641824249110e-01
9.372969966629589589e-01
9.372525027808675802e-01
9.411012235817574068e-01
9.421134593993325534e-01
9.384538375973303648e-01
9.377641824249167701e-01
9.326251390433816235e-01
9.414460511679645371e-01
9.331479421579532696e-01
9.326140155728587233e-01
9.369187986651835720e-01
9.309343715239153383e-01
9.428476084538376378e-01
9.320244716351502312e-01
9.313236929922136254e-01
9.398887652947720550e-01
9.305839822024472019e-01
9.439488320355950979e-01
9.351390433815350844e-01
9.360511679644049066e-01
9.444160177975529091e-01
9.341156840934371486e-01
9.339933259176863567e-01
9.444605116796440658e-01
9.376195773081201779e-01
9.361957730812012768e-01
9.270411568409343550e-01
9.501668520578420152e-01
9.472747497219132784e-01
9.325583982202447775e-01
9.388987764182425977e-01
9.456173526140156937e-01
9.472302558398220107e-01
9.446607341490546039e-01
9.468409343715238347e-01
9.458175750834260098e-01
9.475194660734149732e-01
9.460177975528365479e-01
9.453615127919909877e-01
9.455506117908787367e-01
9.439043381535039412e-01
9.414571746384873263e-01
9.441935483870969037e-01
9.447497219132370283e-01
9.487541713014461253e-01
9.460734149054504938e-01
9.445272525027808008e-01
9.447719688542824956e-01
9.413348164627364234e-01
9.449610678531702446e-01
9.397664071190211521e-01
9.452057842046719394e-01
9.429477196885429624e-01
9.482869855394883141e-01
9.422358175750834564e-01
9.454616240266963123e-01
9.439822024471635764e-01
9.442380422691880604e-01
9.438153503893214058e-01
9.462402669632925534e-01
9.404783092324806582e-01
9.420578420467186076e-01
9.420133481646273399e-01
9.432369299221357029e-01
9.405561735261401823e-01
9.414015572858731584e-01
9.470967741935483186e-01
9.378754171301446618e-01
9.435150166852057652e-01
9.372525027808675802e-01
9.489432703003337632e-01
9.438042269187987277e-01
9.428253615127920595e-01
9.462847608453838211e-01
9.399110122358176334e-01
9.392769744160178735e-01
9.404894327030033363e-01
9.443270300333703737e-01
9.426362625139044216e-01
9.441713014460512143e-01
9.406896551724138744e-01
9.396662958843159386e-01
9.409454949944383584e-01
9.398109010011123088e-01
9.449499443826473444e-01
9.402447163515017525e-01
9.414794215795327936e-01
9.443492769744160631e-01
9.419688542825361832e-01
9.411123470522803069e-01
9.393882091212458763e-01
9.381201334816463566e-01
9.400778642936595819e-01
9.422358175750834564e-01
9.429588431590656405e-01
9.372413793103447910e-01
9.377085650723024912e-01
9.452502780867630960e-01
9.399332591768631007e-01
9.438598442714126735e-01
9.322580645161290258e-01
9.401446051167964280e-01
9.409566184649610365e-01
9.402669632925474419e-01
9.363737486095662366e-01
9.408342602892102446e-01
9.455839822024472152e-01
9.372969966629589589e-01
9.348609566184649111e-01
9.387096774193548487e-01
9.359510567296996930e-01
9.377085650723026022e-01
9.431368186874304893e-01
9.406340378197999286e-01
9.426473859844272107e-01
9.348164627363737544e-01
9.408231368186874555e-01
9.343047830923248975e-01
9.410789766407119394e-01
9.403893214682981228e-01
9.286985539488320507e-01
9.441824249165740035e-01
9.340823136818687811e-01
9.410233592880978826e-01
9.427919911012235810e-01
9.427586206896552135e-01
9.420578420467186076e-01
9.345606229143493815e-01
9.352836484983315657e-01
9.361957730812013878e-01
9.437152391546163033e-01
9.381201334816463566e-01
9.356729699666296307e-01
9.397107897664070952e-01
9.328476084538376290e-01
9.385205784204672108e-01
9.322135706340378691e-01
9.394883203559510898e-01
9.332146829810901156e-01
9.281868743047831938e-01
9.281090100111234475e-01
9.421023359288098753e-01
9.364849833147942393e-01
9.389655172413793327e-01
9.412458286985539990e-01
9.323692992213570285e-01
9.377753058954394483e-01
9.346829810901000624e-01
9.330144605116796885e-01
9.272413793103448931e-01
9.365072302558399286e-01
9.436707452725250356e-01
9.418798665183537588e-01
9.393325917686318194e-01
9.253170189098999243e-01
9.464627363737486698e-01
9.466852057842046753e-01
9.422246941045605562e-01
9.472969966629588567e-01
9.421468298109010320e-01
9.466518353726363078e-01
9.468965517241378915e-01
9.478309232480535140e-01
9.460066740823137588e-01
9.405228031145718148e-01
9.411679644048943638e-01
9.449499443826474554e-01
9.460289210233594481e-01
9.433704115684093949e-01
9.473748609566184919e-01
9.476751946607341326e-01
9.430367074527252758e-01
9.479421579532815167e-01
9.450166852057841904e-01
9.429699666295884297e-01
9.445606229143492794e-01
9.456840934371524288e-01
9.360511679644050176e-01
9.452057842046719394e-01
9.491768631813125578e-01
9.394660734149055115e-01
9.479644048943269841e-01
9.426473859844272107e-01
9.436707452725250356e-01
9.425361512791992080e-01
9.424026696329255159e-01
9.439822024471635764e-01
9.437263626251390924e-01
9.433147942157953381e-01
9.467408231368187321e-01
9.425583982202447864e-01
9.421245828698554536e-01
9.470745272525027403e-01
9.423915461624027268e-01
9.447052280311456496e-01
9.406117908787542392e-01
9.405561735261401823e-01
9.421134593993326645e-01
9.415239154616240613e-01
9.406562847608453959e-01
9.405561735261401823e-01
9.433815350389322951e-01
9.462513904338153425e-01
9.361957730812013878e-01
9.464961067853170373e-01
9.442936596218021172e-01
9.362736373748610230e-01
9.396996662958843061e-01
9.418687430478309697e-01
9.437931034482758275e-01
9.385428253615127892e-01
9.419911012235817616e-01
9.420355951056730293e-01
9.362402669632924335e-01
9.400000000000000577e-01
9.410344827586207828e-01
9.437708565072303601e-01
9.475528364849834517e-01
9.428587319243604270e-01
9.400222469410456361e-01
9.372636262513904803e-01
9.421579532814238211e-01
9.433926585094549733e-01
9.289321468298110673e-01
9.367853170189099909e-01
9.415239154616240613e-01
9.371857619577308451e-01
9.444716351501668550e-01
9.404671857619577580e-01
9.448164627363737633e-01
9.405005561735262365e-01
9.434705228031144975e-01
9.419577308120133941e-01
9.406006674082314500e-01
9.400556173526140036e-01
9.471523915461623755e-01
9.348609566184649111e-01
9.398887652947719440e-01
9.417018909899889101e-01
9.399555061179087900e-01
9.421468298109010320e-01
9.358843159065628470e-01
9.429143492769744839e-01
9.412347052280310988e-01
9.389098998887652758e-01
9.426807563959954672e-01
9.377753058954393373e-01
9.389877641824249110e-01
9.422358175750834564e-01
9.432480533926584920e-01
9.407675194660733986e-01
9.355728587319243061e-01
9.330144605116795775e-01
9.352169076751946086e-01
9.453058954393770419e-01
9.291768631813125401e-01
9.408787541713015123e-01
9.382869855394883052e-01
9.414571746384872153e-01
9.391768631813125490e-01
9.388431590656285408e-01
9.483537263626251601e-01
9.452725250278086744e-01
9.414238042269188478e-01
9.398442714126807873e-01
9.341935483870967838e-01
9.354393770856507251e-01
9.357508342602892659e-01
9.370077864293658854e-01
9.375750834260289102e-01
9.430144605116798084e-01
9.354060066740822466e-01
9.376418242491658672e-01
9.404449388209121796e-01
9.409899888765294040e-01
9.379421579532813968e-01
9.329032258064515748e-01
9.334037819799777536e-01
9.342825361512792082e-01
9.420689655172412857e-01
9.403337041156840659e-01
9.442714126807565389e-01
9.392992213570634519e-01
