3.980891719750000342e-03 9.856687898089999678e-01 6.369426751590000386e-03 3.980891719750000342e-03
3.527070063689999868e-01 4.251592356689999908e-01 1.576433121019999994e-01 6.449044585990000578e-02
3.447452229299999837e-01 2.866242038219999830e-02 3.105095541399999770e-01 3.160828025479999748e-01
2.969745222929999762e-01 3.582802547769999707e-02 5.270700636940000017e-01 1.401273885350000081e-01
6.926751592360000376e-02 4.394904458600000230e-01 4.617834394900000028e-01 2.945859872609999860e-02
1.401273885350000081e-01 3.558917197450000014e-01 4.562101910829999829e-01 4.777070063689999729e-02
3.192675159239999894e-01 1.265923566880000073e-01 4.665605095540000247e-01 8.757961783440000592e-02
1.162420382169999933e-01 1.385350318470000008e-01 1.472929936310000132e-01 5.979299363059999983e-01
8.320063694270000143e-01 4.378980891720000296e-02 8.519108280249999832e-02 3.901273885349999804e-02
8.869426751590000491e-01 2.547770700640000080e-02 1.671974522290000167e-02 7.085987261149999383e-02
6.369426751590000386e-03 1.353503184710000071e-02 1.831210191079999869e-02 9.617834394900000028e-01
3.582802547769999707e-02 8.240445859870000334e-01 3.105095541399999909e-02 1.090764331210000021e-01
