4.728618421049999854e-01 1.233552631579999947e-01 7.976973684209999471e-02 3.240131578950000146e-01
2.976973684209999749e-01 1.726973684210000026e-01 9.046052631580000711e-03 5.205592105259999602e-01
9.432565789469999906e-01 2.878289473679999932e-02 2.220394736839999966e-02 5.756578947370000199e-03
3.947368421050000131e-02 3.527960526319999790e-01 5.370065789469999906e-01 7.072368421050000131e-02
8.799342105259999602e-02 7.154605263159999340e-02 1.134868421049999992e-01 7.269736842109999486e-01
2.524671052629999801e-01 6.282894736840000105e-01 1.167763157889999959e-01 2.467105263160000121e-03
0.000000000000000000e+00 2.277960526320000068e-01 4.851973684209999749e-01 2.870065789469999906e-01
6.603618421050000409e-01 8.223684210529999539e-02 1.513157894740000120e-01 1.060855263160000034e-01
7.845394736840000105e-01 1.562500000000000000e-02 1.735197368420000053e-01 2.631578947369999852e-02
1.143092105260000019e-01 7.401315789470000461e-02 1.628289473679999932e-01 6.488486842109999486e-01
2.960526315789999835e-02 9.580592105259999602e-01 0.000000000000000000e+00 1.233552631580000017e-02
3.042763157890000097e-02 6.447368421050000409e-01 3.174342105260000158e-01 7.401315789470000114e-03
