1.845082680590000024e-01 3.881636205399999762e-01 1.836379460399999997e-01 2.436901653609999940e-01
8.964316797209999355e-02 3.437771975630000143e-01 3.925152306349999898e-01 1.740644038289999862e-01
2.175805047870000009e-01 3.420365535250000089e-01 1.975630983459999990e-01 2.428198433419999913e-01
3.011314186249999802e-01 3.498694516970000112e-01 1.279373368149999968e-01 2.210617928630000117e-01
1.392515230640000053e-02 9.573542210619999729e-03 8.807658833770000140e-01 9.573542210619999382e-02
2.175805047870000078e-02 8.938207136639999550e-01 6.875543951260000564e-02 1.566579634460000051e-02
8.311575282850000024e-01 4.264577893819999910e-02 9.138381201039999513e-02 3.481288076590000058e-02
1.827676240210000108e-02 9.007832898169999547e-01 4.612706701480000226e-02 3.481288076590000058e-02
2.436901653610000149e-02 7.397737162749999651e-02 8.659704090509999785e-01 3.568320278499999970e-02
2.001740644039999920e-02 1.131418624889999995e-02 2.785030461270000118e-02 9.408181026980000361e-01
1.914708442120000020e-02 1.218450826810000068e-02 9.451697127939999721e-01 2.349869451699999889e-02
0.000000000000000000e+00 1.000000000000000000e+00 0.000000000000000000e+00 0.000000000000000000e+00
