1.674140508220000045e-01 2.630792227200000055e-01 2.892376681609999944e-01 2.802690582960000176e-01
2.144992526160000024e-01 3.908819133029999837e-01 2.204783258590000128e-01 1.741405082209999955e-01
2.892376681609999944e-01 1.636771300450000077e-01 2.757847533630000125e-01 2.713004484300000074e-01
2.989536621820000108e-03 3.408071748879999974e-01 6.487294469359999871e-01 7.473841554559999649e-03
6.726457399100000366e-03 9.775784753359999524e-01 6.726457399100000366e-03 8.968609865470000136e-03
9.566517189840000324e-01 9.715994020929999420e-03 2.765321375190000000e-02 5.979073243650000029e-03
2.242152466369999944e-02 9.103139013450000094e-01 4.932735426010000090e-02 1.793721973090000102e-02
9.715994020929999420e-03 1.793721973090000102e-02 9.551569506729999937e-01 1.718983557549999888e-02
2.989536621820000108e-03 1.121076233179999979e-02 4.484304932740000409e-03 9.813153961139999826e-01
5.231689088189999878e-03 4.484304932740000409e-03 9.872944693570000485e-01 2.989536621820000108e-03
2.914798206280000067e-02 5.680119581460000289e-01 1.449925261580000124e-01 2.578475336320000255e-01
2.384155455899999998e-01 1.883408071750000135e-01 4.260089686099999828e-01 1.472346786250000039e-01
