1.389324960749999949e-01 2.951334379910000028e-01 2.237048665620000043e-01 3.422291993720000258e-01
4.591836734690000199e-01 1.318681318680000047e-01 1.185243328099999938e-01 2.904238618519999759e-01
1.852433280999999932e-01 1.318681318680000047e-01 2.543171114600000227e-01 4.285714285710000016e-01
7.770800627939999927e-02 1.954474097330000104e-01 6.766091051810000367e-01 5.023547880689999828e-02
5.494505494510000011e-03 9.513343799060000050e-01 3.218210361070000108e-02 1.098901098900000040e-02
9.646781789639999882e-01 6.279434850860000049e-03 1.962323390890000074e-02 9.419152276300000320e-03
2.197802197800000079e-02 9.560439560440000539e-01 2.119309262170000069e-02 7.849293563580000401e-04
1.169544740969999941e-01 1.883830455260000064e-02 8.563579277859999506e-01 7.849293563580000618e-03
1.177394034540000037e-02 7.064364207219999900e-03 8.634222919939999602e-03 9.725274725270000031e-01
1.569858712719999919e-03 1.883830455260000064e-02 9.756671899529999470e-01 3.924646781790000309e-03
4.160125588699999793e-02 6.028257456829999583e-01 8.084772370489999582e-02 2.747252747250000238e-01
2.213500784930000076e-01 4.890109890109999857e-01 1.687598116169999884e-01 1.208791208790000044e-01
