4.204458109149999956e-01 1.944657955419999973e-01 1.998462720979999885e-01 1.852421214449999909e-01
9.992313604920000092e-02 1.821675634129999999e-01 2.221368178320000109e-01 4.957724827059999950e-01
7.225211375859999507e-02 3.366641045350000083e-01 5.588009223669999637e-01 3.228285933899999877e-02
8.455034588780000609e-03 9.807840122980000519e-01 7.686395080709999827e-03 3.074558032280000092e-03
9.661798616450000265e-01 1.229823212910000074e-02 1.076095311300000017e-02 1.076095311300000017e-02
1.045349730980000003e-01 8.585703305149999798e-01 2.536510376629999911e-02 1.152959262109999952e-02
6.917755572639999739e-02 3.074558032280000092e-03 9.146810146039999756e-01 1.306687163720000010e-02
4.611837048420000355e-03 3.074558032280000092e-03 1.152959262109999952e-02 9.807840122980000519e-01
7.686395080709999827e-03 1.460415065330000067e-02 9.730976172180000328e-01 4.611837048420000355e-03
1.691006917760000047e-02 4.142966948499999802e-01 1.421983089930000110e-01 4.265949269789999776e-01
3.074558032279999797e-01 3.996925441970000104e-01 1.206764027669999934e-01 1.721752498080000027e-01
2.836279784779999757e-01 4.043043812450000107e-01 1.775557263639999939e-01 1.345119139119999863e-01
