1.358234295419999925e-02 5.093378607810000215e-03 9.796264855690000051e-01 1.697792869269999999e-03
5.093378607810000215e-03 9.821731748730000433e-01 1.273344651949999927e-02 0.000000000000000000e+00
9.185059422750000424e-01 1.867572156200000139e-02 4.923599320879999686e-02 1.358234295419999925e-02
1.697792869270000130e-02 9.626485568760000389e-01 1.188455008489999916e-02 8.488964346350000648e-03
3.225806451609999903e-02 6.536502546689999804e-02 8.845500848899999768e-01 1.782682512730000141e-02
5.772495755519999744e-02 3.904923599320000299e-02 3.056027164689999881e-02 8.726655348049999761e-01
8.404074702890000637e-02 4.584040747030000001e-02 7.971137521219999744e-01 7.300509337860000558e-02
1.018675721560000080e-02 8.251273344649999730e-01 1.528013582339999947e-02 1.494057724960000111e-01
3.089983022069999752e-01 1.426146010190000035e-01 3.471986417660000157e-01 2.011884550080000056e-01
1.943972835309999980e-01 4.049235993210000273e-01 1.112054329369999983e-01 2.894736842110000041e-01
2.283531409170000137e-01 2.173174872670000091e-01 1.960950764009999903e-01 3.582342954159999926e-01
4.100169779289999927e-01 2.020373514430000017e-01 1.315789473679999932e-01 2.563667232599999846e-01
