2.727272727269999808e-01 2.593828190160000213e-01 1.801501251039999973e-01 2.877397831529999728e-01
2.051709758130000061e-01 1.484570475399999978e-01 1.351125938280000049e-01 5.112593828189999634e-01
3.252710592159999831e-02 2.502085070889999846e-02 9.307756463720000539e-01 1.167639699749999961e-02
1.251042535449999916e-02 9.124270225189999861e-01 5.504587155960000144e-02 2.001668056710000088e-02
9.115929941620000143e-01 7.172643869889999690e-02 9.174311926609999765e-03 7.506255212680000219e-03
2.668890742290000104e-02 9.199332777309999765e-01 3.169307756459999875e-02 2.168473728109999998e-02
9.174311926609999765e-03 3.169307756459999875e-02 9.557964970810000072e-01 3.336113427859999959e-03
2.251876563799999967e-02 3.336113427859999786e-02 4.003336113429999815e-02 9.040867389490000461e-01
1.334445371140000058e-02 2.001668056710000088e-02 9.616346955800000318e-01 5.004170141779999692e-03
3.336113427859999959e-03 7.989991659720000472e-01 3.419516263550000101e-02 1.634695579650000119e-01
2.060050041700000056e-01 3.861551292739999752e-01 1.926605504589999907e-01 2.151793160970000007e-01
2.844036697249999746e-01 2.852376980820000019e-01 2.827356130109999754e-01 1.476230191829999983e-01
