7.488512333248034114e-01
7.979950822772838848e-01
6.675307913973229645e-01
7.329409539491983372e-01
7.599773028182335022e-01
8.104562801099257641e-01
8.056386920192701862e-01
8.029294940976202666e-01
7.414746492506592013e-01
7.987405289333436853e-01
8.015220463067012080e-01
8.069181900110147243e-01
7.996083623538312590e-01
7.116234047997864742e-01
8.081086794468117507e-01
7.924988039475295842e-01
7.529901311763591565e-01
8.031019481747682098e-01
7.697348657639715430e-01
8.122475772983678288e-01
7.382703412365513307e-01
8.103116412065110019e-01
7.408960936370009298e-01
7.587534351739561034e-01
8.087984957554044119e-01
7.927880817543586645e-01
7.559719178005986917e-01
7.965931975211117955e-01
8.126036115221576539e-01
8.045594632784076605e-01
7.555713792988349997e-01
7.515437421422133113e-01
7.450238654190632914e-01
7.483728123365858131e-01
8.032688392171697389e-01
8.093325470910890385e-01
8.005874564692531115e-01
7.519665327829637702e-01
7.565393473447634687e-01
7.477386263754604023e-01
7.547146719478410315e-01
8.148844557683105894e-01
8.017223155575829985e-01
7.534129218171096154e-01
8.082533183502265128e-01
7.518274569142958663e-01
8.021562322678267298e-01
8.022007365458005967e-01
7.539692252917811199e-01
8.124033422712758634e-01
7.278007098432337507e-01
7.990409328096663710e-01
7.902847161183369495e-01
8.072408460263242880e-01
7.549594454766964668e-01
8.030685699662878374e-01
8.068569966288009487e-01
7.988740417672648420e-01
7.370353475227806594e-01
8.134714449426452276e-01
8.096663291758920966e-01
7.989185460452385978e-01
8.102560108590437515e-01
7.942344707885045096e-01
8.135938317070730008e-01
8.093770513690629054e-01
7.494409150079551774e-01
7.547257980173345260e-01
8.146174301004682761e-01
7.597770335673516007e-01
7.408070850810533070e-01
7.972941398991978401e-01
8.105007843878992979e-01
7.477831306534341582e-01
7.463701198277685744e-01
8.129485196764539845e-01
7.974610309415993692e-01
8.097887159403197588e-01
8.023342493797215313e-01
7.384149801399658708e-01
8.005095739827992052e-01
7.994080931029495796e-01
7.565560364490035994e-01
8.095439424114643234e-01
7.497079406757974906e-01
7.520889195473915434e-01
7.368462043413923634e-01
8.118692909355911258e-01
7.502419920114821172e-01
7.964485586176971443e-01
7.926211907119572464e-01
7.461809766463800564e-01
7.875477030229531827e-01
7.814617430100470052e-01
7.810612045082834243e-01
7.993302106164954512e-01
7.544476462799986072e-01
7.901623293539091764e-01
7.584975355756071735e-01
7.307880595022198111e-01
8.042590594020850858e-01
7.489569309849908318e-01
7.555491271598481218e-01
7.956363555446768210e-01
6.084402363177161543e-01
7.461030941599261501e-01
8.123032076458349682e-01
8.081309315857986286e-01
7.964374325482037609e-01
8.003649350793844430e-01
7.451907564614649315e-01
8.051825231700396879e-01
7.419975745168504444e-01
7.210583117302150624e-01
7.552487232835256581e-01
7.513100946828513704e-01
7.835868222832919061e-01
7.893501262808887420e-01
7.885490492773616911e-01
7.934556459239644477e-01
7.773784755059579554e-01
7.901845814928959433e-01
7.571290290279153457e-01
7.317504645134014218e-01
7.454021517818398834e-01
7.307379921894991970e-01
7.444230576664181420e-01
7.963261718532692601e-01
8.137050924020071685e-01
8.118915430745780037e-01
8.001980440369830250e-01
8.038807730393084938e-01
8.012438945693654002e-01
8.057277005752178090e-01
7.186328285806473648e-01
8.017000634185961205e-01
8.149400861157778397e-01
8.010324992489903373e-01
8.125034768967167587e-01
6.724930183913927495e-01
8.095550684809577069e-01
7.550373279631504841e-01
8.032910913561566169e-01
7.950911781394986999e-01
8.067401728991199228e-01
7.524004494932076126e-01
7.441782841375627067e-01
7.960480201159336744e-01
8.076858888060615138e-01
8.125368551051970201e-01
8.066066600651987661e-01
7.958032465870782390e-01
8.098665984267737761e-01
8.075635020416338516e-01
8.069515682194950967e-01
7.625362988017223564e-01
7.619243649795837126e-01
8.013551552642999010e-01
7.605336062929047847e-01
7.479611477653288487e-01
8.144839172665471194e-01
8.080864273078248727e-01
8.059279698260993774e-01
8.057388266447113034e-01
8.124144683407693579e-01
8.054718009768688791e-01
7.516104985591739451e-01
8.100557416081620721e-01
7.545255287664527355e-01
8.064731472312778315e-01
8.217937449237308067e-01
7.990186806706796041e-01
8.112239789049722205e-01
8.094771859945036896e-01
8.077192670145418862e-01
7.944569921783731781e-01
8.059279698260994884e-01
8.057722048531914538e-01
8.118915430745781148e-01
8.126481158001312988e-01
7.379143070127616166e-01
8.028460485764192800e-01
7.952580691819000069e-01
8.132155453442962978e-01
7.531904004272410580e-01
8.006097086082399894e-01
7.664192970549292827e-01
8.017723828703033906e-01
8.072853503042979328e-01
5.506569944035869524e-01
8.099111027047475320e-01
8.036582516494398254e-01
8.144616651275604635e-01
8.089208825198322961e-01
7.835200658663313833e-01
8.035247388155186687e-01
7.563724563023620506e-01
8.052159013785200603e-01
8.031575785222354602e-01
8.095439424114643234e-01
7.819067857897840090e-01
8.036026213019726860e-01
7.872139209381501246e-01
7.397389824096841648e-01
7.531458961492674131e-01
7.999087662301538337e-01
7.974054005941320078e-01
8.073521067212585667e-01
7.981397211806984249e-01
8.053605402819346004e-01
8.050490103361185312e-01
7.875922073009268276e-01
7.936670412443396216e-01
7.512878425438644925e-01
8.011548860134181105e-01
7.825520978204031364e-01
5.112317671536177333e-01
8.078082755704892870e-01
7.805939095895593205e-01
8.076080063196073855e-01
7.681772160348914191e-01
8.061171130074877844e-01
8.001646658285026525e-01
7.520555413389111710e-01
5.436030663447523059e-01
5.417728279130831215e-01
8.090210171452730803e-01
8.006097086082399894e-01
7.987294028638501908e-01
7.966265757295919459e-01
8.006764650252006232e-01
7.989407981842255868e-01
8.081309315857987396e-01
7.567952469431125095e-01
7.864350960736101737e-01
7.579301060314422855e-01
7.577298367805606061e-01
8.015220463067012080e-01
8.002648004539436588e-01
7.872584252161239915e-01
8.064063908143170867e-01
7.433883332035292613e-01
7.982954861536064595e-01
7.868022563668932712e-01
7.460697159514457777e-01
7.562611956074276609e-01
7.647281344919281132e-01
7.257757651954295230e-01
8.088430000333781678e-01
6.503855183079473301e-01
5.614715339512010850e-01
6.575896483049432639e-01
7.381312653678835378e-01
7.916643487355221609e-01
7.761323557226939007e-01
7.529790051068658840e-01
7.938561844257280287e-01
8.060837347990076340e-01
8.103116412065110019e-01
8.085314700875620986e-01
8.099111027047475320e-01
8.076525105975812524e-01
8.117135259626832022e-01
7.143492918256767465e-01
8.094771859945038006e-01
8.052159013785200603e-01
7.337531570222188826e-01
8.072074678178440266e-01
8.096440770369052187e-01
7.403842944403029591e-01
8.181221419908988324e-01
8.150179686022319681e-01
8.133824363866976048e-01
8.106899275692875939e-01
8.098554723572803926e-01
8.059947262430601223e-01
8.154073810345019435e-01
8.137050924020070575e-01
7.918534919169103459e-01
7.442116623460429681e-01
8.030574438967946760e-01
7.945793789428008402e-01
8.049043714327039911e-01
8.151848596446332751e-01
8.001980440369831360e-01
8.085314700875620986e-01
8.098554723572802816e-01
8.121474426729269336e-01
8.083979572536409419e-01
8.086427307824965993e-01
8.027681660899653737e-01
7.567841208736190151e-01
8.193460096351761202e-01
5.000000000000000000e-01
8.149957164632450901e-01
7.908187674540216872e-01
8.162974665939763952e-01
8.084090833231344364e-01
8.064063908143170867e-01
8.123699640627954910e-01
8.000867833420487463e-01
5.734654368651186385e-01
8.084980918790818372e-01
8.058055830616717152e-01
7.522113063118192056e-01
7.873251816330845143e-01
7.969269796059146316e-01
7.976501741229875542e-01
6.909066634030196496e-01
8.101002458861358280e-01
7.954027080853146581e-01
6.907842766385917654e-01
8.071740896093637652e-01
8.080753012383314893e-01
8.109458271676365237e-01
8.003871872183715430e-01
7.607561276827734531e-01
7.538913428053272137e-01
8.091100257012205921e-01
8.116912738236963243e-01
8.075523759721403572e-01
7.888049488757105099e-01
5.000000000000000000e-01
8.097442116623461139e-01
8.193682617741631091e-01
7.400282602165133561e-01
5.970749563301771534e-01
8.072185938873375211e-01
8.096997073843723580e-01
6.079173110515248002e-01
7.913861969981863531e-01
7.644054784766185495e-01
6.758753435173956436e-01
7.976613001924810487e-01
7.877590983433282457e-01
8.015331723761945915e-01
7.893612523503822365e-01
7.939451929816753184e-01
7.853113630547736701e-01
8.096440770369051076e-01
7.984623771960079885e-01
7.998753880216733503e-01
8.030129396188208091e-01
8.004761957743189438e-01
7.891387309605135680e-01
6.207567952469430494e-01
8.063730126058367143e-01
8.040142858732297615e-01
7.950021695835512991e-01
7.909745324269294997e-01
7.849887070394642175e-01
7.971606270652765724e-01
7.796704458216046074e-01
8.085982265045226214e-01
8.027014096730048509e-01
7.919313744033644742e-01
7.889718399181121500e-01
7.046696113663926120e-01
5.000000000000000000e-01
8.047374803903024620e-01
8.058612134091389656e-01
7.481502909467172557e-01
4.982698961937715998e-01
6.305978037138819658e-01
7.565504734142569632e-01
8.007988517896282854e-01
7.679658207145161342e-01
8.044927068614471377e-01
7.959923897684664240e-01
7.929549727967601935e-01
7.909634063574361162e-01
7.378475505958009828e-01
5.737658407414412132e-01
6.728824308236629470e-01
6.238720947051035193e-01
7.947017657072286134e-01
5.921516705793343771e-01
6.331623627321176784e-01
7.885156710688816517e-01
8.004984479133057107e-01
7.929549727967599715e-01
6.215801243894569783e-01
5.000000000000000000e-01
7.496189321198500899e-01
7.861458182667808714e-01
7.885045449993881572e-01
7.913750709286930807e-01
7.448681004461554789e-01
7.808943134658818952e-01
7.935446544799118485e-01
7.889495877791252720e-01
7.627143159136171580e-01
7.931218638391616116e-01
7.675875343517395422e-01
7.935224023409249705e-01
7.620690038829983637e-01
7.827301149322979379e-01
7.117012872862403805e-01
7.889273356401385051e-01
7.538579645968468412e-01
7.791252684164264863e-01
7.816842643999155626e-01
7.670757351550417935e-01
7.762213642786413015e-01
7.888494531536842658e-01
7.651397990631849666e-01
7.962371632973218594e-01
7.862570789617151501e-01
7.755538001090354072e-01
7.914195752066668366e-01
7.776677533127872577e-01
7.895392694622771490e-01
7.700018914318139673e-01
7.817955250948497303e-01
7.412410017912971494e-01
7.537578299714060570e-01
7.934778980629512146e-01
7.817843990253563469e-01
7.849108245530100891e-01
7.596212685944436771e-01
7.765217681549638762e-01
7.729391737780793026e-01
7.805716574505725536e-01
7.644277306156054275e-01
7.790473859299725801e-01
7.386820058078082951e-01
7.291692163909255786e-01
7.878258547602889905e-01
7.810945827167636857e-01
7.823518285695212349e-01
7.755092958310617623e-01
7.716708018558284810e-01
7.699796392928268673e-01
7.219706494286762810e-01
7.939229408426885515e-01
7.645167391715528282e-01
7.701354042657350130e-01
7.770780716296354917e-01
7.807274224234804771e-01
7.328741975322377034e-01
7.839984868545488705e-01
7.844435296342860964e-01
7.847550595801021656e-01
7.772894669500105547e-01
7.713815240489991787e-01
7.385596190433805219e-01
7.719823318016445501e-01
7.622803992033734266e-01
7.508984301115944060e-01
7.728167870136516404e-01
7.488067290468296555e-01
7.821626853881328278e-01
7.596991510808976944e-01
7.823184503610409735e-01
7.249301839139288273e-01
7.699462610843468280e-01
7.263876990175681669e-01
7.556937660632627729e-01
7.423647348101336529e-01
7.846437988851677758e-01
7.329854582271722041e-01
7.304709665216568837e-01
7.333526185204553016e-01
7.713258937015319283e-01
7.757874475683974591e-01
7.489736200892310736e-01
7.815618776354875674e-01
7.398836213130985939e-01
7.939340669121820460e-01
7.294473681282613864e-01
7.913750709286929697e-01
7.368128261329119910e-01
7.420865830727979562e-01
7.340201826900609738e-01
7.287798039586554921e-01
7.656070939819090704e-01
7.312052871082233008e-01
7.224490704168937683e-01
7.460474638124588997e-01
7.633818800832228302e-01
7.370242214532871650e-01
7.353998153072464072e-01
7.191557538468386079e-01
7.336085181188041204e-01
7.443896794579378806e-01
7.152505034546445817e-01
7.414078928336986785e-01
7.139932576018869215e-01
7.436331067323845856e-01
7.683329810077993427e-01
7.284571479433461505e-01
7.522558105897929615e-01
7.355444542106610584e-01
7.290690817654846834e-01
7.301149322978671696e-01
7.798262107945126420e-01
7.227717264322033319e-01
7.127248856796359888e-01
7.211139420776823128e-01
7.307602443284861859e-01
7.480724084602632384e-01
7.364345397701353990e-01
7.389379054061572250e-01
7.341536955239822415e-01
7.268438678667987762e-01
7.231945170729536798e-01
7.358448580869836331e-01
7.478053827924209251e-01
7.321955072931386477e-01
7.383593497924987314e-01
7.341870737324625029e-01
7.193003927502531480e-01
7.969381056754081261e-01
7.616907175202215496e-01
7.901734554234025598e-01
7.768778023787537013e-01
7.845436642597268806e-01
7.844991599817532357e-01
7.717264322032955093e-01
7.436998631493452194e-01
7.929327206577732046e-01
7.882820236095193778e-01
7.922651564881673103e-01
7.841542518274569051e-01
7.814172387320731383e-01
7.514547335862660216e-01
7.762436164176280684e-01
7.868912649228407830e-01
7.822961982220542065e-01
7.778568964941754427e-01
7.773117190889974326e-01
7.871805427296698632e-01
7.814283648015665218e-01
7.918423658474170734e-01
7.988629156977714585e-01
7.947128917767221079e-01
7.937560498002871334e-01
8.013662813337932844e-01
7.961481547413744586e-01
7.814506169405532887e-01
7.983288643620867209e-01
7.792031509028805036e-01
7.891943613079808184e-01
7.861124400583006100e-01
7.840096129240423650e-01
7.802601275047563734e-01
7.730615605425071868e-01
7.871137863127093404e-01
7.834755615883578495e-01
7.739627721714750219e-01
7.806829181455068323e-01
7.891387309605136791e-01
7.917867354999499341e-01
7.914863316236273594e-01
7.966822060770593072e-01
7.916420965965352829e-01
7.924542996695558283e-01
7.874364423280186820e-01
7.839539825765752257e-01
7.860345575718465927e-01
7.836313265612657730e-01
7.651064208547047052e-01
7.524338277016878740e-01
7.801933710877958505e-01
8.040142858732295394e-01
7.788137384706104172e-01
7.834533094493707495e-01
7.896060258792376718e-01
7.823740807085080018e-01
7.901066990064419260e-01
7.828525016967254890e-01
7.945348746648271954e-01
7.895170173232901600e-01
7.707473380878737679e-01
7.738960157545144991e-01
7.915197098321076208e-01
7.457359338666429416e-01
7.906518764116201581e-01
7.679880728535030121e-01
7.767887938228061895e-01
7.811724652032175920e-01
7.815730037049810619e-01
7.372244907041689554e-01
7.686667630926022898e-01
7.694900922351161077e-01
7.921205175847527702e-01
7.857119015565372511e-01
7.628812069560186870e-01
7.860123054328598258e-01
7.757763214989041867e-01
7.952135649039264731e-01
7.744856974376663761e-01
7.892499916554478467e-01
7.770558194906485028e-01
7.196007966265757227e-01
7.702466649606696247e-01
7.626141812881763737e-01
7.355667063496479363e-01
7.724607527898619264e-01
7.406401940386518890e-01
7.704246820725642042e-01
7.591539736757195733e-01
7.309938917878480158e-01
7.778791486331624316e-01
7.601886981386086761e-01
7.594655036215356425e-01
7.314945649150524920e-01
7.344095951223311713e-01
7.372356167736624499e-01
7.441671580680693232e-01
7.480501563212763605e-01
7.314945649150524920e-01
7.719044493151903108e-01
7.376584074144127978e-01
7.856896494175503731e-01
7.409739761234548361e-01
7.365903047430434336e-01
7.409294718454810802e-01
7.843656471478320791e-01
7.440781495121219224e-01
7.681549638959044302e-01
7.342872083579033982e-01
7.227717264322033319e-01
7.388266447112228352e-01
7.451462521834910646e-01
7.302484451317882153e-01
7.269106242837592990e-01
7.427207690339234780e-01
7.262208079751665268e-01
7.383037194450317031e-01
7.287241736111883528e-01
7.569287597770335552e-01
7.513212207523447539e-01
7.321064987371911359e-01
7.344429733308114328e-01
7.337865352306990330e-01
7.306934879115254411e-01
7.550818322411241290e-01
7.450238654190632914e-01
7.376361552754258089e-01
7.856006408616027503e-01
7.915419619710944987e-01
7.763660031820556195e-01
7.851110938038918796e-01
7.684108634942534710e-01
7.941232100935702309e-01
7.846215467461810089e-01
7.966710800075658128e-01
7.969826099533817709e-01
7.899843122420141528e-01
7.939118147731951680e-01
7.897284126436653340e-01
7.952803213208869959e-01
7.799485975589404152e-01
7.910969191913572729e-01
7.851555980818656355e-01
7.850220852479443678e-01
7.840429911325226264e-01
7.976946784009613101e-01
7.951078672437387196e-01
7.706694556014197506e-01
7.906073721336462912e-01
7.907075067590874085e-01
7.839873607850553761e-01
7.899175558250537410e-01
7.894057566283558813e-01
7.932887548815630296e-01
7.983288643620867209e-01
7.881707629145853211e-01
7.840874954104963823e-01
7.894168826978493758e-01
7.938005540782607783e-01
7.925210560865163512e-01
7.801933710877957395e-01
7.943234793444520214e-01
7.909522802879426218e-01
7.876367115789004725e-01
7.895615216012638049e-01
7.939340669121818239e-01
7.942455968579980041e-01
7.871471645211896018e-01
7.991299413656136608e-01
7.919870047508317246e-01
7.972607616907176897e-01
7.964819368261772947e-01
7.804270185471577914e-01
7.886046796248288304e-01
8.035469909545055467e-01
7.785912170807418597e-01
7.803046317827302403e-01
7.816175079829550398e-01
7.789806295130119462e-01
7.883376539569866281e-01
7.931663681171353675e-01
7.874586944670056710e-01
7.814728690795402777e-01
7.850109591784509844e-01
7.805827835200659370e-01
7.903514725352974724e-01
7.982064775976590587e-01
7.827857452797649662e-01
7.835979483527855116e-01
7.781573003704981284e-01
8.023787536576953983e-01
7.867466260194260208e-01
7.779014007721491986e-01
7.704024299335774373e-01
7.878814851077560188e-01
7.528566183424381109e-01
7.940008233291424578e-01
7.796259415436306295e-01
7.884711667909076738e-01
7.823184503610409735e-01
7.939785711901556908e-01
7.868245085058800381e-01
7.919536265423512411e-01
7.999310183691407117e-01
7.883042757485063667e-01
7.930328552832142108e-01
7.803491360607038851e-01
7.684442417027337324e-01
7.856785233480569897e-01
7.790473859299723580e-01
7.611010358370697837e-01
7.670312308770680376e-01
7.533684175391360816e-01
7.683441070772928372e-01
7.877590983433282457e-01
7.588090655214232427e-01
7.331857274780537725e-01
7.865018524905706965e-01
7.861235661277941045e-01
7.824853414034425025e-01
7.777233836602543970e-01
7.600885635131676699e-01
7.543920159325314678e-01
7.286796693332145969e-01
7.421755916287452459e-01
7.433549549950488888e-01
7.646391259359806014e-01
7.786579734977024936e-01
7.691563101503131605e-01
7.543475116545578230e-01
7.729057955695990412e-01
7.609786490726421215e-01
7.297032677266102052e-01
7.571067768889283567e-01
7.695457225825832470e-01
7.427207690339234780e-01
7.600329331657005305e-01
7.664638013329030386e-01
7.423647348101335419e-01
7.475828614025523677e-01
7.589092001468642490e-01
7.785467128027681039e-01
7.305154707996306396e-01
7.736846204341392141e-01
7.444341837359116365e-01
7.913083145117323358e-01
7.493741585909945435e-01
7.279564748161417853e-01
7.311607828302495449e-01
7.255198655970804822e-01
7.486175858654413595e-01
7.451351261139975701e-01
7.383816019314856094e-01
7.310606482048086496e-01
7.369129607583528863e-01
7.362676487277339810e-01
7.531125179407870407e-01
7.375471467194784081e-01
7.425093737135483041e-01
7.497969492317448914e-01
7.545477809054396134e-01
7.086193660365602831e-01
7.672537522669367061e-01
7.561721870514803712e-01
7.434550896204896731e-01
7.336307702577911094e-01
7.288576864451095094e-01
7.658741196497513837e-01
7.608228840997339759e-01
7.579078538924555186e-01
7.450794957665305418e-01
7.258647737513768128e-01
6.713247810945827121e-01
7.605224802234115122e-01
7.273222888550161525e-01
7.573292982787970251e-01
7.529790051068659951e-01
7.540359817087416427e-01
7.425204997830416875e-01
7.544142680715183458e-01
7.660076324836725403e-01
7.666529445142914456e-01
7.228273567796704713e-01
7.639938139053616961e-01
7.639826878358682016e-01
7.349325203885223035e-01
7.414746492506592013e-01
7.369240868278462697e-01
7.161517150836123058e-01
7.246520321765931305e-01
7.170974309905538968e-01
7.309716396488612489e-01
7.307936225369662253e-01
7.258536476818834293e-01
7.315168170540393699e-01
6.769879504667385417e-01
7.342760822884099037e-01
7.128583985135571455e-01
7.312386653167034511e-01
7.395164610198154964e-01
7.255087395275869877e-01
7.206577732284515925e-01
7.519331545744833978e-01
7.308381268149400922e-01
7.105664281979104935e-01
7.243850065087507062e-01
6.848652076680871170e-01
7.299369151859722571e-01
7.219595233591828976e-01
7.307268661200058135e-01
7.426651386864563387e-01
7.191557538468384969e-01
7.529233747593986337e-01
7.331189710610931387e-01
6.616228484963115886e-01
7.258647737513769238e-01
7.347878814851076523e-01
7.333748706594420685e-01
7.321398769456713973e-01
6.912849497657962416e-01
7.207134035759188428e-01
7.131476763203862257e-01
7.159848240412109988e-01
7.277339534262731169e-01
6.987727945348747305e-01
7.262653122531402827e-01
6.943668710154763390e-01
7.072619855583617277e-01
7.214811023709655213e-01
7.217481280388077236e-01
7.244183847172308566e-01
7.073176159058288670e-01
7.137707362120182530e-01
7.328408193237574419e-01
7.201237218927669659e-01
7.303374536877357270e-01
7.209359249657872892e-01
6.580736323279074984e-01
6.960914117869579920e-01
7.265657161294629685e-01
6.349647859900533486e-01
7.153951423580591218e-01
6.962360506903726431e-01
7.235950555747171498e-01
7.024889017456803497e-01
7.045583506714583333e-01
6.543130208391281233e-01
7.166412621413233985e-01
7.189777367349435844e-01
7.168415313922050780e-01
7.193560230977201764e-01
6.715918067624250254e-01
6.683207423313566320e-01
7.065610431802757940e-01
6.773662368295152447e-01
7.136372233780972074e-01
6.758419653089152712e-01
6.289122041856273215e-01
7.134369541272154169e-01
6.955128561732997206e-01
6.881919024466226498e-01
6.561376962360506715e-01
6.951123176715362506e-01
6.965475806361887123e-01
7.255754959445476215e-01
7.116679090777600081e-01
6.914073365302240148e-01
7.009089998776132369e-01
6.738615249390846884e-01
6.662624194750720319e-01
6.817610342794202527e-01
6.606103761724095857e-01
7.008422434606527140e-01
6.779447924431736272e-01
6.831072886881250916e-01
6.408949810300514915e-01
6.960135293005038637e-01
6.900499560520254594e-01
6.415180409216835189e-01
6.943891231544632170e-01
7.213475895370442537e-01
7.185104418162195916e-01
6.885924409483861197e-01
7.506981608607127265e-01
7.641718310172566087e-01
7.629257112339924429e-01
7.566839862481782308e-01
7.510986993624761965e-01
7.475161049855917339e-01
7.420309527253305948e-01
7.665083056108767945e-01
7.573404243482904086e-01
7.640716963918156024e-01
7.555268750208613548e-01
7.390046618231176367e-01
7.470933143448413860e-01
7.694344618876489683e-01
7.570066422634875725e-01
7.692898229842343172e-01
7.500639748995872047e-01
7.594432514825488756e-01
7.707139598793932844e-01
7.588201915909167372e-01
7.394052003248812177e-01
7.609675230031487381e-01
7.567952469431123985e-01
7.427430211729103560e-01
7.358448580869836331e-01
7.566394819702044749e-01
7.503643787759097794e-01
7.568508772905797599e-01
7.410296064709219754e-01
7.489736200892310736e-01
7.644277306156053164e-01
7.597881596368450952e-01
7.476607438890063850e-01
7.542585030986104222e-01
7.467372801210516720e-01
7.473937182211641828e-01
7.324514068914873555e-01
7.445788226393261766e-01
7.558161528276905461e-01
7.352106721258581112e-01
7.466927758430779161e-01
7.581971316992845988e-01
7.492740239655535373e-01
7.364011615616551376e-01
7.313054217336640850e-01
7.306434205988050490e-01
7.267882375193316369e-01
7.399392516605658443e-01
7.331634753390670056e-01
7.205687646725041917e-01
7.199234526418851754e-01
7.273000367160293855e-01
7.417194227795147476e-01
7.335528877713370921e-01
7.497635710232646300e-01
6.977491961414792332e-01
7.445454444308459152e-01
7.258647737513768128e-01
7.179541383415481981e-01
7.211584463556559577e-01
7.265323379209827070e-01
7.303152015487488491e-01
7.211139420776822018e-01
7.327295586288232743e-01
7.088085092179486901e-01
7.096318383604625080e-01
7.267659853803447589e-01
7.276449448703256051e-01
7.377919202483338434e-01
7.273779192024835138e-01
7.173755827278897046e-01
7.020772371744232743e-01
7.315279431235327534e-01
7.122798428998988740e-01
7.283347611789183773e-01
7.170640527820737464e-01
7.256533784310016388e-01
7.225603311118280470e-01
7.173088263109290708e-01
7.364345397701353990e-01
6.899053171486109193e-01
6.662290412665916595e-01
6.769990765362321472e-01
7.189109803179831726e-01
7.159736979717175043e-01
7.096874687079295363e-01
7.086193660365603941e-01
7.028894402474438197e-01
7.172420698939684369e-01
7.086082399670667886e-01
6.513423602843823046e-01
7.223711879304398620e-01
7.147053260494665716e-01
6.926645823829815640e-01
7.051925366325837441e-01
6.014196864673616583e-01
7.136594755170841964e-01
6.948007877257202924e-01
7.244295107867243511e-01
6.916966143370530951e-01
7.070505902379866647e-01
7.017768332981006996e-01
6.949565526986281050e-01
7.049922673817019536e-01
7.111116056030886146e-01
6.550139632172142790e-01
7.036237608340101257e-01
7.183991811212853129e-01
6.565827390157878973e-01
6.735499949932688413e-01
7.235839295052236553e-01
7.033344830271810455e-01
6.089186573059335306e-01
6.989396855772760375e-01
6.851656115444096917e-01
6.778224056787459650e-01
6.950566873240690002e-01
7.030452052203517432e-01
5.976702010480756666e-01
6.777333971227983422e-01
6.897718043146897626e-01
7.142714093392227293e-01
6.857107889495878128e-01
6.680203384550339463e-01
6.678200692041522668e-01
7.057043358292814927e-01
6.999187796926980010e-01
5.526096195996839100e-01
7.511320775709565689e-01
7.600218070962072581e-01
7.622915252728670321e-01
7.563947084413489286e-01
7.643387220596579157e-01
7.584864095061137901e-01
7.528566183424381109e-01
7.394163263943747122e-01
7.464034980362486138e-01
7.527564837169973266e-01
7.484173166145595690e-01
7.468262886769991837e-01
7.639381835578945568e-01
7.746970927580414390e-01
7.638603010714405395e-01
7.510096908065287957e-01
7.551374625885913794e-01
7.548593108512554606e-01
7.630369719289267216e-01
7.641273267392827417e-01
7.383370976535119645e-01
7.634041322222098191e-01
7.478832652788749424e-01
7.457248077971494471e-01
7.494409150079550663e-01
7.638380489324536615e-01
7.544587723494919906e-01
7.599661767487400077e-01
7.614348179218727308e-01
7.568063730126058930e-01
7.342427040799296423e-01
7.630703501374069830e-01
7.501752355945214834e-01
7.536576953459652728e-01
7.424203651576006813e-01
7.420643309338110782e-01
7.520555413389111710e-01
7.576297021551195998e-01
7.502753702199622676e-01
7.508761779726076391e-01
7.669310962516272534e-01
7.428209036593642622e-01
7.532237786357213194e-01
7.673316347533907233e-01
7.439335106087072713e-01
7.605892366403721461e-01
7.566172298312177080e-01
7.227494742932163430e-01
7.336307702577911094e-01
7.306267314945649183e-01
7.333192403119749292e-01
7.352774285428187451e-01
7.263765729480746725e-01
7.297143937961036997e-01
7.162184715005730506e-01
7.545922851834131473e-01
7.173533305889028266e-01
7.254642352496133428e-01
7.294696202672482643e-01
7.447790918902079671e-01
7.434105853425159172e-01
7.306823618420319466e-01
7.469264233024399680e-01
7.294139899197811250e-01
7.344207211918246658e-01
7.355222020716741804e-01
7.219595233591827865e-01
7.267103550328775086e-01
7.240957287019215149e-01
7.014986815607651138e-01
7.423981130186139143e-01
7.151503688292035754e-01
7.271220196041343620e-01
7.349325203885224145e-01
7.168749096006854504e-01
7.384038540704725984e-01
7.444341837359115255e-01
7.399615037995528333e-01
7.418863138219160547e-01
7.307379921894993080e-01
7.237619466171185678e-01
7.215478587879260441e-01
7.319284816252962234e-01
7.092201737892054325e-01
7.263098165311139276e-01
7.226715918067624367e-01
7.090421566773106310e-01
7.170751788515672409e-01
7.292470988773795959e-01
7.307824964674729529e-01
7.033901133746481849e-01
7.091979216502186656e-01
7.299591673249591350e-01
7.102548982520944243e-01
7.268549939362920487e-01
7.264322032955417008e-01
7.193337709587334095e-01
7.189666106654502009e-01
7.166968924887904269e-01
7.074622548092435181e-01
7.042356946561487696e-01
6.852657461698505870e-01
6.753969225291780454e-01
6.963640004895470526e-01
7.023776410507460710e-01
6.993958544265067578e-01
6.742398113018613914e-01
7.176871126737057738e-01
7.265768421989563519e-01
7.049867043469553174e-01
7.012539080319095675e-01
7.149946038562956518e-01
6.795024421722537511e-01
6.874575818600563437e-01
7.097430990553966756e-01
6.548025678968389940e-01
7.166412621413233985e-01
6.650162996918078662e-01
6.589748439568754446e-01
7.106220585453777439e-01
7.075178851567107685e-01
6.674751610498559362e-01
7.037350215289444044e-01
6.943446188764895721e-01
7.024332713982130993e-01
6.927758430779158427e-01
6.933321465525872362e-01
6.627910857931218480e-01
7.169527920871393567e-01
8.053716663514280949e-01
7.931441159781483785e-01
8.088986303808453071e-01
7.118681783286417986e-01
7.165300014463890088e-01
7.531013918712936572e-01
6.780004227906407666e-01
7.518330199490426136e-01
7.939563190511687019e-01
7.038295931196385524e-01
8.025233925611099384e-01
6.538123477119238691e-01
8.017779459050501378e-01
7.372912471211294783e-01
7.168526574616984615e-01
7.482392995026646565e-01
7.314723127760657251e-01
7.080964407703691510e-01
7.137262319340447192e-01
7.574516850432247983e-01
7.565838516227372246e-01
7.661188931786069301e-01
7.589203262163575214e-01
7.995527320063640087e-01
7.964596846871905278e-01
7.538690906663403357e-01
7.190778713603844796e-01
8.107344318472613498e-01
8.079084101959299602e-01
6.616562267047919610e-01
8.075301238331535902e-01
8.083312008366805301e-01
8.002870525929305368e-01
8.113352395999066102e-01
8.112907353219327433e-01
7.271999020905884903e-01
5.901712302095039053e-01
8.053160360039608445e-01
8.072964763737915384e-01
8.045205220351807629e-01
8.013996595422734348e-01
7.274224234804571587e-01
7.522001802423259331e-01
7.537912081798863184e-01
7.834866876578512329e-01
7.437332413578255919e-01
6.042568341881863203e-01
7.835645701443051392e-01
7.487733508383493941e-01
6.682206077059157368e-01
8.020115933644121897e-01
8.109180119939028986e-01
8.005207000522925886e-01
7.371799864261950885e-01
8.129373936069604900e-01
8.025011404221230604e-01
7.983066122231000650e-01
7.952246909734198566e-01
7.466260194261172822e-01
7.411519932353498596e-01
7.946350092902678686e-01
8.090655214232467252e-01
7.441615950333225760e-01
7.420087005863438279e-01
7.452130086004516984e-01
7.985402596824617838e-01
7.480501563212764715e-01
8.088986303808454181e-01
7.976946784009613101e-01
8.018947696347311638e-01
7.356000845581280867e-01
6.731105152482782517e-01
7.507982954861537328e-01
7.397834866876579207e-01
8.063618865363434418e-01
7.954027080853147691e-01
8.035692430934924246e-01
8.105230365268861759e-01
8.062061215634352962e-01
8.196130353030185445e-01
4.823095495054462445e-01
7.484340057187996997e-01
8.017223155575829985e-01
7.404733029962504709e-01
7.455690428242415235e-01
7.163519843344942073e-01
7.965041889651642837e-01
8.021117279898528629e-01
7.557271442717432564e-01
7.849775809699708340e-01
7.435440981764372959e-01
7.932108723951090123e-01
8.004873218438122162e-01
7.936892933833264996e-01
7.878036026213021126e-01
7.289021907230832653e-01
8.099778591217079438e-01
7.423981130186139143e-01
7.411408671658563652e-01
7.444675619443918979e-01
7.907408849675675588e-01
5.224857864462221224e-01
6.398936347756427612e-01
7.955807251972095706e-01
8.017668198355567544e-01
7.622803992033734266e-01
7.420309527253307058e-01
7.370798518007541933e-01
8.151181032276728633e-01
7.617240957287019221e-01
7.976056698450137983e-01
7.828413756272321056e-01
7.299925455334392854e-01
7.539024688748205971e-01
8.071852156788572596e-01
7.457470599361364361e-01
7.914863316236273594e-01
7.362676487277339810e-01
7.381368284026302851e-01
7.522891887982732229e-01
7.512878425438646035e-01
8.024677622136426880e-01
7.757985736378909536e-01
7.883821582349603840e-01
6.869124044548781116e-01
6.523103283303108846e-01
7.555713792988351107e-01
7.825854760288831757e-01
8.045483372089142771e-01
7.377362899008668151e-01
8.084980918790819482e-01
7.589537044248377828e-01
7.503310005674295180e-01
7.156065376784341847e-01
7.484840730315202029e-01
8.080530490993446113e-01
8.031575785222353492e-01
8.069960724974688526e-01
7.985402596824620058e-01
7.469375493719333514e-01
7.140822661578343222e-01
7.506091523047653258e-01
8.020449715728924511e-01
8.065844079262118882e-01
7.103105285995615636e-01
7.492573348613134065e-01
7.521779281033389442e-01
8.015776766541684584e-01
7.383816019314857204e-01
7.802267492962761120e-01
7.587534351739561034e-01
7.391604267960257824e-01
8.148176993513502886e-01
7.129696592084914242e-01
8.074633674161928454e-01
8.093436731605825329e-01
7.894280087673428703e-01
6.791964752611845402e-01
8.027347878814851123e-01
7.466705237040910381e-01
7.547146719478410315e-01
7.948241524716563866e-01
7.726721481102369893e-01
7.542473770291169277e-01
7.699017568063730721e-01
8.030796960357815539e-01
7.106220585453776328e-01
8.023453754492151369e-01
7.963484239922562491e-01
6.725263965998731219e-01
7.982176036671525532e-01
5.618609463834711715e-01
8.067290468296264283e-01
7.443229230409772468e-01
7.090087784688303696e-01
6.701120395197988078e-01
8.008211039286151633e-01
8.093325470910891495e-01
7.962371632973219704e-01
7.389490314756506084e-01
8.029350571323667918e-01
7.834978137273445054e-01
8.121696948119138115e-01
8.094326817165298227e-01
7.491182589926457247e-01
7.992523281300416560e-01
7.452797650174123323e-01
7.901289511454288039e-01
7.943902357614125442e-01
7.856228930005897393e-01
8.036026213019726860e-01
7.977725608874153274e-01
7.956697337531570824e-01
8.090766474927402196e-01
7.882486454010391164e-01
8.037695123443741041e-01
7.050868389723962126e-01
7.134258280577220335e-01
7.819957943457316318e-01
8.045483372089141660e-01
6.514647470488100778e-01
8.038696469698149993e-01
8.050378842666252588e-01
6.571390424904594019e-01
8.087873696859110284e-01
7.946016310817876072e-01
8.024455100746560321e-01
7.153061338021116100e-01
7.768221720312864509e-01
5.539169327651620733e-01
8.050378842666250367e-01
8.077526452230220366e-01
7.987739071418239467e-01
8.102226326505636012e-01
7.770113152126747469e-01
7.875810812314334441e-01
7.468374147464924562e-01
6.300192481002235834e-01
7.947796481936825197e-01
8.044036983054996259e-01
8.058500873396454711e-01
8.034134781205842790e-01
7.912193059557850461e-01
8.006542128862137453e-01
4.983922829581993730e-01
7.940230754681293357e-01
7.538245863883665798e-01
7.883710321654668896e-01
7.851555980818656355e-01
7.960035158379599185e-01
8.015053572024610773e-01
8.081086794468117507e-01
7.937004194528201051e-01
8.061838694244485293e-01
7.904516071607382566e-01
7.907186328285806809e-01
7.358893623649573890e-01
7.782463089264456402e-01
7.999198922996473282e-01
7.848551942055430608e-01
7.519442806439768923e-01
7.446010747783130546e-01
7.512878425438646035e-01
7.949131610276038984e-01
7.938005540782606673e-01
7.563724563023620506e-01
7.774118537144382168e-01
7.268549939362920487e-01
7.017100768811401768e-01
5.003337820848028361e-01
7.609341447946684767e-01
7.975055352195730141e-01
7.578967278229620241e-01
7.496856885368106127e-01
7.599105464012727573e-01
7.146830739104796937e-01
7.434550896204896731e-01
6.530835901601041993e-01
7.367905739939251131e-01
7.974944091500795196e-01
7.196675530435363566e-01
7.563835823718554341e-01
7.464034980362486138e-01
6.634363978237407533e-01
8.096663291758920966e-01
7.984623771960079885e-01
7.461921027158735509e-01
7.276115666618453437e-01
7.516104985591739451e-01
6.569944035870448618e-01
7.482615516416515344e-01
8.083534529756672971e-01
7.119905650930695717e-01
8.074188631382193115e-01
8.062506258414090521e-01
8.069515682194950967e-01
7.420532048643175838e-01
7.209025467573070278e-01
7.400505123555002340e-01
8.129373936069606010e-01
7.934000155764973083e-01
8.059669110693264971e-01
7.376027770669455474e-01
7.460363377429656273e-01
7.447790918902078561e-01
6.878469942923264302e-01
7.130141634864651801e-01
6.926868345219685530e-01
8.072519720958177825e-01
8.079640405433974326e-01
6.255243160248779022e-01
7.987015876901167877e-01
7.882152671925588550e-01
8.046929761123287062e-01
8.047931107377697124e-01
7.463367416192880910e-01
6.853325025868111098e-01
7.898841776165734796e-01
8.109569532371299072e-01
7.030007009423780984e-01
8.053382881429478335e-01
8.054829270463623736e-01
7.230387521000456452e-01
8.081420576552920121e-01
7.920426350982988639e-01
7.569287597770334441e-01
8.097330855928526194e-01
8.033912259815975121e-01
7.436442328018780801e-01
6.909400416114999111e-01
8.111460964185182032e-01
7.378475505958010938e-01
7.878147286907954960e-01
7.983956207790472437e-01
7.444564358748985144e-01
8.102893890675241240e-01
7.786579734977024936e-01
7.922317782796872709e-01
5.633629657650842670e-01
6.675752956752968315e-01
8.104006497624585137e-01
7.452463868089319599e-01
7.758542039853580929e-01
7.967600885635132135e-01
7.976724262619743211e-01
7.663859188464491323e-01
5.765362320453053524e-01
6.616339745658050830e-01
6.881418351339022577e-01
7.979394519298168564e-01
6.798473503265501927e-01
6.715361764149578860e-01
7.486509640739216209e-01
8.053716663514280949e-01
7.968157189109803529e-01
7.984289989875277271e-01
8.003649350793844430e-01
7.876033333704202111e-01
7.959812636989729295e-01
7.886491839028026973e-01
8.064286429533039646e-01
7.458916988395509762e-01
7.767442895448325446e-01
6.938940130620054880e-01
6.756862003360072366e-01
8.081754358637723845e-01
6.421188486743287793e-01
7.976390480534942817e-01
5.807251972095817116e-01
7.498414535097186473e-01
4.919335996172631842e-01
6.605102415469686905e-01
7.545477809054395024e-01
6.825621112829469705e-01
6.625129340557861513e-01
6.551140978426550632e-01
5.530546623794212469e-01
6.608551497012651321e-01
6.816608996539793575e-01
7.643832263376316716e-01
7.942901011359717600e-01
6.747627365680526346e-01
8.033689738426107452e-01
8.016889373491026261e-01
7.975500394975467700e-01
5.397534463000256411e-01
8.110459617930773080e-01
6.827290023253484996e-01
7.509874386675419178e-01
6.852657461698505870e-01
6.509807630258459543e-01
7.839317304375883477e-01
5.309749774697092306e-01
7.574405589737313038e-01
7.454466560598137503e-01
8.010547513879772152e-01
5.000000000000000000e-01
5.220240545622447659e-01
6.618898741641540129e-01
7.908855238709819879e-01
7.428987861458181685e-01
6.364111750241991938e-01
6.793355511298523330e-01
8.081643097942790011e-01
7.368795825498726249e-01
7.484729469620267084e-01
8.067067946906396614e-01
7.841208736189765327e-01
7.165856317938561482e-01
8.089542607283124465e-01
7.218482626642483968e-01
7.976835523314679266e-01
8.029350571323666808e-01
7.522001802423258221e-01
7.677878036026213326e-01
8.068514335940542015e-01
7.998420098131933109e-01
8.073187285127781943e-01
7.433215767865687384e-01
7.466371454956106657e-01
7.446567051257801939e-01
8.025233925611099384e-01
8.051157667530790540e-01
8.082866965587067742e-01
8.092769167436218991e-01
7.466482715651041602e-01
7.662079017345541088e-01
8.123254597848218461e-01
7.985513857519555003e-01
8.033022174256501113e-01
8.158969280922129252e-01
8.022897451017477755e-01
8.112462310439590985e-01
7.144828046595977922e-01
8.104674061794190365e-01
8.109458271676364127e-01
7.604334716674641115e-01
8.075189977636600958e-01
8.013106509863261451e-01
8.017223155575829985e-01
8.000645312030618683e-01
8.101002458861357169e-01
8.138608573749152031e-01
7.827301149322978269e-01
7.553043536309927974e-01
8.064842733007711040e-01
7.926100646424637519e-01
7.994748495199101024e-01
8.091767821181810039e-01
8.131932932053091978e-01
7.503643787759098904e-01
7.436887370798517249e-01
8.017779459050501378e-01
8.000756572725554738e-01
7.995861102148444921e-01
7.994080931029495796e-01
8.049822539191582305e-01
7.480612823907697440e-01
8.021339801288400739e-01
8.059836001735667388e-01
8.144171608495867076e-01
8.050490103361186423e-01
8.026791575340178619e-01
8.081198055163053562e-01
7.955362209192358147e-01
7.382369630280709583e-01
7.987294028638500798e-01
8.000200269250881124e-01
8.090543953537533417e-01
8.011103817354442436e-01
7.819512900677578759e-01
7.987294028638503018e-01
8.115243827812950173e-01
8.090877735622337141e-01
7.999087662301538337e-01
7.512210861269039697e-01
7.949687913750709267e-01
8.099778591217081658e-01
8.025567707695901998e-01
8.016444330711289812e-01
8.105230365268861759e-01
7.587089308959822365e-01
7.943234793444519104e-01
7.927324514068914141e-01
7.888828313621645272e-01
8.027459139509784958e-01
7.492517718265668814e-01
7.418418095439424098e-01
8.143392783631326903e-01
7.554044882564336927e-01
7.966933321465525797e-01
8.102337587200569846e-01
7.455579167547481401e-01
7.928437121018256928e-01
7.882597714705327219e-01
8.100668676776555666e-01
7.977948130264022053e-01
7.914863316236272484e-01
7.549371933377095889e-01
8.054050445599083563e-01
7.995582950411108669e-01
7.875477030229531827e-01
8.070183246364557306e-01
8.005874564692532225e-01
7.621580124389456534e-01
7.991299413656136608e-01
8.082644444197198963e-01
7.916420965965353940e-01
8.052937838649740776e-01
7.945126225258402064e-01
7.453798996428532275e-01
7.890163441960859059e-01
7.539135949443140916e-01
7.492406457570733869e-01
7.336418963272843818e-01
7.455690428242414125e-01
7.343094604968902761e-01
7.381813326806039299e-01
7.547146719478410315e-01
7.970604924398358992e-01
7.976390480534941707e-01
7.650174122987573044e-01
8.009657428320298145e-01
7.536131910679915169e-01
7.513991032387988822e-01
7.963484239922562491e-01
7.447012094037539498e-01
8.002314222454633974e-01
7.455245385462677676e-01
7.455801688937347960e-01
8.087539914774306560e-01
8.008878603455755751e-01
8.063730126058366032e-01
7.521779281033390552e-01
8.009546167625363200e-01
8.124255944102626303e-01
8.049822539191580084e-01
7.511988339879169807e-01
8.075746281111271241e-01
7.555046228818745879e-01
8.085982265045227324e-01
8.054272966988951232e-01
8.003315568709041816e-01
8.044593286529668763e-01
7.485842076569610981e-01
7.594321254130553811e-01
8.071295853313900093e-01
8.099778591217080548e-01
8.038251426918411324e-01
8.054829270463622626e-01
7.818511554423168697e-01
8.094326817165300447e-01
8.122475772983678288e-01
8.139387398613691094e-01
8.079084101959300712e-01
8.051491449615594265e-01
8.010436253184836097e-01
8.084535876011081923e-01
7.446678311952735774e-01
8.152627421310872924e-01
8.078305277094761649e-01
8.084535876011083033e-01
8.058945916176193380e-01
8.059947262430602333e-01
8.051268928225725485e-01
7.535130564425505106e-01
7.998531358826866944e-01
8.057722048531916759e-01
7.988517896282780750e-01
8.014775420287274521e-01
8.033022174256500003e-01
8.059836001735666278e-01
8.130264021629080018e-01
8.027904182289522517e-01
7.453131432258925937e-01
8.067290468296266504e-01
8.072964763737913163e-01
7.997641273267394046e-01
7.476051135415391347e-01
8.091990342571679928e-01
8.018892065999844165e-01
8.115243827812947952e-01
7.497969492317448914e-01
8.145061694055342194e-01
8.127927547035458389e-01
8.106565493608073325e-01
8.124812247577298807e-01
8.030240656883144146e-01
8.028794267848995414e-01
8.074633674161928454e-01
7.518107678100558466e-01
7.870247777567619396e-01
7.995749841453509976e-01
8.019559630169449393e-01
8.101224980251227059e-01
8.064063908143170867e-01
7.938005540782608893e-01
7.989296721147320923e-01
8.067067946906396614e-01
8.034023520510910066e-01
8.077748973620089146e-01
8.079751666128907051e-01
8.098999766352540375e-01
8.143170262241457014e-01
7.940675797461032026e-01
8.065287775787447488e-01
8.067624250381066897e-01
8.044815807919536432e-01
8.164532315668845408e-01
8.028015442984456351e-01
7.983399904315802154e-01
7.979283258603233620e-01
7.529122486899053612e-01
8.085982265045227324e-01
7.502864962894557621e-01
8.081531837247855066e-01
8.128038807730392223e-01
8.142947740851590455e-01
8.049933799886512809e-01
8.016444330711289812e-01
7.971049967178095441e-01
7.974276527331189968e-01
7.953582038073410132e-01
7.919870047508317246e-01
8.048153628767564793e-01
7.999421444386340951e-01
7.960035158379599185e-01
8.049711278496645139e-01
7.378364245263074883e-01
7.848663202750363332e-01
8.017445676965698764e-01
7.880595022196507093e-01
7.358671102259705110e-01
7.454577821293072448e-01
7.398836213130988160e-01
7.996751187707917818e-01
7.982064775976591697e-01
7.899731861725208804e-01
7.909578433226893690e-01
8.193015053572023643e-01
8.143726565716130628e-01
7.823073242915474790e-01
7.923764171831017000e-01
7.955807251972095706e-01
8.001646658285026525e-01
7.640160660443484630e-01
5.409383727010759202e-01
7.507982954861536218e-01
7.393495699774140784e-01
7.469375493719334624e-01
7.875810812314333331e-01
8.030351917578076870e-01
8.027459139509784958e-01
7.488067290468295445e-01
7.915197098321076208e-01
7.973942745246387354e-01
7.936447891053528547e-01
7.581415013518174595e-01
7.989853024621992317e-01
8.081198055163052452e-01
8.041811769156310685e-01
8.114465002948408889e-01
8.128928893289866231e-01
8.086649829214833662e-01
8.014330377507538072e-01
7.394385785333614791e-01
8.136272099155531512e-01
7.649617819512899430e-01
8.126926200781050547e-01
8.144616651275604635e-01
8.052604056564937052e-01
8.002314222454633974e-01
8.024788882831361825e-01
8.117469041711635747e-01
7.782685610654325181e-01
8.079640405433973216e-01
8.113463656693999937e-01
7.581192492128308036e-01
8.063952647448235922e-01
8.164643576363778132e-01
8.083312008366804191e-01
8.026124011170574502e-01
8.072519720958177825e-01
8.075078716941666013e-01
8.018001980440370158e-01
8.006987171641872791e-01
8.075968802501138910e-01
7.527342315780105597e-01
7.540471077782351372e-01
7.439335106087072713e-01
8.126703679391180657e-01
8.125146029662101421e-01
8.094326817165300447e-01
8.084869658095884537e-01
8.131487889273355529e-01
8.018892065999844165e-01
8.061504912159681568e-01
8.074188631382190895e-01
6.831128517228719499e-01
8.075523759721403572e-01
8.083979572536409419e-01
8.009434906930428255e-01
8.139832441393428653e-01
7.431213075356868369e-01
8.096774552453853691e-01
8.136160838460597677e-01
8.177438556281222404e-01
8.198466827623805964e-01
8.080753012383314893e-01
7.957142380311308383e-01
8.045149590004339046e-01
8.083534529756672971e-01
8.110348357235839245e-01
8.050156321276380478e-01
8.080307969603578444e-01
7.979950822772838848e-01
8.084202093926278199e-01
8.146953125869224044e-01
7.967489624940197190e-01
8.059390958955929829e-01
8.031575785222353492e-01
8.078861580569431933e-01
8.033800999121039066e-01
8.101670023030963508e-01
8.120473080474861494e-01
7.990075546011861096e-01
7.970382403008489103e-01
8.092101603266614873e-01
8.001424136895158856e-01
8.056386920192704082e-01
8.117246520321765857e-01
7.972718877602109622e-01
8.056609441582572861e-01
8.016889373491027371e-01
8.000311529945816069e-01
5.538167981397210671e-01
7.997975055352194440e-01
8.090432692842599582e-01
8.068625596635476960e-01
7.877479722738348622e-01
8.002759265234369312e-01
5.869224179174222789e-01
8.095328163419708289e-01
7.941677143715439868e-01
8.050935146140922871e-01
7.990520588791597545e-01
8.063173822583695749e-01
7.933555112985235525e-01
8.100446155386686886e-01
7.937337976613002555e-01
7.663080363599950040e-01
7.876478376483939670e-01
7.979839562077905013e-01
8.090432692842599582e-01
8.001424136895157746e-01
7.983066122230998429e-01
8.018001980440370158e-01
8.089208825198322961e-01
7.952024388344330896e-01
8.045594632784076605e-01
7.966154496600985624e-01
7.977614348179218329e-01
7.956252294751833265e-01
8.063062561888760804e-01
7.908298935235148486e-01
7.940564536766097081e-01
7.899175558250537410e-01
8.049043714327041021e-01
7.881151325671178487e-01
7.952803213208868849e-01
8.023565015187084093e-01
7.382147108890841913e-01
7.625808030796960013e-01
7.935557805494053429e-01
7.868912649228406719e-01
7.621135081609720086e-01
7.478053827924209251e-01
8.000867833420488573e-01
7.891387309605135680e-01
7.966265757295920569e-01
7.478610131398880645e-01
7.434550896204896731e-01
6.197109447145606742e-01
7.527119794390235707e-01
7.820180464847183988e-01
7.934445198544710642e-01
7.975500394975467700e-01
8.068291814550673235e-01
8.036693777189332089e-01
8.127705025645588499e-01
8.122253251593809509e-01
8.119471734220452541e-01
7.987739071418239467e-01
8.107900621947284892e-01
8.110793400015575694e-01
8.002981786624239202e-01
8.083645790451605695e-01
8.047931107377697124e-01
8.075746281111271241e-01
8.057610787836981814e-01
8.055941877412966523e-01
8.092212863961548708e-01
7.547035458783475370e-01
8.005874564692530004e-01
8.041366726376573126e-01
7.553154797004861809e-01
8.058945916176192270e-01
8.031353263832485823e-01
8.077971495009959035e-01
8.108456925421956285e-01
8.074077370687257060e-01
8.026902836035112454e-01
7.964596846871905278e-01
8.114910045728145338e-01
8.147398168648962713e-01
7.968268449804737363e-01
7.982398558061393201e-01
8.019114587389712945e-01
8.089542607283124465e-01
8.002870525929306478e-01
8.021896104763069912e-01
8.055496834633228964e-01
7.510653211539959351e-01
7.968268449804737363e-01
7.929549727967600825e-01
8.064842733007709930e-01
7.881596368450918266e-01
8.082421922807330184e-01
7.964930628956709002e-01
8.059724741040732443e-01
7.951245563479789613e-01
8.119805516305255155e-01
8.022341147542807471e-01
8.005540782607727390e-01
7.864350960736100626e-01
7.430322989797394362e-01
7.559607917311050862e-01
7.994748495199099914e-01
7.774897362008923452e-01
7.418974398914096602e-01
7.956919858921438493e-01
7.944458661088797946e-01
7.658296153717777388e-01
8.072742242348045494e-01
7.927547035458784030e-01
7.928103338933455424e-01
8.075857541806207296e-01
7.913750709286928586e-01
8.009657428320297035e-01
7.966710800075658128e-01
7.433438289255555054e-01
7.849664549004772285e-01
7.492183936180865089e-01
7.832975444764627149e-01
7.965709453821248065e-01
8.065176515092512544e-01
7.354665717242070411e-01
7.603778413199969721e-01
7.999087662301539448e-01
7.729169216390924246e-01
8.002202961759699029e-01
7.872584252161238805e-01
7.506314044437520927e-01
7.976613001924810487e-01
7.759877168192792496e-01
7.248189232189943265e-01
7.938784365647149066e-01
7.843322689393518177e-01
7.406624461776387669e-01
7.535464346510307720e-01
7.889162095706448996e-01
7.420309527253307058e-01
7.402619076758754080e-01
7.470154318583873687e-01
7.384483583484462432e-01
7.867577520889194043e-01
7.393829481858943398e-01
7.809610698828426401e-01
7.446122008478064380e-01
7.479500216958355763e-01
8.005318261217859721e-01
7.965041889651641727e-01
7.492072675485931255e-01
7.410852368183891148e-01
7.410629846794023479e-01
7.820625507626920436e-01
7.555713792988351107e-01
7.526674751610498149e-01
7.581637534908043374e-01
7.429099122153116630e-01
7.350215289444697042e-01
7.515437421422134223e-01
7.338532916476596668e-01
7.580747449348569367e-01
7.851667241513591300e-01
6.444664493374425707e-01
7.474604746381245945e-01
7.826856106543240710e-01
7.338532916476596668e-01
7.355222020716741804e-01
7.440447713036415500e-01
7.435997285239043242e-01
7.299702933944525185e-01
7.420977091422913396e-01
7.499860924131331874e-01
7.401283948419541403e-01
7.624695423847618336e-01
7.401728991199280072e-01
7.375693988584652860e-01
7.346654947206801012e-01
7.334638792153895803e-01
7.447123354732474443e-01
7.394942088808286185e-01
7.235950555747171498e-01
7.404176726487834426e-01
8.077192670145417752e-01
8.125146029662101421e-01
8.040142858732295394e-01
8.216936102982899115e-01
8.084535876011083033e-01
8.065287775787448599e-01
7.982509818756327036e-01
8.087094871994569001e-01
8.118470387966043589e-01
8.066734164821594000e-01
8.055608095328163909e-01
8.113574917388933772e-01
8.118470387966043589e-01
8.083534529756672971e-01
8.070517028449359920e-01
8.037695123443741041e-01
8.027347878814850013e-01
8.008322299981085468e-01
8.115132567118015228e-01
8.042590594020848638e-01
8.028794267848997634e-01
8.127482504255720830e-01
7.993079584775086843e-01
8.024566361441493045e-01
8.019225848084647890e-01
8.098332202182934036e-01
8.028237964374325131e-01
7.943679836224257773e-01
8.075523759721402461e-01
8.231399993324357567e-01
8.076636366670746359e-01
7.931774941866286399e-01
7.940119493986360633e-01
8.088986303808454181e-01
8.054718009768688791e-01
8.082755704892132798e-01
8.004539436353320658e-01
8.002202961759699029e-01
8.065176515092512544e-01
7.984735032655014830e-01
8.115021306423080283e-01
8.080196708908643499e-01
7.940898318850899695e-01
8.030463178273012925e-01
8.063952647448235922e-01
8.020894758508660960e-01
8.012216424303786333e-01
8.004205654268515824e-01
7.939674451206620853e-01
7.982287297366460477e-01
8.018447023220107717e-01
8.019782151559319283e-01
8.022229886847873637e-01
7.959590115599861626e-01
7.992189499215611725e-01
7.882263932620523494e-01
8.032577131476763554e-01
7.914752055541339759e-01
8.016444330711289812e-01
8.005763303997597280e-01
7.988184114197978136e-01
8.005429521912793556e-01
8.037472602053872262e-01
7.924209214610753449e-01
8.014330377507536962e-01
7.557939006887037792e-01
8.140388744868101156e-01
8.042368072630983189e-01
7.813282301761256265e-01
7.991188152961203883e-01
8.001201615505290077e-01
7.937226715918067610e-01
7.887604445977369760e-01
8.009323646235495531e-01
8.075746281111270131e-01
7.910412888438901335e-01
7.986403943079027901e-01
7.615794568252873820e-01
7.954249602243015360e-01
8.067958032465871732e-01
7.371577342872084326e-01
7.918089876389367010e-01
7.908187674540215761e-01
7.678211818111015941e-01
7.802935057132366348e-01
7.815841297744745564e-01
7.463367416192880910e-01
7.952469431124067345e-01
7.523003148677667173e-01
7.506647826522325762e-01
7.609897751421355050e-01
7.550818322411241290e-01
7.726832741797304838e-01
7.909189020794622493e-01
7.994414713114297300e-01
7.448347222376749954e-01
7.493964107299813104e-01
7.577520889195473730e-01
7.479500216958354653e-01
7.529122486899052502e-01
7.961036504634007027e-01
7.788359906095974061e-01
7.487622247688558996e-01
7.510986993624761965e-01
7.746859666885480555e-01
7.567507426651387537e-01
7.764438856685098589e-01
7.677210471856606988e-01
7.505980262352719423e-01
7.797260761690718578e-01
7.536243171374849004e-01
7.439223845392137768e-01
7.492517718265667703e-01
7.406401940386520000e-01
7.304820925911503782e-01
7.414635231811659288e-01
7.364234137006419045e-01
7.325181633084481003e-01
7.455801688937347960e-01
7.351439157088974774e-01
7.515103639337331609e-01
7.554489925344074486e-01
7.433438289255555054e-01
7.462254809243538123e-01
7.406513201081452724e-01
7.681549638959045412e-01
7.337309048832318936e-01
7.260094126547914639e-01
8.070071985669622361e-01
8.060503565905272616e-01
8.071852156788572596e-01
8.047931107377694904e-01
8.147731950733764217e-01
8.031353263832485823e-01
8.136160838460597677e-01
8.121140644644466722e-01
8.061171130074877844e-01
8.069849464279754692e-01
8.021673583373201133e-01
8.009434906930428255e-01
8.093214210215956550e-01
7.970271142313556378e-01
8.076970148755548973e-01
8.098220941488001312e-01
8.151069771581793688e-01
8.170985435975033351e-01
8.126703679391181767e-01
7.897172865741719505e-01
8.052715317259870886e-01
8.123588379933022185e-01
8.067735511076000732e-01
8.106565493608073325e-01
8.040254119427229229e-01
8.113129874609197323e-01
8.110348357235839245e-01
8.097664638013328808e-01
8.078972841264365767e-01
8.013774074032866679e-01
8.006430868167202508e-01
8.061504912159680458e-01
8.042701854715783583e-01
8.012883988473392671e-01
8.218827534796782075e-01
7.987071507248634239e-01
8.035247388155185577e-01
8.065176515092513654e-01
8.085648482960425820e-01
8.051602710310529210e-01
8.006764650252005122e-01
7.886491839028025863e-01
8.069404421500017133e-01
7.904627332302318621e-01
8.026012750475639557e-01
7.993858409639627016e-01
8.087317393384440001e-01
8.100668676776555666e-01
8.010547513879772152e-01
8.075189977636600958e-01
7.974054005941321188e-01
8.026012750475638446e-01
8.152738682005807869e-01
8.084647136706015758e-01
8.007209693031742681e-01
8.057499527142046869e-01
8.023453754492151369e-01
7.948464046106432646e-01
8.023565015187085203e-01
7.981842254586721808e-01
8.036916298579201978e-01
7.996083623538312590e-01
7.948686567496301425e-01
7.871360384516962183e-01
8.026680314645244785e-01
8.016221809321419922e-01
8.073187285127783053e-01
8.082755704892131687e-01
8.056386920192704082e-01
8.014886680982209466e-01
8.000979094115421297e-01
8.025345186306034329e-01
7.919647526118448466e-01
7.903180943268173220e-01
7.491405111316324916e-01
7.986737725163832735e-01
7.942455968579978931e-01
7.957921205175848556e-01
8.100779937471489500e-01
7.993858409639627016e-01
7.945237485953338119e-01
7.508205476251404997e-01
7.797483283080584027e-01
7.990186806706794931e-01
7.859455490158993030e-01
7.938339322867410397e-01
7.320619944592174910e-01
7.455356646157611511e-01
7.999755226471143565e-01
7.996973709097787708e-01
7.822739460830672176e-01
7.975055352195729030e-01
7.607672537522669476e-01
7.834533094493707495e-01
7.793144115978147823e-01
7.957031119616373438e-01
7.522891887982732229e-01
7.809054395353752787e-01
7.472045750397756647e-01
7.516327506981608231e-01
7.511432036404499524e-01
8.004761957743187217e-01
7.405734376216914772e-01
7.847884377885824270e-01
7.499527142046528150e-01
7.457915642141101920e-01
7.468040365380120837e-01
7.697459918334650375e-01
7.932331245340956682e-01
7.474159703601508387e-01
7.413745146252183060e-01
7.514658596557595160e-01
7.564392127193227955e-01
7.573960546957576589e-01
7.406513201081453834e-01
7.498525795792121418e-01
7.594655036215356425e-01
7.402174033979015411e-01
7.516772549761345790e-01
7.555046228818744769e-01
7.774341058534250948e-01
7.971495009957831890e-01
7.395053349503220019e-01
7.475606092635654898e-01
7.321621290846582752e-01
7.402730337453689025e-01
7.440892755816153059e-01
8.053160360039608445e-01
7.487900399425895248e-01
7.251749574427841516e-01
6.659953938072297186e-01
8.054384227683886177e-01
6.811936047352551427e-01
6.686545244161594681e-01
6.692887103772849899e-01
6.896271654112751115e-01
6.698895181299301393e-01
7.410963628878826093e-01
7.390714182400783816e-01
7.392049310739994272e-01
6.688102893890675027e-01
6.822172031286508620e-01
7.411297410963628707e-01
6.752300314867765163e-01
6.714694199979972522e-01
7.021106153829037577e-01
8.062951301193828080e-01
7.099989986537456055e-01
7.353108067512990065e-01
6.340969525695656639e-01
6.557260316647937071e-01
6.603155353308337583e-01
7.058155965242158825e-01
6.764984034090277820e-01
7.368573304108857469e-01
6.630636744957107975e-01
6.667964708107566585e-01
7.200458394063129486e-01
7.962705415058022318e-01
7.001635532215533253e-01
7.362231444497602251e-01
8.056609441582571751e-01
7.081965753958099352e-01
7.079128606237273802e-01
7.684664938417204993e-01
6.917633707540136179e-01
7.350771592919369546e-01
5.821827123132210513e-01
7.371354821482216657e-01
7.940230754681293357e-01
7.445454444308459152e-01
6.589970960958622115e-01
7.035125001390758470e-01
5.814150135181743728e-01
8.037250080664003482e-01
7.500528488300938212e-01
6.705793344385229116e-01
6.736723817576963924e-01
6.701120395197988078e-01
7.425093737135481931e-01
8.036471255799464419e-01
7.335417617018437086e-01
7.217481280388076126e-01
7.085526096195996493e-01
7.997196230487655377e-01
7.446233269172999325e-01
7.271776499516015013e-01
7.178762558550939588e-01
8.054161706294017398e-01
7.612345486709910514e-01
8.056164398802834192e-01
7.199902090588456982e-01
7.627254419831107635e-01
8.086093525740162269e-01
8.040254119427230339e-01
7.210694377997085569e-01
6.565048565293338800e-01
6.025656716251849288e-01
7.989964285316926151e-01
6.455456780783053183e-01
8.091322778402074700e-01
7.838427218816408359e-01
8.062951301193826970e-01
5.791063540982877011e-01
7.576297021551195998e-01
7.186995849976078876e-01
6.595311474315468381e-01
7.000745446656059245e-01
7.922985346966477938e-01
6.472702188497869713e-01
8.014107856117668183e-01
7.892722437944348357e-01
8.140722526952903770e-01
7.477497524449538968e-01
6.855995282546536451e-01
7.493519064520077766e-01
6.696447446010747040e-01
6.830182801321776909e-01
6.658730070428020564e-01
7.263765729480745614e-01
8.054050445599082453e-01
7.710254898252093536e-01
7.500862270385740826e-01
7.365012961870960329e-01
7.260872951412453702e-01
5.137629479633729623e-01
8.117023998931898188e-01
6.304587278452140620e-01
8.041589247766440796e-01
7.819290379287709980e-01
7.294473681282613864e-01
7.518775242270163695e-01
6.857441671580681852e-01
7.912860623727454579e-01
8.015331723761947025e-01
7.324625329609808499e-01
7.990631849486531380e-01
7.600329331657005305e-01
7.605336062929048957e-01
7.402841598148621749e-01
6.726487833643008951e-01
7.817843990253563469e-01
7.346098643732128508e-01
7.774007276449448334e-01
7.143381657561833631e-01
7.453910257123466110e-01
7.507092869302061100e-01
7.322288855016190201e-01
7.292248467383926069e-01
7.852223544988262693e-01
7.693677054706882235e-01
7.886491839028026973e-01
7.280121051636088136e-01
7.168415313922050780e-01
7.922317782796872709e-01
6.022986459573426155e-01
7.381702066111104354e-01
8.002536743844502753e-01
5.735377563168260195e-01
6.693220885857652513e-01
6.614726465581503012e-01
7.966710800075655907e-01
6.724262619744323377e-01
8.101781283725898453e-01
6.813159914996829158e-01
7.384594844179397377e-01
7.345876122342259729e-01
8.016555591406223646e-01
7.225269529033477856e-01
6.857664192970548411e-01
5.881462855616995666e-01
6.912626976268093637e-01
6.623905472913583781e-01
7.981842254586721808e-01
6.739894747382592088e-01
7.309160093013942205e-01
6.463578811513256417e-01
6.710355032877535209e-01
7.298034023520509894e-01
7.200680915452997155e-01
7.778346443551886757e-01
7.485619555179742202e-01
7.594209993435618866e-01
7.438445020527598706e-01
7.159681349369708681e-01
7.386486275993279227e-01
7.088530134959223350e-01
8.125257290357035256e-01
7.073064898363354835e-01
7.473825921516705773e-01
6.582739015787892889e-01
7.169305399481527008e-01
7.168081531837248166e-01
6.551586021206288191e-01
8.075412499026468627e-01
6.788905083501151072e-01
6.802033845503399068e-01
6.842198956374681007e-01
6.640538946806261444e-01
7.621357602999587755e-01
7.999198922996473282e-01
8.005429521912793556e-01
7.997196230487655377e-01
6.728490526151826856e-01
8.083979572536410529e-01
7.889607138486186555e-01
7.966377017990854403e-01
7.290134514180175440e-01
7.451462521834911756e-01
8.116300804414825487e-01
6.661177805716574918e-01
7.479722738348224542e-01
7.130252895559585635e-01
7.288131821671358646e-01
7.225269529033477856e-01
6.802590148978070461e-01
6.659230743555224485e-01
7.983511165010737098e-01
6.779336663736802437e-01
7.649284037428097927e-01
6.563602176259193399e-01
7.933221330900432910e-01
6.738893401128183136e-01
8.013996595422734348e-01
7.953804559463277801e-01
7.462254809243538123e-01
7.240623504934411425e-01
6.480601697838205277e-01
7.868189454711334019e-01
7.980173344162707627e-01
7.365903047430434336e-01
7.512322121963972421e-01
7.330855928526129883e-01
6.716752522836257899e-01
8.030463178273011815e-01
8.123032076458349682e-01
7.404065465792898371e-01
7.079963061449281447e-01
8.054495488378821122e-01
7.376305922406791726e-01
7.966488278685788238e-01
6.608106454232912652e-01
7.284849631170795536e-01
7.503198744979362456e-01
6.860334449648970434e-01
8.019058957042245472e-01
6.553699974410041040e-01
7.548370587122686937e-01
6.905784443529633387e-01
6.709242425928192421e-01
7.187719044493152687e-01
7.122575907609118850e-01
8.005207000522925886e-01
7.831139643298211661e-01
6.770213286752189141e-01
7.134369541272154169e-01
7.528677444119314943e-01
7.391938050045061548e-01
7.744912604724130123e-01
7.957643053438512304e-01
7.877145940653544898e-01
7.472935835957231765e-01
7.090421566773106310e-01
6.680982209414878525e-01
7.953192625641140046e-01
7.600329331657005305e-01
7.659742542751922789e-01
6.657951245563479281e-01
6.405667619799952917e-01
6.589192136094081942e-01
6.598259882731227766e-01
7.455078494420276369e-01
7.399503777300593388e-01
7.054595623004262794e-01
7.420643309338110782e-01
5.915508628266892277e-01
7.892054873774742019e-01
6.870792954972797517e-01
7.657851110938038719e-01
7.933666373680169359e-01
6.935769200814427826e-01
7.516550028371477010e-01
8.127148722170918216e-01
5.882464201871404619e-01
6.778613469219728627e-01
6.725597748083534944e-01
8.047486064597960675e-01
7.313721781506246078e-01
6.751410229308292266e-01
7.831862837815286582e-01
7.522780627287798394e-01
6.947340313087595476e-01
7.278229619822205176e-01
6.861113274513512827e-01
7.994637234504167189e-01
7.652399336886259729e-01
6.753524182512044005e-01
8.105007843878992979e-01
6.927202127304487034e-01
7.415302795981264516e-01
6.825621112829470816e-01
6.546022986459574255e-01
7.459139509785377431e-01
8.034134781205842790e-01
8.044482025834732708e-01
6.788348780026479679e-01
6.711133857742075381e-01
6.729825654491037312e-01
7.326238609686356318e-01
8.018224501830237827e-01
6.748072408460263905e-01
6.715361764149578860e-01
7.382592151670579472e-01
7.202238565182077501e-01
7.988740417672648420e-01
6.958355121886091732e-01
7.886825621112830698e-01
7.189109803179830616e-01
6.774107411074890006e-01
7.337531570222187716e-01
6.947229052392660531e-01
7.926434428509441243e-01
7.065610431802756830e-01
8.012438945693656223e-01
6.800253674384449942e-01
7.569176337075400607e-01
6.917967489624941013e-01
7.435329721069436903e-01
7.523003148677667173e-01
6.255910724418384250e-01
6.753691073554445312e-01
7.968490971194606143e-01
8.115577609897750566e-01
8.095161272377306982e-01
6.653055774986371684e-01
6.726154051558206337e-01
6.840530045950666826e-01
5.543063451974321598e-01
8.030240656883143036e-01
7.982621079451261981e-01
7.789138730960514234e-01
7.135704669611366846e-01
7.469931797194006018e-01
7.263431947395944110e-01
8.034579823985580349e-01
7.977948130264020943e-01
8.025456447000968163e-01
7.503087484284426401e-01
6.706294017512433037e-01
8.094104295775430558e-01
7.469820536499071073e-01
8.069070639415214519e-01
6.646046351205509017e-01
7.808943134658818952e-01
7.407737068725731566e-01
6.771214633006598094e-01
8.008600451718421720e-01
6.785456001958187766e-01
6.950233091155887388e-01
7.998753880216736833e-01
6.698561399214499890e-01
6.701064764850520605e-01
7.966043235906051789e-01
7.452352607394386874e-01
6.425861435930528831e-01
6.498013996595422004e-01
6.787236173077136892e-01
6.732607171864394280e-01
7.973831484551452409e-01
7.042245685866553861e-01
6.561822005140244274e-01
5.369886180309082491e-01
6.724596401829124881e-01
6.338188008322299671e-01
7.113341269929571720e-01
6.942222321120617989e-01
6.689771804314690318e-01
6.126069493430055246e-01
7.907965153150346982e-01
7.085303574806128823e-01
8.034357302595712680e-01
6.035892700185804260e-01
5.760188698138608565e-01
8.010770035269639822e-01
6.816052693065119961e-01
6.931374403364525261e-01
7.184325593297656853e-01
4.491594254497713323e-01
6.732940953949198004e-01
8.115577609897751676e-01
7.512099600574105862e-01
8.062506258414090521e-01
6.820503120862493329e-01
8.004650697048254493e-01
6.981163564347622197e-01
8.033133434951436058e-01
7.239622158680003583e-01
7.001524271520600529e-01
7.854671280276817047e-01
4.913772961425916797e-01
6.651053082477552669e-01
8.196130353030184335e-01
5.481925700107922461e-01
7.828525016967254890e-01
8.128984523637334814e-01
6.646602654680180411e-01
6.528221275270085222e-01
6.139253885779769604e-01
5.055018413645011588e-01
7.946683874987482410e-01
4.581826678089431226e-01
5.436253184837392949e-01
8.035136127460251743e-01
6.704680737435886329e-01
8.016110548626487198e-01
7.427207690339233670e-01
8.035692430934924246e-01
8.012883988473391561e-01
7.200458394063129486e-01
6.678979516906062841e-01
6.633473892677933526e-01
7.186328285806472538e-01
7.195896705570823393e-01
7.790028816519987132e-01
7.216034891353930725e-01
7.974276527331189968e-01
7.507871694166601273e-01
5.777545366548360040e-01
7.490403765061915964e-01
8.069738203584819747e-01
6.666963361853157632e-01
7.646057477275002290e-01
8.031242003137551988e-01
7.394385785333614791e-01
6.722593709320308086e-01
7.120239433015498332e-01
7.773784755059580664e-01
6.730715740050512430e-01
8.030296287230609398e-01
7.700463957097875012e-01
7.986070160994223066e-01
7.513545989608250153e-01
6.689104240145085090e-01
7.938116801477541618e-01
7.122130864829381292e-01
8.006542128862137453e-01
7.824185849864819797e-01
6.734498603678279460e-01
7.368907086193661193e-01
8.108901968201693844e-01
7.904516071607383676e-01
7.773784755059580664e-01
8.024900143526295659e-01
7.450238654190635135e-01
7.468374147464924562e-01
7.891164788215268011e-01
8.021228540593464684e-01
7.533572914696424760e-01
8.095884466894380793e-01
7.500417227606003268e-01
8.052381535175068272e-01
7.799374714894468097e-01
6.364890575106532111e-01
7.490960068536588468e-01
8.055441204285762602e-01
7.884266625129340289e-01
7.984512511265144941e-01
7.565059691362832073e-01
7.835645701443051392e-01
8.046150936258749109e-01
8.082421922807330184e-01
8.016555591406224757e-01
7.536020649984980224e-01
7.135037105441760508e-01
7.388934011281835801e-01
8.056386920192702972e-01
7.831640316425416692e-01
7.951023042089919723e-01
7.423647348101336529e-01
7.977948130264020943e-01
8.075412499026469737e-01
7.488401072553100279e-01
8.031464524527419657e-01
7.984289989875277271e-01
8.020338455033990677e-01
7.979950822772838848e-01
7.646057477275003400e-01
6.700119048943580236e-01
7.969603578143947820e-01
7.456469253106956518e-01
7.369129607583528863e-01
7.850220852479444789e-01
8.015331723761947025e-01
7.465703890786501429e-01
7.487177204908821437e-01
7.983733686400604768e-01
8.067624250381068007e-01
8.028126703679392406e-01
7.616462132422481268e-01
8.019615260516916866e-01
7.603555891810100942e-01
8.017223155575831095e-01
8.082533183502262908e-01
5.000000000000000000e-01
8.093993035080497833e-01
7.946572614292548575e-01
8.001535397590093801e-01
7.990186806706794931e-01
7.832419141289956865e-01
7.930328552832142108e-01
7.501251682818010913e-01
8.088541261028716622e-01
7.516327506981609341e-01
7.922206522101937765e-01
8.047819846682761069e-01
6.396599873162808203e-01
7.593764950655883528e-01
8.026124011170574502e-01
7.468707929549727176e-01
8.126703679391181767e-01
7.860901879193138431e-01
8.031798306612222271e-01
7.326739282813560239e-01
7.488734854637901783e-01
8.055385573938294019e-01
7.431769378831540873e-01
7.473158357347099434e-01
7.958032465870781280e-01
7.418084313354620374e-01
7.388711489891965911e-01
7.899843122420142638e-01
7.347767554156142689e-01
7.965041889651641727e-01
7.490960068536588468e-01
7.864796003515839296e-01
7.566839862481782308e-01
7.505869001657784478e-01
7.337976613001924164e-01
7.530680136628133958e-01
7.558717831751575744e-01
7.410407325404154699e-01
7.453576475038663496e-01
7.478165088619143086e-01
7.626141812881763737e-01
8.082978226282000467e-01
7.876812158568742284e-01
6.753969225291781564e-01
7.535130564425505106e-01
8.008433560676020413e-01
7.092090477197122711e-01
7.441115277206020728e-01
7.940564536766095971e-01
7.433994592730226447e-01
7.489402418807508122e-01
8.055941877412966523e-01
7.917533572914695617e-01
7.998531358826868054e-01
7.857564058345110070e-01
8.035024866765317908e-01
7.431324336051803314e-01
7.908966499404754824e-01
7.422979783931731301e-01
8.030908221052748264e-01
7.787024777756761384e-01
7.941454622325571089e-01
7.994414713114299520e-01
8.108456925421956285e-01
6.733385996728935563e-01
7.157845547903292083e-01
6.710911336352206602e-01
8.000979094115421297e-01
8.016333070016355977e-01
8.076858888060616248e-01
7.967712146330065970e-01
6.923641785066589893e-01
8.047819846682762179e-01
8.085648482960425820e-01
7.634152582917032026e-01
7.901066990064419260e-01
8.077748973620089146e-01
7.599995549572203801e-01
7.876367115789004725e-01
8.151848596446334971e-01
7.946795135682418465e-01
7.186105764416604869e-01
8.058500873396455821e-01
8.082755704892132798e-01
7.447902179597013506e-01
8.029906874798340422e-01
8.032132088697027106e-01
8.064620211617841150e-01
8.031798306612223382e-01
8.034468563290646514e-01
7.353664370987660348e-01
7.947629590894425000e-01
7.998420098131933109e-01
7.443896794579378806e-01
8.030574438967945650e-01
7.935335284104185760e-01
7.479166434873552038e-01
8.015442984456881970e-01
7.326961804203429018e-01
8.086538568519899828e-01
7.995193537978837472e-01
7.300815540893867972e-01
7.495299235639025781e-01
7.984735032655012610e-01
7.904404810912449841e-01
8.039809076647492780e-01
7.363232790752011203e-01
8.042256811936048244e-01
6.710688814962337823e-01
7.965041889651642837e-01
8.030240656883143036e-01
7.976279219840007872e-01
8.034357302595712680e-01
8.072964763737913163e-01
8.051268928225725485e-01
8.113686178083869827e-01
7.958477508650518839e-01
8.006764650252005122e-01
5.000000000000000000e-01
8.018224501830237827e-01
8.111460964185182032e-01
8.125702333136772815e-01
7.986515203773962845e-01
7.826299803068569316e-01
8.085759743655359655e-01
8.119137952135647707e-01
8.085982265045227324e-01
7.935780326883922209e-01
8.103450194149912633e-01
7.933777634375105414e-01
7.930328552832139888e-01
7.992078238520679001e-01
7.361675141022930857e-01
8.130375282324013853e-01
7.925433082255033401e-01
7.883376539569866281e-01
7.982176036671525532e-01
6.774552453854627565e-01
8.043703200970193645e-01
7.420643309338109672e-01
7.175758519787713841e-01
8.076636366670746359e-01
7.510708841887425713e-01
7.851333459428788686e-01
7.545589069749328859e-01
7.965931975211116844e-01
7.366348090210170785e-01
7.885824274858419525e-01
5.350860601475315725e-01
7.557605224802232957e-01
7.652677488623595980e-01
7.428542818678445236e-01
7.005307135148366449e-01
7.881040064976245763e-01
7.973052659686913346e-01
7.462811112718209516e-01
7.529011226204118667e-01
7.539692252917811199e-01
7.870025256177750617e-01
7.452352607394385764e-01
7.470488100668677411e-01
7.471934489702822813e-01
7.493074021740339097e-01
8.002759265234371533e-01
7.546034112529067528e-01
8.094326817165300447e-01
7.404621769267569764e-01
8.085092179485753316e-01
7.960257679769469075e-01
6.547246854103849767e-01
8.162195841075222669e-01
8.014775420287275631e-01
7.633373758052491853e-01
7.748361686267092319e-01
7.975389134280532755e-01
7.322733897795926650e-01
8.019559630169450504e-01
7.935780326883921099e-01
7.557493964107299123e-01
7.968045928414868584e-01
8.020449715728923401e-01
7.452352607394385764e-01
8.091879081876746094e-01
6.841531392205075779e-01
8.086872350604701332e-01
7.479833999043158377e-01
7.497746970927581245e-01
7.497858231622515079e-01
6.978827089754002788e-01
8.076858888060615138e-01
8.075857541806206186e-01
7.523781973542207346e-01
7.452018825309583150e-01
7.298590326995182398e-01
8.048487410852369628e-01
7.302929494097620822e-01
6.279998664871661029e-01
7.918868701253907183e-01
7.978115021306422250e-01
8.068180553855739401e-01
6.899053171486110303e-01
8.140166223478231267e-01
7.484729469620265974e-01
7.942344707885045096e-01
7.190667452908910962e-01
7.775453665483593735e-01
7.459695813260049935e-01
8.102782629980308515e-01
8.007765996506412964e-01
5.768421989563746743e-01
7.837815284994270604e-01
8.129818978849341349e-01
7.977280566094415715e-01
7.855227583751488440e-01
7.378920548737747387e-01
8.030018135493274256e-01
8.108456925421956285e-01
7.889440247443785248e-01
7.967267103550328411e-01
7.989296721147318703e-01
8.102448847895502571e-01
7.852056653945861386e-01
8.133490581782172324e-01
8.033244695646368783e-01
8.064842733007711040e-01
8.088430000333781678e-01
7.951134302784854668e-01
7.294584941977548809e-01
7.883932843044538785e-01
6.968257323735242981e-01
7.970493663703424048e-01
6.665962015598749790e-01
8.006319607472267563e-01
7.957587423091043721e-01
7.991966977825742946e-01
8.047041021818222006e-01
5.000000000000000000e-01
7.927101992679047582e-01
8.145506736835077533e-01
7.973052659686912236e-01
7.991188152961201663e-01
7.996973709097787708e-01
7.939229408426884405e-01
8.033800999121040176e-01
7.952024388344329786e-01
7.789138730960514234e-01
7.587423091044627199e-01
8.019559630169448283e-01
8.025011404221230604e-01
8.158524238142390583e-01
8.038585209003215049e-01
7.564169605803358065e-01
8.029128049933800249e-01
7.562611956074277719e-01
7.977058044704546935e-01
8.061504912159682679e-01
8.059168437566062160e-01
7.092646780671791884e-01
8.057388266447111924e-01
8.129596457459473680e-01
6.063151570444709204e-01
7.940675797461032026e-01
5.930806973820359485e-01
8.004205654268516934e-01
5.096574283202972566e-01
7.172754481024488094e-01
7.510875732929828130e-01
6.868122698294373274e-01
7.930439813527077053e-01
7.906630024811134305e-01
7.495410496333960726e-01
4.663492028171207782e-01
8.065844079262118882e-01
8.098554723572803926e-01
6.139253885779770714e-01
8.081754358637724955e-01
7.905183635776988904e-01
7.375916509974522750e-01
7.955250948497424313e-01
5.000000000000000000e-01
6.675029762235894504e-01
7.616183980685143906e-01
8.025011404221229494e-01
5.036104095506180878e-01
7.988072853503043191e-01
7.216257412743799504e-01
6.662846716140589098e-01
6.694222232112061466e-01
6.193938517339979688e-01
7.975722916365335369e-01
7.934000155764973083e-01
7.991744456435874167e-01
7.662412799430345922e-01
8.009101124845625641e-01
8.062617519109025466e-01
8.032577131476763554e-01
8.135604534985925174e-01
8.063173822583695749e-01
8.069181900110149464e-01
8.067401728991199228e-01
7.540137295697548758e-01
8.122030730203939619e-01
7.981953515281656752e-01
8.001535397590093801e-01
8.096774552453853691e-01
8.060948608685010175e-01
8.102560108590438626e-01
7.603667152505035887e-01
8.041589247766443016e-01
8.094326817165300447e-01
8.063062561888761914e-01
8.103783976234715247e-01
8.102782629980307405e-01
8.046818500428354337e-01
8.053049099344674611e-01
8.174323256823062822e-01
8.155075156599428388e-01
8.147398168648960493e-01
7.145161828680781646e-01
8.063507604668499473e-01
8.079751666128907051e-01
8.151514814361530137e-01
8.072297199568309045e-01
8.089097564503389126e-01
8.101558762336030783e-01
7.997641273267394046e-01
8.089653867978059409e-01
7.451240000445044087e-01
7.990298067401728765e-01
8.040142858732295394e-01
8.039364033867755222e-01
8.127927547035458389e-01
7.875588290924464552e-01
8.092880428131155046e-01
7.992078238520677891e-01
8.042813115410719638e-01
8.127593764950655775e-01
7.589092001468642490e-01
7.892611177249413412e-01
8.224390569543497120e-01
7.504978916098310471e-01
8.131932932053091978e-01
7.911636756083179067e-01
7.443006709019904799e-01
7.910635409828769005e-01
8.067624250381069118e-01
8.046150936258746889e-01
7.976835523314678156e-01
8.083200747671869246e-01
7.977169305399482990e-01
8.041700508461375740e-01
7.994525973809232244e-01
8.043369418885391031e-01
8.000645312030618683e-01
8.052715317259871997e-01
8.075857541806206186e-01
8.119916777000188990e-01
7.435329721069439124e-01
8.026124011170573391e-01
8.017890719745435213e-01
8.110237096540905410e-01
8.093881774385561778e-01
8.126147375916510374e-01
8.026012750475640667e-01
8.043035636800587307e-01
7.569398858465269386e-01
7.868690127838537940e-01
8.018669544609976496e-01
8.039920337342427725e-01
8.041144204986703237e-01
8.004205654268514714e-01
7.817955250948497303e-01
8.140611266257968825e-01
7.929327206577732046e-01
8.048376150157434683e-01
7.901512032844157929e-01
8.073409806517651832e-01
8.058278352006587042e-01
7.950188586877913188e-01
7.440892755816153059e-01
7.412521278607906439e-01
7.873363077025778978e-01
7.914307012761601090e-01
8.057054484362309310e-01
8.014330377507538072e-01
7.851778502208524024e-01
7.952358170429132400e-01
7.777456357992411640e-01
7.918757440558974459e-01
8.090321432147664638e-01
7.410518586099088534e-01
7.496189321198499789e-01
7.477386263754604023e-01
7.391047964485586430e-01
7.884600407214144013e-01
8.014107856117669293e-01
7.397501084791776593e-01
8.068514335940543125e-01
7.936336630358593602e-01
7.944013618309060387e-01
7.274558016889373091e-01
7.808609352574016338e-01
7.477831306534340472e-01
7.450127393495700190e-01
7.978059390958955888e-01
7.487956029773361610e-01
7.901845814928960543e-01
7.597992857063384786e-01
7.553933621869401982e-01
7.893167480724083696e-01
7.487399726298689107e-01
7.483728123365859242e-01
7.362342705192537196e-01
7.493185282435274042e-01
7.571067768889283567e-01
7.481502909467173668e-01
7.739293939629946495e-01
7.594988818300159039e-01
7.493852846604881490e-01
7.372801210516360948e-01
7.236173077137040277e-01
8.124923508272232642e-01
7.996528666318051259e-01
8.012995249168326506e-01
8.061059869379944010e-01
8.069960724974687416e-01
8.081198055163052452e-01
8.047152282513156951e-01
7.972830138297043456e-01
8.064063908143170867e-01
8.013217770558194175e-01
8.010324992489903373e-01
8.110793400015576804e-01
8.037583862748807206e-01
8.151737335751398916e-01
8.116467695457225684e-01
7.975611655670400424e-01
8.142836480156654400e-01
8.043035636800586197e-01
8.018447023220107717e-01
8.032688392171698499e-01
8.106231711523270711e-01
8.072630981653111659e-01
8.050823885445989037e-01
8.057610787836981814e-01
8.127593764950656885e-01
8.132489235527764482e-01
8.059502219650864774e-01
8.132155453442961868e-01
8.077526452230221476e-01
8.079862926823841995e-01
8.067401728991199228e-01
8.077303930840352697e-01
8.064397690227972371e-01
8.086316047130028828e-01
8.044927068614469157e-01
8.120695601864729163e-01
8.117135259626832022e-01
8.105230365268861759e-01
8.083534529756672971e-01
8.031019481747683209e-01
7.994414713114298410e-01
8.008211039286150523e-01
8.015776766541684584e-01
8.107344318472613498e-01
8.025456447000968163e-01
8.028126703679391296e-01
8.038473948308280104e-01
7.997752533962326771e-01
8.084980918790819482e-01
8.012995249168326506e-01
8.019670890864384338e-01
8.083200747671870356e-01
8.077192670145417752e-01
8.028794267848996524e-01
8.091990342571678818e-01
7.982954861536064595e-01
8.123477119238085020e-01
7.846104206766875144e-01
7.989964285316926151e-01
7.917978615694434286e-01
8.072519720958177825e-01
7.999310183691407117e-01
7.983177382925934484e-01
8.071073331924031313e-01
8.002870525929304257e-01
8.008767342760823027e-01
7.523559452152338567e-01
7.980284604857641462e-01
8.113797438778802551e-01
7.550150758241636062e-01
8.028349225069260076e-01
7.918423658474171845e-01
8.039252773172820277e-01
7.965931975211117955e-01
7.969492317449015095e-01
7.967600885635132135e-01
7.927324514068915251e-01
7.929327206577732046e-01
7.982843600841130760e-01
8.056943223667374365e-01
7.574516850432249093e-01
8.130709064408816467e-01
7.957142380311306162e-01
7.939340669121819349e-01
7.987182767943568074e-01
7.545366548359462300e-01
7.877590983433282457e-01
7.915419619710943877e-01
8.068959378720279574e-01
7.547257980173343039e-01
7.954472123632885250e-01
7.995304798673773528e-01
7.938005540782608893e-01
8.018224501830238937e-01
7.740295285884355447e-01
7.393050656994403225e-01
7.439001324002268989e-01
7.600329331657005305e-01
7.750197487733507806e-01
7.975500394975467700e-01
7.954138341548081526e-01
7.790807641384529525e-01
8.013217770558195285e-01
7.458360684920837258e-01
7.445899487088194491e-01
8.032243349391960940e-01
7.895170173232902711e-01
8.027904182289522517e-01
8.097887159403196478e-01
8.006653389557071288e-01
8.043146897495521142e-01
7.952914473903804904e-01
7.621357602999588865e-01
7.985736378909423783e-01
7.661188931786068190e-01
7.515214900032265444e-01
7.539914774307681089e-01
7.838093436731605745e-01
7.334082488679224410e-01
7.382480890975644527e-01
7.693454533317014565e-01
7.483839384060793076e-01
8.113129874609196213e-01
7.838872261596144808e-01
7.515659942812003003e-01
7.616795914507281662e-01
7.779904093280965993e-01
7.744078149512122478e-01
8.095995727589313518e-01
8.133601842477109489e-01
8.127037461475983271e-01
8.080975533773184782e-01
8.123032076458349682e-01
8.163085926634698897e-01
8.092324124656482542e-01
8.191568664537879352e-01
8.142613958766786730e-01
8.056498180887639027e-01
8.146841865174287989e-01
8.098443462877868981e-01
8.166980050957398651e-01
8.106899275692875939e-01
8.126369897306379153e-01
8.058278352006585932e-01
8.077971495009959035e-01
8.055163052548426350e-01
8.075857541806206186e-01
8.080307969603579554e-01
8.057833309226849483e-01
8.086093525740163379e-01
8.135493274290991339e-01
8.076636366670746359e-01
8.145061694055342194e-01
7.923986693220884669e-01
8.089208825198321851e-01
8.095884466894380793e-01
8.117357781016699692e-01
8.071629635398702707e-01
8.081309315857985176e-01
7.985513857519555003e-01
8.083645790451606805e-01
8.078082755704891760e-01
8.048821192937172242e-01
8.007543475116546405e-01
8.004205654268514714e-01
8.138942355833955755e-01
7.713592719100124118e-01
7.997863794657260605e-01
8.027459139509784958e-01
7.629368373034857154e-01
8.015331723761947025e-01
8.084980918790819482e-01
8.071963417483505321e-01
8.118025345186306030e-01
8.206032554879337804e-01
8.028126703679391296e-01
8.042479333325915913e-01
8.107010536387809774e-01
8.008989864150690696e-01
8.041589247766441906e-01
7.981397211806984249e-01
7.794479244317359390e-01
8.123699640627954910e-01
7.967600885635133245e-01
8.093659252995694109e-01
8.025456447000968163e-01
8.034023520510908956e-01
8.151848596446332751e-01
8.119026691440716093e-01
8.094994381334905675e-01
8.069626942889884802e-01
8.060726087295141395e-01
8.022229886847873637e-01
8.056386920192702972e-01
8.143504044326261848e-01
8.049600017801710194e-01
8.027792921594587572e-01
8.016778112796091316e-01
8.109013228896627679e-01
7.948909088886169094e-01
8.005318261217858611e-01
8.099889851912016603e-01
8.021117279898530850e-01
8.003760611488779375e-01
7.993635888249759347e-01
8.069293160805082188e-01
8.041923029851245630e-01
8.034468563290645404e-01
7.928437121018256928e-01
8.032132088697025996e-01
8.072630981653110549e-01
8.056498180887637917e-01
8.077415191535286532e-01
7.980173344162707627e-01
8.024232579356690431e-01
7.884600407214142903e-01
8.022341147542807471e-01
8.038807730393082718e-01
7.936447891053527437e-01
7.964819368261772947e-01
8.062394997719154466e-01
8.041811769156309575e-01
8.069960724974687416e-01
7.971717531347701780e-01
7.950800520700052054e-01
7.888049488757105099e-01
8.120806862559662997e-01
8.046039675563814164e-01
7.828302495577387221e-01
8.033467217036236452e-01
8.035581170239988191e-01
7.853002369852801756e-01
7.561276827735066153e-01
8.099889851912014382e-01
8.093325470910890385e-01
7.779236529111361875e-01
7.782796871349257906e-01
7.894168826978493758e-01
8.019448369474515559e-01
8.047708585987827234e-01
7.500862270385740826e-01
7.892722437944347247e-01
7.836535787002525399e-01
7.998531358826868054e-01
7.475828614025523677e-01
7.375582727889717916e-01
7.925099300170230787e-01
7.849553288309839560e-01
7.501084791775609606e-01
7.492740239655537593e-01
7.577075846415736171e-01
7.940564536766094861e-01
8.029016789238865304e-01
7.780905439535376056e-01
7.499749663436396929e-01
7.367794479244316186e-01
