5.183168701874465434e-01
5.129723663596261751e-01
5.000000000000000000e-01
5.064278491983243979e-01
5.406448960544006921e-01
5.037389304325603501e-01
5.954066156290624967e-01
4.911999022211357424e-01
6.198846653851709521e-01
5.624840276003066908e-01
5.962288469871888097e-01
5.394282158690651974e-01
5.000000000000000000e-01
5.063889598773319012e-01
5.000000000000000000e-01
5.807175635284836934e-01
6.157457305081167620e-01
6.554517272414137619e-01
6.497627751419461362e-01
6.363848487205413518e-01
6.564295158835098398e-01
5.004444493827708840e-01
6.269402993366591792e-01
6.800520005777842547e-01
4.848609428993655435e-01
5.000000000000000000e-01
6.402348914987944228e-01
5.449004988944321504e-01
6.303847820531338630e-01
6.938521539128212900e-01
4.909776775297503004e-01
6.711407904532272761e-01
7.236080400893343256e-01
7.196524405826731918e-01
4.966388515427949679e-01
6.640796008844542797e-01
7.258747319414660115e-01
6.800242224913610745e-01
6.945632729252545490e-01
7.158412871254126175e-01
7.578417537972643725e-01
7.362415137945976795e-01
7.320081334237047432e-01
6.689963221813575167e-01
6.990299892221025768e-01
7.532750363892932732e-01
7.335414837942644262e-01
7.267414082378693685e-01
7.531972577473082797e-01
5.585839842664919175e-01
7.016466849631662894e-01
7.379415326836964439e-01
7.182190913232369134e-01
7.017522416915743522e-01
5.339837109301214246e-01
7.017077967532971972e-01
5.604062267358527194e-01
7.006300070000777147e-01
7.136301514461271811e-01
7.711974577495306349e-01
6.511127901421126518e-01
7.320748008311204202e-01
6.116734630384782490e-01
7.257080634229270411e-01
6.990355448393872351e-01
5.971955243947155711e-01
7.259747330525894160e-01
5.062834031489238384e-01
7.417026855853954270e-01
7.010077889754331437e-01
7.847976088623207502e-01
7.267469638551540267e-01
7.084856498405538439e-01
7.709085656507294049e-01
7.926976966410738124e-01
5.260502894476605240e-01
7.423860265114056167e-01
7.597862198468873229e-01
5.264614051267236805e-01
7.459416215735729105e-01
7.346970521894687911e-01
7.688640984899832720e-01
7.373970821898021555e-01
7.418304647829419007e-01
7.072745252725031184e-01
7.368081867576306010e-01
6.828909210102334093e-01
6.646296069956332264e-01
7.640696007733419615e-01
7.586639851553904634e-01
7.401971133012589243e-01
5.016722408026755842e-01
6.985744286047622653e-01
7.481860909565661855e-01
7.283858709541217724e-01
7.403193368815208508e-01
7.200857787308747593e-01
6.897854420604673242e-01
6.413460149557217438e-01
7.044411604573384000e-01
7.803197813309037389e-01
7.290525450282780984e-01
5.000000000000000000e-01
7.064578495316614637e-01
6.836631518127979090e-01
6.118512427915865359e-01
7.142301581128679411e-01
7.362192913254591575e-01
7.130079223102478991e-01
6.940854898387760485e-01
7.324414715719064217e-01
7.522194691052122018e-01
7.085300947788307768e-01
6.681185346503850653e-01
6.489960999566662947e-01
6.037400415560173483e-01
6.459627329192546563e-01
7.267969644107157290e-01
6.408960099556660905e-01
6.550628340314893494e-01
7.603917821309125191e-01
5.179224213602373617e-01
4.974333048144978786e-01
6.342737141523794309e-01
6.560406226735852053e-01
6.548183868709651634e-01
7.733641484905389163e-01
6.580295336614851998e-01
5.764119601328904219e-01
5.000000000000000000e-01
6.046122734697052525e-01
5.855620618006865952e-01
4.966666296292181482e-01
6.252180579784220038e-01
5.080167557417304414e-01
5.052667251858353747e-01
5.106445627173634705e-01
5.000000000000000000e-01
5.246169401882243566e-01
5.272836364848497714e-01
4.948110534561495077e-01
4.950721674685275020e-01
5.000000000000000000e-01
5.016722408026755842e-01
5.876231958132868138e-01
4.690607673418594192e-01
5.017055745063833117e-01
5.229946999411104747e-01
5.726396959966222333e-01
5.000000000000000000e-01
5.354448382759808833e-01
5.281558683985376756e-01
6.815964621829131431e-01
4.782386470960788283e-01
5.166890743230481142e-01
4.889998777764197335e-01
6.874187490972122339e-01
5.954343937154856770e-01
5.686840964899609885e-01
5.000000000000000000e-01
5.000000000000000000e-01
5.717396859965111489e-01
7.376304181157569140e-01
5.387059856220623999e-01
7.591195457727307749e-01
6.494627718085757007e-01
5.767175190835454046e-01
5.612951255013944873e-01
6.472071911910132203e-01
7.690307670085223535e-01
6.931410349003878091e-01
6.310625673618595055e-01
4.952666140734897082e-01
5.129279214213491311e-01
5.503838931543684199e-01
7.000522228024754767e-01
6.438849320548005739e-01
7.588417649084988614e-01
5.223946932743697147e-01
4.686552072800808655e-01
5.325892509916776429e-01
5.075111945688285386e-01
5.509561217346859996e-01
7.007355637284857774e-01
5.000000000000000000e-01
6.466849631662573428e-01
5.699896665518505712e-01
7.919310214557939709e-01
5.557172857476193606e-01
7.500861120679118699e-01
7.797753308370092284e-01
7.214024600273336585e-01
7.370637451527239925e-01
7.626806964521828380e-01
7.730641451571684808e-01
5.083389815442393989e-01
7.147746086067623406e-01
7.853087256525073112e-01
5.000000000000000000e-01
7.647862754030598786e-01
7.858976210846787547e-01
7.861087345414949912e-01
7.285303170035222209e-01
7.225524728052532542e-01
5.127945866065177771e-01
4.543106034511494307e-01
5.081278680874231624e-01
5.493005477838642792e-01
7.688640984899832720e-01
7.138857098412205726e-01
5.069722996922187974e-01
7.432193691041011352e-01
7.536972633029256352e-01
7.286080956455071034e-01
4.931832575917510231e-01
7.311970133001477468e-01
7.940032667029632840e-01
5.135390393226590966e-01
5.000000000000000000e-01
4.983388704318936768e-01
5.078778653096145401e-01
7.939088212091245378e-01
5.000000000000000000e-01
5.040611562350693076e-01
7.207080078667540413e-01
4.768497427749197048e-01
5.320059111767907467e-01
5.000000000000000000e-01
5.000000000000000000e-01
4.775719730219224468e-01
7.550417226858077147e-01
7.476194179935332640e-01
5.771064122934699281e-01
7.320636895965511037e-01
5.464782942032689883e-01
6.495461060678451304e-01
7.112079023100256192e-01
4.792386582073133727e-01
6.135623729152546169e-01
5.382337581528684467e-01
5.053611706796742320e-01
5.000000000000000000e-01
5.000000000000000000e-01
5.083389815442393989e-01
5.016611295681063787e-01
5.000000000000000000e-01
4.966388515427949124e-01
7.542139357103967434e-01
5.020166890743230637e-01
4.963110701230014077e-01
5.192279914221269443e-01
7.577306414515716515e-01
6.730630340337114825e-01
7.181302014466827144e-01
4.934721496905520866e-01
6.652962810697897744e-01
4.263325148057200975e-01
5.805731174790831339e-01
5.104778941988243890e-01
5.351892798808874918e-01
5.129556995077723114e-01
4.839998222202469003e-01
5.081445349392771371e-01
5.000000000000000000e-01
4.958110645673841077e-01
5.137501527794753331e-01
5.269669662996255832e-01
4.832498138868209780e-01
5.929121434682607106e-01
5.742952699474438427e-01
5.116556850631673870e-01
4.875220835787064111e-01
5.303392259913999318e-01
5.928788097645529831e-01
5.357837309303437046e-01
6.112179024211379375e-01
6.060956232847031222e-01
5.640173779708663737e-01
5.005333392593251940e-01
5.000000000000000000e-01
5.000000000000000000e-01
5.397282192024355219e-01
6.852742808253424744e-01
4.712885698729986084e-01
4.881054233935932518e-01
5.337725974733051881e-01
5.000000000000000000e-01
5.039889332103689723e-01
5.157779530883677133e-01
5.198724430271447483e-01
7.392193246591628464e-01
6.496849964999611426e-01
4.973333037033744741e-01
5.218391315459061097e-01
5.525005833398148880e-01
5.417449082767586965e-01
4.768664096267736241e-01
5.020333559261769274e-01
5.287725419171324104e-01
7.464638495983288990e-01
5.515950177224191453e-01
4.983277591973244158e-01
5.522172468582984273e-01
5.191946577184189948e-01
5.016722408026755842e-01
5.514505716730184748e-01
5.178446427182523681e-01
5.000000000000000000e-01
5.907121190235447017e-01
5.000000000000000000e-01
5.168446316070178792e-01
5.000000000000000000e-01
4.915999066656295824e-01
5.240613784597606406e-01
7.961088456538405467e-01
5.189224324714718506e-01
5.711841242680474329e-01
5.668785208724541613e-01
7.611862354026155408e-01
5.267780753119478687e-01
5.000000000000000000e-01
5.082056467294081559e-01
4.983166479627551548e-01
5.107278969766331223e-01
5.199279991999911088e-01
5.000000000000000000e-01
5.213335703730040960e-01
5.000000000000000000e-01
5.405726730297003568e-01
5.421893576595295805e-01
4.738830431449237990e-01
5.006222291358792820e-01
5.741063789597662392e-01
7.775030833675929953e-01
5.441116012400137869e-01
5.178335314836831627e-01
5.160501783353148575e-01
7.941199346659406633e-01
7.147523861376237075e-01
7.563306258958431005e-01
6.032844809386771479e-01
5.158335092612139627e-01
4.865165168501872084e-01
7.838864876276403493e-01
7.580028666985189068e-01
6.235013722374693756e-01
5.105390059889554077e-01
5.044500494449937200e-01
4.954832831475904920e-01
5.000000000000000000e-01
4.932221469127435198e-01
7.283858709541217724e-01
5.992288803208924985e-01
5.237224858053978194e-01
5.020833564817386296e-01
4.983166479627551548e-01
4.993166590739896993e-01
7.048411649018323510e-01
5.000000000000000000e-01
5.055778397537751268e-01
6.006122290247669637e-01
7.604973388593206929e-01
6.771019677996421571e-01
6.558795097723307821e-01
4.875665285169835661e-01
5.408226758075089791e-01
5.000000000000000000e-01
7.659862887365415096e-01
7.218635762619584062e-01
5.159446216069066837e-01
5.206224513605706150e-01
4.752386137623750839e-01
7.229858109534551547e-01
5.256002844476049818e-01
7.214857942866033103e-01
5.673674151935022003e-01
7.593084367604084894e-01
5.000000000000000000e-01
5.000000000000000000e-01
4.953777264191824847e-01
4.899887776530850170e-01
7.325914732385915284e-01
5.016611295681063787e-01
5.561728463649595611e-01
5.350059445104945466e-01
4.978333092589917186e-01
6.094178824209157685e-01
5.655173946377182181e-01
6.175179724219157507e-01
5.940288225424726898e-01
6.022400248891653929e-01
4.955999511105679267e-01
6.278958655096167352e-01
5.138834875943066871e-01
4.959388437649306924e-01
6.087400971121902371e-01
6.219069100767786740e-01
5.625062500694452128e-01
5.224169157435082367e-01
5.727063634040377993e-01
4.856609517883532234e-01
5.452060578450871331e-01
6.227735863731820309e-01
6.590295447727196887e-01
6.133957043967155354e-01
6.574295269947443288e-01
6.718296869965222351e-01
5.270836342626029625e-01
6.588295425504728797e-01
6.273069700774452917e-01
5.527616973521928267e-01
6.804408937877087782e-01
6.766519627995866148e-01
6.588073200813342467e-01
6.493405482283136632e-01
5.625062500694452128e-01
7.402637807086744903e-01
6.778964210713452898e-01
6.539739330437004394e-01
6.891854353937265643e-01
6.781075345281614153e-01
6.409515661285125621e-01
6.467960755119500638e-01
6.496961077345303481e-01
6.190957677307525886e-01
6.857742863809598299e-01
6.167290747674973872e-01
6.656851742797141869e-01
6.573517483527595573e-01
6.626962521805798145e-01
6.978966432960365118e-01
6.253625040278225633e-01
7.079300881120901279e-01
6.654407271191902229e-01
7.089634329270325663e-01
6.476294181046456933e-01
6.650629451438349049e-01
7.182968699652217959e-01
7.049522772475249610e-01
6.841742686029844700e-01
7.329303658929543497e-01
6.431738130423672040e-01
6.900076667518527662e-01
6.849964999611106720e-01
7.130523672485250541e-01
7.154301714463493500e-01
6.794742163801820167e-01
6.838853765041833510e-01
7.192413249036100353e-01
6.634851498349981780e-01
6.655518394648829439e-01
6.681963132923698367e-01
6.148734985944288578e-01
7.211191235458171978e-01
5.782508694541050875e-01
6.852965032944809964e-01
7.265414060156224485e-01
7.198191091012122733e-01
6.326292514361271380e-01
6.468071867465193803e-01
6.338181535350393414e-01
6.918632429249214066e-01
7.117856865076277462e-01
6.709963444038267166e-01
6.947966088512094185e-01
6.513405704507827521e-01
6.866409626773630759e-01
6.349959443993822283e-01
7.069634107045634774e-01
6.998633318147978732e-01
6.287736530405894086e-01
7.134301492238802611e-01
6.475627506972300163e-01
7.163857376193067950e-01
6.178624206935633412e-01
6.035955955066166778e-01
7.407526750297226403e-01
6.602184468716318921e-01
6.391515461282903932e-01
7.064189602106690780e-01
6.793186590962123628e-01
5.535617062411805067e-01
5.931621462460694438e-01
6.831187013189036206e-01
6.266625184724274877e-01
6.988410982344248623e-01
5.350503894487717016e-01
6.251958355092834818e-01
6.306625629173657765e-01
6.795075500838898552e-01
4.856165068500761239e-01
6.171068567428527052e-01
6.383737597084412352e-01
6.542628251425017805e-01
6.072067467416304432e-01
6.235180390893232394e-01
6.706852298358870756e-01
5.576284180935342505e-01
6.341737130412560264e-01
6.466738519316881373e-01
6.623851376126400625e-01
6.446404960055112099e-01
5.786953188368759715e-01
6.404793386593183868e-01
6.697296636629296307e-01
6.099845553839486900e-01
6.325292503250036225e-01
6.388959877331971127e-01
7.099634440382671663e-01
6.102512250136111760e-01
5.514283492038800638e-01
6.420404671163013610e-01
6.409960110667896060e-01
6.168624095823287412e-01
5.637395971066344602e-01
5.805175613062367734e-01
5.016722408026755842e-01
5.873843042700475081e-01
5.320281336459293797e-01
4.956388404315603680e-01
6.081289792108800496e-01
5.030778119756885713e-01
5.338948210535672256e-01
5.572284136490405215e-01
5.948177201968910532e-01
5.019055767286302316e-01
5.982066467405193766e-01
6.223624706941187634e-01
5.725174724163601958e-01
6.525516950188335885e-01
6.714741274903055501e-01
6.553183924265826299e-01
6.447960532894809749e-01
6.403960044000488461e-01
6.602073356370625756e-01
6.627740308225646970e-01
6.516961299569994370e-01
6.541406015622395209e-01
6.199402215580173126e-01
6.652407248969433029e-01
6.612740141557129636e-01
6.288292092134357691e-01
6.713852376137512401e-01
6.657851753908377024e-01
6.884965388504316053e-01
6.834520383559816725e-01
7.205635618173535928e-01
6.818631318125757401e-01
6.634962610695673835e-01
7.037855976177512796e-01
6.750075000833342109e-01
6.881187568750762873e-01
6.934854831720352886e-01
7.018633540372670732e-01
7.076634184824275309e-01
7.287858753986156124e-01
6.641407126745852985e-01
6.505183390926565501e-01
6.822409137879309471e-01
6.779519772441917613e-01
6.776853076145290533e-01
7.103856709518994172e-01
7.282858698429981459e-01
6.590073223035811667e-01
6.676851965021833868e-01
6.866409626773630759e-01
6.845964955166168320e-01
6.909410104556718002e-01
7.169412993477706220e-01
6.873854153935043954e-01
7.119190213224591002e-01
6.583962044022710902e-01
6.914632384804274556e-01
6.712407915643507916e-01
6.825853620595783156e-01
6.914410160112889336e-01
6.963966266291847784e-01
7.276636407071190860e-01
7.013077923088034682e-01
7.249302770030778831e-01
7.114634607051188997e-01
7.214969055211725157e-01
7.215635729285880817e-01
7.718752430582562774e-01
6.942077134190379750e-01
7.037967088523205961e-01
7.238858209535662391e-01
7.036078178646429926e-01
7.088189868776320068e-01
7.377804197824421317e-01
6.481516461294014597e-01
7.017411304570051467e-01
7.612084578717541739e-01
7.394082156468404499e-01
6.137179301992243818e-01
6.711519016877964816e-01
6.949743886043178165e-01
7.063189590995455625e-01
7.370970788564317200e-01
6.796519961332904147e-01
7.442638251536128902e-01
6.824298047756086616e-01
7.527305858953987627e-01
6.820853565039610711e-01
7.450971677463082976e-01
7.266525183613151695e-01
6.863631818131312734e-01
7.236747074967500026e-01
5.833287036522627478e-01
7.112856809520106127e-01
6.436404848942766099e-01
6.779853109478994888e-01
7.073189702107802734e-01
6.566517405748952818e-01
7.272080800897788855e-01
6.664962944032711833e-01
6.947743863820708965e-01
6.294069934110378961e-01
6.737185968732986030e-01
7.103523372481916898e-01
7.308970099667774223e-01
6.681296458849542708e-01
7.153523928043644675e-01
6.768852987255413733e-01
6.462627362526249808e-01
6.544183824264713234e-01
6.447960532894810859e-01
7.155190613229036600e-01
6.403960044000488461e-01
5.808175646396072089e-01
6.199735552617251511e-01
6.996522183579817478e-01
6.370959677329748327e-01
6.322403582262026145e-01
6.471405237835976543e-01
5.849509438993767407e-01
6.926854742830474976e-01
6.710963455149501211e-01
6.794742163801819057e-01
6.610629006988966161e-01
4.951277236413738070e-01
5.404393382148690028e-01
6.005733397037744670e-01
5.207113412371249250e-01
5.022500250002777111e-01
4.983166479627551548e-01
5.211391237680418342e-01
5.979399771108567796e-01
5.173057478416427379e-01
5.751508350092778832e-01
4.947277191968800225e-01
6.013733485927621469e-01
5.947066078511983322e-01
6.128956988410982909e-01
5.292169912999034054e-01
4.948832764808498430e-01
6.764964055156168499e-01
6.594628829209213672e-01
6.751575017500193177e-01
6.753630595895510069e-01
6.475405282280913832e-01
6.715741286014289546e-01
6.666296292181023153e-01
6.760186224291380164e-01
6.696963299592217922e-01
6.616629073656373761e-01
6.846631629240325090e-01
6.913743486038733677e-01
6.839964888498761830e-01
7.021633573706373976e-01
6.544183824264713234e-01
6.711741241569351146e-01
6.833964821831353120e-01
7.076634184824274199e-01
6.948966099623328230e-01
7.057189524328046915e-01
6.886854298381093198e-01
6.703741152679474347e-01
7.016300181113124257e-01
6.994744386048734608e-01
7.008744541606017897e-01
6.878631984799830068e-01
6.931632573695263311e-01
7.010966788519871207e-01
7.143634929276991841e-01
7.233747041633795671e-01
6.814297936643739506e-01
7.027300303336704301e-01
7.211080123112478812e-01
7.475305281169792870e-01
7.279525328059200939e-01
6.964632940366004554e-01
7.381859798442204079e-01
6.910299003322257771e-01
6.756075067500750819e-01
5.000000000000000000e-01
7.355970621895799866e-01
7.364970721896910710e-01
7.015744619384660652e-01
7.209857887309858437e-01
7.137301525572505856e-01
7.260525116945744095e-01
6.987299858887321413e-01
7.261414015711286085e-01
7.260525116945744095e-01
7.219524661385127162e-01
7.564972944143824041e-01
7.223191368792984957e-01
7.202968921876909958e-01
7.692529916999077955e-01
7.294414382382026218e-01
6.998188868765209403e-01
7.548528316981300001e-01
7.282969810775674624e-01
6.631629240324892205e-01
7.533972599695551997e-01
6.609740108223425281e-01
7.140412671251902266e-01
7.249636107067857216e-01
7.143968266314070226e-01
7.134301492238803721e-01
6.421738019311326040e-01
7.429860331781463767e-01
7.404304492272136828e-01
6.590851009455660492e-01
7.174190824342493444e-01
7.181968688540983914e-01
7.534083712041245162e-01
7.502861142901587899e-01
7.206413404593384753e-01
6.992855476171957463e-01
6.073400815564617972e-01
6.441182679807553324e-01
7.044633829264768110e-01
7.044189379881997670e-01
6.983522039133768233e-01
6.900632229246992377e-01
7.444304936721519717e-01
4.852998366648518247e-01
6.937743752708364076e-01
6.620073556372849666e-01
7.382970921899132399e-01
6.825520283558706991e-01
7.100190002111134158e-01
6.776964188490983698e-01
6.286403182257580546e-01
7.309414549050544663e-01
6.626406960077334540e-01
6.890521005788953213e-01
6.715296836631517996e-01
7.493083256480627119e-01
6.977744197157746964e-01
6.922632473694151356e-01
6.669074100823342288e-01
6.050067222969144343e-01
6.260736230402560443e-01
6.340292669918554669e-01
7.124301381126456612e-01
6.812297914421271416e-01
6.059733997044411957e-01
5.852509472327470652e-01
6.405293392148800891e-01
6.811409015655729426e-01
6.609628995877732116e-01
6.442071578573095314e-01
6.853409482327580404e-01
6.358626206957855853e-01
5.854953943932710292e-01
5.103723374704163263e-01
5.837509305658952208e-01
4.543050478338648279e-01
5.114056822853587647e-01
5.793064367381859370e-01
4.980499783330926133e-01
5.228169201880020767e-01
5.501505572284136614e-01
5.909121212457917327e-01
5.328170313003477432e-01
5.215391282125357852e-01
6.187402082245359036e-01
4.760608451205012859e-01
5.819842442693807794e-01
5.925843620484672059e-01
5.277947532750364434e-01
6.239402660029556014e-01
6.418404648940543300e-01
6.340959343992710329e-01
5.417060189557660888e-01
6.646407182302025429e-01
6.618073534150379356e-01
4.918943543817153596e-01
6.632962588473204635e-01
4.893276591962132382e-01
6.234958166201847174e-01
5.796731074789719385e-01
6.114734608162313290e-01
5.343948266091845811e-01
6.649073878598651399e-01
5.457171746352738051e-01
5.235280392004355576e-01
6.293403260036222191e-01
5.650396115512394957e-01
5.674729719219102630e-01
6.290958788430982551e-01
5.993622151357238526e-01
6.630962566250735435e-01
5.940899343326038196e-01
6.195735508172313111e-01
5.292836587073190824e-01
6.105623395815509280e-01
6.493849931665907071e-01
6.083178701985578751e-01
5.845509394548827897e-01
6.472294136601517422e-01
6.299514439049322956e-01
5.478505316725741370e-01
5.625173613040145293e-01
5.657173968599650271e-01
5.940066000733341678e-01
6.011844576050844324e-01
5.554395048833875581e-01
4.799942221580240087e-01
4.785053167257413698e-01
5.099223324703607840e-01
6.081512016800186826e-01
6.324292492138802180e-01
5.757397304414493266e-01
6.303736708185647686e-01
6.684852053911709557e-01
6.028733652596141024e-01
6.435293725485837779e-01
6.202291136568185426e-01
5.306725630284780948e-01
5.724396937743752023e-01
4.995055500616673028e-01
5.664285158723985081e-01
6.311736797075523375e-01
4.833609262325136435e-01
5.914843498261093124e-01
6.055733952599473557e-01
4.980277558639540914e-01
5.301170013000144898e-01
4.466716296847742518e-01
5.585728730319226010e-01
5.612729030322558543e-01
4.716441293792154044e-01
5.039500438893764755e-01
6.036733741486015603e-01
6.240069334103712784e-01
5.404393382148690028e-01
5.180835342614917849e-01
5.508950099445548698e-01
5.990288780986454675e-01
6.083289814331269696e-01
6.419071323014700070e-01
5.266280736452627620e-01
5.625840287114300953e-01
5.095334392604362606e-01
5.370837453749486290e-01
4.822498027755863781e-01
5.281836464849609669e-01
6.639629329214769005e-01
5.270614117934644405e-01
4.314270158557317325e-01
5.102278914210158778e-01
5.965621840242669727e-01
5.785842064911832505e-01
5.472060800675563330e-01
5.887398748874986820e-01
5.368281869798553485e-01
5.244724941388236861e-01
5.245169390771009521e-01
5.624729163657373743e-01
5.256725074723052060e-01
5.156446182735363593e-01
5.458505094501049371e-01
5.814953499483327404e-01
5.575173057478416405e-01
4.792275469727441672e-01
5.087056522850254003e-01
5.113501261125122932e-01
5.069611884576494809e-01
5.302170024111378943e-01
4.821942466027400731e-01
4.797164412937920952e-01
5.357503972266359771e-01
5.330614784608718182e-01
5.457505083389815326e-01
4.951610573450816455e-01
4.782719807997866113e-01
5.005555617284636050e-01
5.316614629051434893e-01
4.919443549372771174e-01
5.126056956188402847e-01
5.074945277169746749e-01
5.506727852531695389e-01
6.281736463738486487e-01
6.132734808164534979e-01
5.998622206913409860e-01
5.849398326648074242e-01
5.099723330259224863e-01
6.192957699529995086e-01
5.967621862465138927e-01
5.123723596928855262e-01
5.169168546317181034e-01
5.525394726608073848e-01
5.636507072300802612e-01
5.184613162368471029e-01
5.605395615506838514e-01
5.340503783375371016e-01
6.377959755108389972e-01
5.277280858676207664e-01
6.425960288447649660e-01
6.461627351415016873e-01
6.477960866231846637e-01
6.190735452616139556e-01
6.372515250169445977e-01
5.577284192046578770e-01
6.457293969933000088e-01
6.373626373626373187e-01
5.360948454982832345e-01
6.272403026700297257e-01
6.205624506938967055e-01
6.361848464982944318e-01
6.665296281069789108e-01
6.203902265580728548e-01
5.077167524083601169e-01
6.227735863731819199e-01
6.361515127945867043e-01
6.105512283469816115e-01
6.578406426738074853e-01
5.941066011844576833e-01
5.700730008111202229e-01
6.537628195868843139e-01
6.358848431649239963e-01
6.652296136623740974e-01
6.751852798364426089e-01
6.439960444004932949e-01
6.378293092145468357e-01
6.330292558806208669e-01
6.199291103234479960e-01
6.133290369892999694e-01
6.666407404526716318e-01
6.651629462549584204e-01
6.300958899543327441e-01
6.221513572373027490e-01
6.056622851365014437e-01
5.312725696952187437e-01
6.236180402004465329e-01
6.239291547683862849e-01
6.439849331659239784e-01
6.601517794642162151e-01
5.906621184679829994e-01
5.029389215435726701e-01
6.041733797042189158e-01
5.530839231547016732e-01
5.705174501938911069e-01
6.781853131701462978e-01
5.929288103201146853e-01
6.358737319303546798e-01
6.080845342726030056e-01
5.696618851320570664e-01
6.551183902043355989e-01
6.432182579806442480e-01
5.754730608117868407e-01
6.626740297114412925e-01
5.931399237769308108e-01
7.057078411982354860e-01
6.557072856365071534e-01
5.446838298203313666e-01
5.411615684618718003e-01
5.438727096967743702e-01
4.809608995655507702e-01
6.256736185957622043e-01
5.800731119234657784e-01
6.055400615562396283e-01
5.930732563695151338e-01
6.252736141512683643e-01
5.963844042711585747e-01
6.157401748908322148e-01
6.136290403226702939e-01
5.830509227880309453e-01
6.006844520494672990e-01
5.458838431538127756e-01
6.227069189657662429e-01
5.990066556295070566e-01
6.289069878554206516e-01
6.067400748897209262e-01
6.188290981010899916e-01
5.752952810586784427e-01
5.148834987055412871e-01
6.500516672407471441e-01
4.823553595039944408e-01
5.127001411126790309e-01
5.624506938965988523e-01
5.504505605617839858e-01
5.112945699396660437e-01
5.166501850020556175e-01
5.824509161212901853e-01
5.653951710574561806e-01
4.838831542572694655e-01
5.563284036489293261e-01
5.022500250002777111e-01
5.905398948877209619e-01
6.122512472360803759e-01
5.305836731519238958e-01
5.302947810531228878e-01
5.702952255025055539e-01
5.422282469805219662e-01
5.665285169835221346e-01
4.819720219113545756e-01
5.525394726608073848e-01
5.125612506805631297e-01
5.278058645096056489e-01
5.278614206824520094e-01
5.717174635273725158e-01
5.596951077234191274e-01
4.957610640118222944e-01
5.971288569872998941e-01
5.424726941410460412e-01
5.323614706830075427e-01
6.112401248902765705e-01
5.182335359281768916e-01
5.085945399393325683e-01
5.474171935243725695e-01
6.085734285936510446e-01
5.807953421704685759e-01
6.056400626673630327e-01
6.096401071123012105e-01
6.010066778519761455e-01
5.751841687129857217e-01
6.091178790875454441e-01
5.156501738908210175e-01
5.152835031500350160e-01
5.230835898176645626e-01
6.037178190868787153e-01
4.730719230213669135e-01
5.512505694507716658e-01
6.043289369881887918e-01
5.390504338937099904e-01
6.774297492194358838e-01
6.443404926721408854e-01
6.419960221780242060e-01
6.042067134079267543e-01
6.302736697074412531e-01
6.362292914365714758e-01
6.369626329181434787e-01
6.573073034144824023e-01
6.723352481694242488e-01
6.434404826720296899e-01
5.762730697007745206e-01
6.325959177324191884e-01
6.401404460049555656e-01
6.375404171157457167e-01
6.584406493405482452e-01
6.647296081067567419e-01
6.319959110656785395e-01
6.960077334192602549e-01
6.009177879754219465e-01
6.089400993344371571e-01
6.571850798342203648e-01
6.280514227935866112e-01
6.251291681018678048e-01
6.916854631718130086e-01
6.382404248936099922e-01
6.510627895865509496e-01
6.595962177357526102e-01
6.258736208180091243e-01
6.854631718130201889e-01
6.758630651451683624e-01
6.396737741530461596e-01
5.658285092056579701e-01
6.424293603262258845e-01
6.659073989710997399e-01
6.350292781030901779e-01
6.141623795819952658e-01
6.736297069967444040e-01
6.502072245247169091e-01
6.264402937810420458e-01
6.618184646496072521e-01
4.977388637651529724e-01
6.437293747708308089e-01
6.084623162479583236e-01
6.962521805797842189e-01
5.679396437738197800e-01
6.482405360059556587e-01
5.709285658729541524e-01
6.354403937821531123e-01
6.181068678540873051e-01
5.947288303203368542e-01
6.559628440316003228e-01
5.996955521728020155e-01
6.614406826742519341e-01
4.896776630851453760e-01
6.345292725474727114e-01
6.080623118034644836e-01
6.016066845187167944e-01
5.643173813042368092e-01
6.170846342737141832e-01
6.757963977377525744e-01
5.931177013077922888e-01
6.665518505761175438e-01
5.673396371070789090e-01
6.293403260036222191e-01
5.721508016755741943e-01
6.143290481005344583e-01
5.769841887132078906e-01
5.925176946410515288e-01
5.945066056289514123e-01
5.906843409371215214e-01
4.900165557395081972e-01
5.983622040244892526e-01
6.139734885943177733e-01
6.066289625440283162e-01
5.111390126556961677e-01
6.380293114367936447e-01
6.196735519283547156e-01
5.112334581495350250e-01
5.968177424193601421e-01
6.384070934121490737e-01
5.849509438993766297e-01
6.268180757563972527e-01
5.263614040156001650e-01
5.222002466694074529e-01
5.611062345137168839e-01
5.089945443838265193e-01
6.669962999588885388e-01
4.895165501838908972e-01
4.682163135145946398e-01
5.805953399482216559e-01
5.780953121701353226e-01
6.092845476060845256e-01
5.224613606817852807e-01
5.818509094545494253e-01
5.209057878420871868e-01
5.091834353715041228e-01
5.559728441427126411e-01
5.240169335214834856e-01
4.839275991955466205e-01
4.823386926521406326e-01
5.957510639007099762e-01
5.751841687129857217e-01
6.134179268658541684e-01
5.371059678440871510e-01
4.654940610451226979e-01
4.991055456171735738e-01
5.911065678507538834e-01
5.103556706185623515e-01
5.400948899432216344e-01
5.474171935243725695e-01
5.495283280925343794e-01
4.707496749963888671e-01
4.630384782053134085e-01
4.935054833942599251e-01
5.105945621618017682e-01
5.028166979633107436e-01
5.503283369815220594e-01
4.972277469749663004e-01
6.179846442738252676e-01
5.149668329648107168e-01
4.716274625273614296e-01
5.068834098156645984e-01
4.745497172190801805e-01
5.000000000000000000e-01
5.478894209935665227e-01
6.074067489638773631e-01
5.351503905598951061e-01
5.017500194446604667e-01
6.380515339059322777e-01
6.170179668662985062e-01
5.935177057522861288e-01
5.000000000000000000e-01
6.563406260069556408e-01
5.148834987055411760e-01
5.921732463694041604e-01
4.967221858020645087e-01
6.523294703274480355e-01
6.749186102067801230e-01
5.645173835264836182e-01
5.000000000000000000e-01
6.694963277369748722e-01
6.165790731008122805e-01
6.768964099601106899e-01
6.956077289747664150e-01
5.663507372304137366e-01
6.336959299547773039e-01
6.724963610706786721e-01
6.863187368748541184e-01
7.286192068800765309e-01
5.991233235924843248e-01
6.542628251425015584e-01
7.008744541606017897e-01
6.448960544006044904e-01
6.375959732885920772e-01
7.043133812597918153e-01
7.160746230513672650e-01
7.099634440382671663e-01
5.000000000000000000e-01
7.178635318170203394e-01
7.281414237935976974e-01
6.827631418126867135e-01
7.363526261402904005e-01
6.858853987266525509e-01
5.907510083445371984e-01
7.030855898398870041e-01
7.063078478649763570e-01
5.313336814853498735e-01
7.200357781753130570e-01
6.551628351426126429e-01
7.264858498427759770e-01
7.137190413226813801e-01
7.146857187302080305e-01
7.397748863876265624e-01
7.883198702207800945e-01
5.057778419760219357e-01
6.682074245269391533e-01
7.056633962599585530e-01
7.550972788586539641e-01
7.274303047811643275e-01
7.294525494727719384e-01
5.268502983366482040e-01
7.665640729341436366e-01
7.358637318192424726e-01
7.015411282347581157e-01
7.356859520661340746e-01
7.509638995988844323e-01
5.545839398215535176e-01
7.122523583595372632e-01
7.918310203446705664e-01
7.601195568839652639e-01
7.198191091012122733e-01
7.324525828064756272e-01
7.359415104612274661e-01
7.217524639162656852e-01
6.679407548972765563e-01
7.480194224380269929e-01
6.580628673651930383e-01
5.428449204991165900e-01
5.950732785919843337e-01
7.512305692285470293e-01
7.928310314559050553e-01
4.971944132712586284e-01
7.714641273791930098e-01
6.099623329148101680e-01
5.378670874120823342e-01
7.709530105890065599e-01
7.472971921910243065e-01
7.658085089834332226e-01
6.439182657585084124e-01
5.575673063034033428e-01
7.504750052778363933e-01
7.254525050278337606e-01
7.566306292292136471e-01
6.373515261280681132e-01
6.424015822398028153e-01
7.320303558928433763e-01
6.359403993377703568e-01
4.687440971566350645e-01
5.895843287147635170e-01
4.708163424038044331e-01
5.000000000000000000e-01
4.764164046267180819e-01
6.883743152701695678e-01
7.711641240458226854e-01
6.632851476127512580e-01
7.216746852742808027e-01
5.297336637073745136e-01
4.621773575261947098e-01
6.906187846531628427e-01
6.828298092201025016e-01
7.438193757708420062e-01
5.016722408026755842e-01
5.434727052522806412e-01
7.332748141646018292e-01
5.222780253113923354e-01
4.986388737652640568e-01
6.570961899576662768e-01
6.352181690907676703e-01
6.256513961266235713e-01
4.989499883332036978e-01
5.011222346914966375e-01
5.325948066089623012e-01
5.282114245713841472e-01
5.728674763052923335e-01
5.556228402537806144e-01
6.067734085934288757e-01
5.000000000000000000e-01
6.341514905721173934e-01
6.198124423604707278e-01
4.949054989499883650e-01
5.102112245691619030e-01
5.184779830887009666e-01
5.092834364826275273e-01
5.016722408026755842e-01
5.016611295681063787e-01
5.076223069145212596e-01
5.136057067300747736e-01
6.856853965044056309e-01
5.016611295681063787e-01
6.078289758775097251e-01
5.000000000000000000e-01
6.581073123034700822e-01
6.308792319914666713e-01
5.166946299403326615e-01
5.000000000000000000e-01
4.605773397482194609e-01
5.447838309314547711e-01
5.599395548839432024e-01
5.159057322859142980e-01
5.635951510572339007e-01
5.707063411815687104e-01
5.007444527161413195e-01
6.150235002611140755e-01
5.181335348170534871e-01
5.304447827198079946e-01
5.664729608106757741e-01
5.375448616095734877e-01
5.474838609317882465e-01
5.000000000000000000e-01
5.000000000000000000e-01
5.289947666085178524e-01
6.219235769286325377e-01
5.000000000000000000e-01
5.702896698852210067e-01
5.295336614851275936e-01
5.697341081567572907e-01
5.667007411193457633e-01
5.585228724763608987e-01
6.399959999555551171e-01
5.000000000000000000e-01
4.983388704318936768e-01
5.000000000000000000e-01
5.000000000000000000e-01
5.000166668518539748e-01
5.000000000000000000e-01
5.192502138912654663e-01
4.814997944421605114e-01
5.530839231547016732e-01
7.660529561439572976e-01
7.227635862620696017e-01
5.000055556172846583e-01
4.983388704318936768e-01
7.709974555272836039e-01
5.094167712974588813e-01
5.441504905610061726e-01
5.000000000000000000e-01
5.940621562461805283e-01
7.298303314481272563e-01
4.872331914799052921e-01
7.434749274991945267e-01
5.033500372226358266e-01
5.944399382215357353e-01
5.106834520383558562e-01
4.747219413549039757e-01
5.836175957510638668e-01
6.994188824320269893e-01
5.204168935210391478e-01
7.378859765108500834e-01
7.062634029266992020e-01
7.660418449093877591e-01
7.641307125634728692e-01
7.903532261469572440e-01
6.011844576050845435e-01
4.973277480860898714e-01
4.690996566628518605e-01
5.066500738897098399e-01
4.983277591973244158e-01
5.000000000000000000e-01
7.742030467005188710e-01
7.637640418226868677e-01
6.141623795819953768e-01
7.128634762608473396e-01
6.217291303236702760e-01
7.922532472583028174e-01
5.491894354381714471e-01
7.824531383682040708e-01
6.694629940332670337e-01
7.730530339225990533e-01
5.130834787053190071e-01
4.966555183946488317e-01
6.223958043978266019e-01
7.323414704607830172e-01
4.948610540117112100e-01
7.263969599662216670e-01
7.250969455216169646e-01
7.427638084867610457e-01
5.163779597551083622e-01
5.000000000000000000e-01
7.761308458982876246e-01
6.196846631629240321e-01
7.792975477505306170e-01
5.000000000000000000e-01
5.000000000000000000e-01
7.445082723141367431e-01
5.996288847653863385e-01
6.868409648996101069e-01
5.214780164224046555e-01
5.152557250636118358e-01
7.403748930543673223e-01
6.740519339103767660e-01
5.537005966732962969e-01
5.180890898787764431e-01
5.101334459271769095e-01
5.233447038300426124e-01
6.172290803231147427e-01
7.410193446593851263e-01
7.306747852753920913e-01
5.565839620440227176e-01
4.987499861109567778e-01
5.000000000000000000e-01
5.000000000000000000e-01
5.000000000000000000e-01
5.073611929021433209e-01
5.358559539550439288e-01
5.874620829120322796e-01
5.385782064245158152e-01
5.000000000000000000e-01
5.000000000000000000e-01
5.016944632718141062e-01
4.828164757386192996e-01
5.043556039511549738e-01
5.000000000000000000e-01
5.349448327203635278e-01
5.000000000000000000e-01
5.190224335825953661e-01
5.000000000000000000e-01
4.605440060445116224e-01
5.000000000000000000e-01
6.910965677396415652e-01
5.544172713030144362e-01
4.703330037000411634e-01
5.275058611762353245e-01
5.922621362459583594e-01
5.291725463616262504e-01
5.389948777208635189e-01
5.016722408026755842e-01
5.281058678429759734e-01
6.235402615584617614e-01
5.592673251925022182e-01
4.991055456171735738e-01
5.000000000000000000e-01
5.000000000000000000e-01
5.099445549394993060e-01
5.000000000000000000e-01
5.000000000000000000e-01
5.390171001900021519e-01
5.000000000000000000e-01
5.145446060511783548e-01
5.077445304947831861e-01
5.000000000000000000e-01
5.499561106234513996e-01
7.411304570050778473e-01
4.874887498749985726e-01
5.114056822853587647e-01
5.000000000000000000e-01
5.512394582162023493e-01
5.005555617284636050e-01
5.644007155635063500e-01
5.340892676585295984e-01
5.390782119801330596e-01
5.394615495727730359e-01
5.074667496305513836e-01
7.531861465127390742e-01
5.488394315492394204e-01
7.717419082434249233e-01
4.827942532694807776e-01
4.801553350592784319e-01
5.469338548206091888e-01
5.813397926643628644e-01
5.000000000000000000e-01
5.000000000000000000e-01
5.000000000000000000e-01
5.000000000000000000e-01
5.000000000000000000e-01
5.585950955010612340e-01
5.142390471005233721e-01
5.000000000000000000e-01
4.871776353070589316e-01
5.765008500094446209e-01
5.000000000000000000e-01
4.896276625295836737e-01
5.212280136445961443e-01
5.312281247569416998e-01
5.189668774097488946e-01
5.000000000000000000e-01
4.758052867254081164e-01
5.000000000000000000e-01
7.921088012089023689e-01
5.034944832720363861e-01
5.272391915465727275e-01
4.983277591973244158e-01
5.000000000000000000e-01
7.497749974999722289e-01
5.003722263580706597e-01
7.735530394782164088e-01
5.476727519194657390e-01
5.249836109290103581e-01
4.928110312336803633e-01
5.138668207424527123e-01
5.000000000000000000e-01
5.335892621029123539e-01
4.977888643207147301e-01
4.884054267269635763e-01
5.058167312970144325e-01
4.708663429593661909e-01
5.643618262425138532e-01
4.877109745663840146e-01
5.110112334581495830e-01
5.016722408026755842e-01
5.000000000000000000e-01
5.283447593862153902e-01
5.250447227191413768e-01
5.162501805575616665e-01
4.803220035778174579e-01
7.214635718174645662e-01
5.947843864931833258e-01
5.016722408026755842e-01
5.000000000000000000e-01
5.000000000000000000e-01
5.208557872865253735e-01
5.570728563650706455e-01
6.584517605751174507e-01
5.320670229669217655e-01
5.000000000000000000e-01
5.000000000000000000e-01
7.584862054022822875e-01
6.174735274836387067e-01
5.055167279636439970e-01
5.000000000000000000e-01
5.000000000000000000e-01
5.513950155001722253e-01
4.983277591973244158e-01
7.439971555239501821e-01
5.088167646307181213e-01
5.164835164835164250e-01
5.000000000000000000e-01
5.930843676040844503e-01
5.360170668562983520e-01
5.774841942688252461e-01
5.314559050656118000e-01
6.100678896432182308e-01
5.057833975933065940e-01
6.440293781042011334e-01
5.414504605606729193e-01
5.996955521728020155e-01
5.277336414849054247e-01
6.082734252602807201e-01
5.899009988999878162e-01
6.306181179790886215e-01
5.548061645129390707e-01
4.914387937643751592e-01
6.274847498305536897e-01
6.755075056389514554e-01
6.688185424282491187e-01
6.338459316214624106e-01
7.092523250258336853e-01
6.366848520539116763e-01
7.249191657685084555e-01
6.793075478616429352e-01
5.848398315536839087e-01
6.590517672418583217e-01
6.943521594684385345e-01
6.927632529250324911e-01
6.801853353926154977e-01
6.413515705730064020e-01
6.212402360026222370e-01
6.733185924288047630e-01
6.709518994655495616e-01
7.066856298403314529e-01
7.142634918165757796e-01
6.854742830475895055e-01
6.471960799564440148e-01
7.161635129279214640e-01
7.492416582406471459e-01
7.226191402126689312e-01
6.547072745252724424e-01
7.152635029278103795e-01
7.554528383648708711e-01
7.157079523105812635e-01
7.358859542883809945e-01
7.161857353970599860e-01
7.421971355237280132e-01
7.137301525572506966e-01
7.263525150279447340e-01
7.613195702174468948e-01
7.338637095967732726e-01
7.475305281169790650e-01
7.072967477416416404e-01
7.462527361415127736e-01
7.277747530528116959e-01
5.770953010589006116e-01
7.840198224424714812e-01
6.847631640351560245e-01
6.857298414426826749e-01
7.911532350359448129e-01
7.729641440460449653e-01
7.681418682429804745e-01
7.550528339203769201e-01
7.324859165101834657e-01
7.275969732997032979e-01
7.767086300958900846e-01
7.211635684840942417e-01
7.893976599739996880e-01
7.049967221858020050e-01
7.951532794808832127e-01
7.740086000955566092e-01
7.964866276291958647e-01
7.704418937988199989e-01
7.275191946577184154e-01
7.672863031811465451e-01
7.823309147879420333e-01
7.935754841720463748e-01
6.251847242747141653e-01
7.702863365148502339e-01
7.885976510850121191e-01
7.114634607051188997e-01
7.644862720696896652e-01
7.240080445338281656e-01
7.047522750252779300e-01
7.969310770119668597e-01
6.877187524305825583e-01
7.370081889798776320e-01
7.693974377493084660e-01
6.497849976110845471e-01
7.521750241669352688e-01
7.617306858965099403e-01
7.699863331814797984e-01
7.950866120734675357e-01
7.819086878743097824e-01
7.423526928076977782e-01
7.839753775041944373e-01
7.879865331837021536e-01
7.398415537950422394e-01
7.493527705863398669e-01
7.368637429304770725e-01
7.338859320659119057e-01
7.550861676240847586e-01
7.073189702107801624e-01
7.318859098434427057e-01
6.458960655118390903e-01
7.682863142923810340e-01
7.219969110767897602e-01
6.365292947699419113e-01
6.088623206924520526e-01
7.728752541694907663e-01
6.783408704541161738e-01
7.731419237991533633e-01
7.413082367581861343e-01
6.324514716830187400e-01
6.521628018089089540e-01
7.890309892332136865e-01
7.172524139157101519e-01
6.975521950243890323e-01
7.291636573739708194e-01
7.340414893498816706e-01
7.711419015766842744e-01
7.506750075000832023e-01
7.020411337903755822e-01
6.465960732897032548e-01
7.006744519383549807e-01
7.539528216980189157e-01
7.377526416960187294e-01
6.709407882309803561e-01
5.556283958710652726e-01
5.810731230347004894e-01
5.989177657529528576e-01
5.968844098267758191e-01
5.199891109901221276e-01
6.017955755063946199e-01
5.058500650007222710e-01
5.222502472249691552e-01
5.684952055022833850e-01
6.269791886576517870e-01
5.887509861220679985e-01
5.000000000000000000e-01
5.143390482116467766e-01
5.202780030889233576e-01
5.605451171679685096e-01
5.147057189524328891e-01
4.885665396282180550e-01
6.675074167490749888e-01
4.983388704318936768e-01
6.433515927954754909e-01
7.158412871254125065e-01
5.070334114823498162e-01
5.013277925310282157e-01
6.864409604551161559e-01
6.843409371215236625e-01
7.015077945310503882e-01
6.806520072445249037e-01
4.951110567895199432e-01
5.650229446993856319e-01
5.795619951332792175e-01
6.457516194624385308e-01
6.853520594673273569e-01
6.486072067467416602e-01
6.977744197157746964e-01
7.542750475005277622e-01
6.851409460105111204e-01
6.401515572395248821e-01
7.295414393493260263e-01
7.567028522539139823e-01
7.388193202146690064e-01
7.151190568784098200e-01
7.595084389826554094e-01
7.190191002122245933e-01
5.209891221013567275e-01
7.155746174957500205e-01
6.920965788508761651e-01
5.679118656873964888e-01
5.473949710552339365e-01
7.632307025633617847e-01
7.643307147857199002e-01
8.002977810864564390e-01
7.723974710830120438e-01
7.946310514561272242e-01
5.377004188935432527e-01
8.030978121979133189e-01
5.262114023489150583e-01
7.831309236769298243e-01
7.524972499694440042e-01
6.819520216891299391e-01
7.945643840487116583e-01
7.484972055245058264e-01
7.560417337970422036e-01
7.824309158990656599e-01
7.758530650340560442e-01
5.293836598184424869e-01
7.853865042944921937e-01
7.979533105923399816e-01
7.903976710852342880e-01
7.058522872476360455e-01
7.479083100923342720e-01
7.515972399693330308e-01
7.811086789853221024e-01
5.919176879743107689e-01
7.449638329314769436e-01
7.652751697241080286e-01
7.788086534294824670e-01
7.803753375037502105e-01
7.869531883687597151e-01
7.739308214535718378e-01
7.437415971288570127e-01
7.457527305858954181e-01
7.755975066389626527e-01
7.419749108323425713e-01
7.770753008366759751e-01
7.784753163924044150e-01
7.967421860242891452e-01
7.510861231791463588e-01
6.931632573695263311e-01
8.002755586173180280e-01
7.602528916987967289e-01
7.790086556517294980e-01
7.652085023166924627e-01
7.775308614540161756e-01
7.796864409604551405e-01
5.079556439515995336e-01
7.897754419493551170e-01
7.541750463894043577e-01
7.703418926876964834e-01
7.486416515739064970e-01
6.674185268725207898e-01
7.484860942899366210e-01
5.174390826564738699e-01
7.927532528139201728e-01
7.473749708330093000e-01
7.327525861398460627e-01
6.948743874931944120e-01
7.644973833042589817e-01
7.543750486116513887e-01
7.329192546583851442e-01
7.494749941666019044e-01
7.852865031833687892e-01
7.793531039233769775e-01
5.127223635818174419e-01
7.284080934232602944e-01
6.505294503272258666e-01
5.132612584584272941e-01
7.360415115723507595e-01
6.770964121823574988e-01
5.179446438293758836e-01
6.873076367515194018e-01
7.213635707063412728e-01
4.782608695652174058e-01
5.384726496961077524e-01
7.041744908276759141e-01
7.724641384904276098e-01
6.925521394682164766e-01
7.045078278647540770e-01
7.515639062656254143e-01
7.141079345326057926e-01
6.458960655118389793e-01
6.411293458816208490e-01
6.053956155068389577e-01
5.002611140123779387e-01
5.469005211169013503e-01
5.540172668585205962e-01
5.159835109278991805e-01
6.003011144568271007e-01
5.915954621718019224e-01
5.218391315459061097e-01
5.113612373470816097e-01
6.052956143957154422e-01
5.768952988366538026e-01
6.220069111879020785e-01
5.084834275936399584e-01
5.792564361826241237e-01
7.151968355203947025e-01
6.439904887832088587e-01
5.301725574728608503e-01
7.474805275614172517e-01
5.512450138334871186e-01
5.979066434071489411e-01
5.157279525328059000e-01
6.693963266258513567e-01
4.888665429615884905e-01
6.918410204557828846e-01
7.111745686063177807e-01
6.844631607017855890e-01
5.100723341370460018e-01
6.019677996422183597e-01
5.769841887132078906e-01
4.983277591973244158e-01
7.425860287336526477e-01
5.350170557450638631e-01
7.248080534228158456e-01
5.849731663685152627e-01
7.553972821920242886e-01
7.380970899676663199e-01
5.685952066134067895e-01
7.414971277458638488e-01
7.543861598462204832e-01
7.462749586106510735e-01
5.000000000000000000e-01
4.980999788886542601e-01
7.509083434260379608e-01
7.359970666340736045e-01
5.530617006855631512e-01
7.434971499683329377e-01
7.778086423182479781e-01
5.016500183335370622e-01
7.839864887387637538e-01
7.435415949066100927e-01
5.150890565450727543e-01
8.022422471360792784e-01
7.773086367626307336e-01
7.650640562672919032e-01
7.928532539250435773e-01
7.516083512039022363e-01
6.535461505127835302e-01
5.571173013033478005e-01
7.537639307103410902e-01
5.539617106856743467e-01
7.832087023189145958e-01
7.985755397282191526e-01
7.607862309581217009e-01
7.756975077500860571e-01
5.000000000000000000e-01
7.979755330614785036e-01
7.757086189846554847e-01
8.036422626918078294e-01
7.878087534305936446e-01
7.815753508372316194e-01
5.000000000000000000e-01
7.763419593551038611e-01
7.612640140446005343e-01
7.954088378759764932e-01
5.312892365470727185e-01
7.561417349081656081e-01
7.989199879998667431e-01
7.643640484894276277e-01
7.909976777519749369e-01
5.954177268636318132e-01
7.076856409515661639e-01
5.668340759341770063e-01
7.525861398459983143e-01
7.927199191102123343e-01
4.732830364781831500e-01
7.442860476227513011e-01
7.780642007133412585e-01
7.823198035533728278e-01
7.686196513294591970e-01
4.977333081478683141e-01
5.506616740186002223e-01
7.792864365159613005e-01
5.581839798219980775e-01
7.920088000977787424e-01
7.732197024411381348e-01
7.630751452793920198e-01
7.760641784908721696e-01
7.970088556539516311e-01
5.012777919754662914e-01
5.220558006200068935e-01
7.419637995977732547e-01
7.545528283647595646e-01
7.276303070034111364e-01
7.871754130601450461e-01
7.417971310792341733e-01
5.248336092623251403e-01
7.313414593495483063e-01
7.810309003433371089e-01
5.000000000000000000e-01
6.781186457627306208e-01
7.206524516939077918e-01
7.921532461471794129e-01
7.518972433027033553e-01
4.601995577728641429e-01
6.643962710696785789e-01
5.016944632718141062e-01
7.471416349070545415e-01
7.727752530583673618e-01
7.629529216991299823e-01
5.000000000000000000e-01
5.601951132790364829e-01
5.020055778397538582e-01
7.486305403393371805e-01
7.420304670051889318e-01
7.405082278691984543e-01
7.358748430538115670e-01
5.828953655040611803e-01
5.252502805586728440e-01
5.901510016777964385e-01
4.808997877754197514e-01
5.440171557461750407e-01
5.385615395726619514e-01
5.562061800686675106e-01
4.864054045044944874e-01
5.468616317959088535e-01
5.285225391393237881e-01
6.284514272380803401e-01
5.557950643896043541e-01
6.090845453838376056e-01
5.099056656185068093e-01
5.201835575950843893e-01
5.052389470994121945e-01
6.625629173657484605e-01
6.203180035333726305e-01
6.905965621840242097e-01
5.197391082123135053e-01
6.560072889698773668e-01
6.600517783530928106e-01
6.455627284747609274e-01
6.526961410682341480e-01
5.177168635207057834e-01
6.430627006966744830e-01
6.065400726674741172e-01
6.331514794608829044e-01
6.429515883509816510e-01
6.433849264991833294e-01
6.564072934143713178e-01
6.288069867442971361e-01
6.285736508183423776e-01
7.078967544083822894e-01
6.581406460071778097e-01
6.553739485994288794e-01
6.861854020600228754e-01
7.299192213246815664e-01
6.583295369948554132e-01
7.243302703363371231e-01
6.408737874865275685e-01
6.779408660096223338e-01
6.719852442804921111e-01
6.645407171190791384e-01
6.616851298347758981e-01
6.776964188490983698e-01
5.622173579706442048e-01
7.121190235447061312e-01
7.034967055189502716e-01
6.586628740319336872e-01
6.793631040344892957e-01
6.988855431727019063e-01
6.981410904565605868e-01
6.818297981088677906e-01
6.001400015555728995e-01
6.929410326781408891e-01
7.191857687307636748e-01
6.226402515583506769e-01
7.110634562606250597e-01
7.319970221891354267e-01
7.172857476194179904e-01
7.154190602117802555e-01
6.940521561350682100e-01
7.110856787297636927e-01
6.944632718141312555e-01
6.568850765008500403e-01
7.418415760175113283e-01
7.435304836720407762e-01
7.154190602117802555e-01
7.361304014489049585e-01
7.006855631729240752e-01
6.072511916799074871e-01
7.400748897209967758e-01
7.250747230524785536e-01
6.937410415671285691e-01
6.989744330492561053e-01
6.981188679874220648e-01
6.365070723008033893e-01
7.177857531750352349e-01
7.315414615717953373e-01
6.878409760108445958e-01
6.770964121823577209e-01
7.284747608306759714e-01
6.778408648984989293e-01
7.046744963832931585e-01
7.126745852731696251e-01
5.773175257502860536e-01
6.641407126745852985e-01
6.914743497149968832e-01
6.225402504472271614e-01
7.194746608295647938e-01
6.998522205802286678e-01
6.668018533539261661e-01
6.916632407026744866e-01
6.933410371226347291e-01
6.899409993444370892e-01
7.169857442860476660e-01
6.275736397071079997e-01
5.864065156279514301e-01
6.404515605728952066e-01
6.850742786030956655e-01
6.705185613173479942e-01
6.054622829142546347e-01
6.163068478538650252e-01
5.852620584673162707e-01
6.860409560106224269e-01
6.288736541517128131e-01
6.960521783575374100e-01
6.199846664962943565e-01
6.892743252702808743e-01
6.169846331625907787e-01
6.794742163801820167e-01
6.448404982277580189e-01
6.526516961299569930e-01
6.417515750175002420e-01
5.819731330348114628e-01
7.467638529316992235e-01
6.392182135357059591e-01
6.054622829142546347e-01
6.536850409448993204e-01
5.509838998211091798e-01
5.899176657518416800e-01
7.076856409515661639e-01
6.149957221746908953e-01
6.733963710707896455e-01
6.427738085978733640e-01
6.240069334103712784e-01
7.030300336670407546e-01
5.957288414315713432e-01
5.028278091978799491e-01
6.013622373581928304e-01
6.180679785330949194e-01
5.801175568617429334e-01
5.123056922854698492e-01
5.689063211813465415e-01
6.151068345203836163e-01
5.813953488372093359e-01
5.051722796919966285e-01
5.270058556206180800e-01
5.697729974777496764e-01
5.966510739008211717e-01
5.154946166068512525e-01
5.318503538928210927e-01
5.296392182135357674e-01
6.894743274925276832e-01
6.666518516872409483e-01
6.463182924254713413e-01
6.640184890943233720e-01
6.647407193413259474e-01
6.730963677374192100e-01
6.653962821809131789e-01
6.764519605773396949e-01
6.476627518083534207e-01
6.345626062511805499e-01
6.594295492172135287e-01
6.556961744019378369e-01
6.640296003288925775e-01
6.925076945299393216e-01
6.541517127968088374e-01
6.648740541561573014e-01
6.956299514439049370e-01
6.491072123023589047e-01
7.209968999655551603e-01
6.573295258836210353e-01
6.830075889732107886e-01
6.989410993455482668e-01
6.699296658851765507e-01
7.102634473716374908e-01
6.617962421804687301e-01
6.937965977399748185e-01
6.824298047756086616e-01
7.142857142857143016e-01
6.865742952699475099e-01
6.643740486005399459e-01
6.931632573695264421e-01
7.326970299669997022e-01
7.360415115723508706e-01
7.211302347803865143e-01
7.556195068834098416e-01
7.323748041644907447e-01
7.439749330548117712e-01
7.554861720685784876e-01
7.216080178668652367e-01
7.407748974988610513e-01
7.519416882409803993e-01
7.338525983622040672e-01
7.618640207113411833e-01
7.247413860154001686e-01
6.857742863809597189e-01
7.459193991044344996e-01
7.204302270025222388e-01
6.911854576161957642e-01
7.434082600917788497e-01
7.509083434260380718e-01
7.718196868854100279e-01
7.439749330548116601e-01
7.475194168824097485e-01
7.358637318192424726e-01
7.506305625618062694e-01
7.409193435482617218e-01
7.475527505861176980e-01
7.821642462694030629e-01
6.916299069989666481e-01
7.042189357659529581e-01
7.416526850298337248e-01
6.464960721785797393e-01
7.526083623151369473e-01
7.658973988599874216e-01
6.619740219335771281e-01
7.350637229302547926e-01
6.294736608184535731e-01
7.106078956432848592e-01
7.403748930543673223e-01
7.112079023100256192e-01
7.446860520672451411e-01
7.514639051545016768e-01
7.610973455260614529e-01
7.197746641629352293e-01
7.560972899698885641e-01
6.815631284792051936e-01
6.783186479849776518e-01
6.952855031722574575e-01
6.774075267502972508e-01
5.798953321703573804e-01
6.348181646462738303e-01
7.144746052733919051e-01
6.083734263714040136e-01
6.863854042822699064e-01
6.807853420593562577e-01
6.920299114434604881e-01
6.122068022978033319e-01
7.303525594728830228e-01
7.388637651529461614e-01
6.466182957588417768e-01
6.963188479871997849e-01
6.393293258813986801e-01
7.096412182357583198e-01
6.871298569984111149e-01
7.409526772519695603e-01
6.769186324292492118e-01
6.266069622995811272e-01
6.511627906976744651e-01
6.382404248936099922e-01
6.992522139134880188e-01
6.400293336592628446e-01
6.382182024244713592e-01
7.233413704596718397e-01
6.818631318125757401e-01
6.386626518072422432e-01
6.132623695818842924e-01
6.484072045244947402e-01
7.033189257658418736e-01
6.037622640251558703e-01
6.648851653907265069e-01
6.153068367426304253e-01
6.591295458838432042e-01
5.646173846376070227e-01
5.960844009377882502e-01
5.901732241469349605e-01
5.849398326648074242e-01
5.976733074811941826e-01
6.047289414326826318e-01
6.230402560028445169e-01
5.985955399504439001e-01
4.706830075889731901e-01
6.322292469916332980e-01
5.461727352526138946e-01
6.315625729174768610e-01
6.169735219280214622e-01
5.846842742697141437e-01
5.292503250036111329e-01
6.093734374826387246e-01
6.977188635429281138e-01
6.673074145268280688e-01
6.576961966244069258e-01
6.882520916899077523e-01
6.596073289703219267e-01
6.415071278569761670e-01
6.704185602062244786e-01
6.508183424260269856e-01
6.504516716852408731e-01
6.465071834131490558e-01
6.825742508250092211e-01
6.706963410704563922e-01
6.706630073667485537e-01
6.368848542761587073e-01
6.692852142801586357e-01
6.668296314403493463e-01
7.028744763830709896e-01
7.048856098401092840e-01
7.382082023133590409e-01
7.113967932977033337e-01
7.290081000900010544e-01
7.304636718185757438e-01
6.736741519350215590e-01
7.344970499672218711e-01
7.374637495972178325e-01
7.217302414471271632e-01
7.011411237902643867e-01
6.727296969966333196e-01
6.812075689729886196e-01
7.258969544106045335e-01
6.737074856387292865e-01
7.273636373737486505e-01
7.471749686107622690e-01
7.437638195979956457e-01
7.195857731752575148e-01
7.688418760208447500e-01
7.863309592328804332e-01
7.456527294747719026e-01
7.356637295969955526e-01
7.704085600951121604e-01
7.569972999699998706e-01
7.075189724330270824e-01
7.111856798408870972e-01
7.211191235458171978e-01
7.422526916965743737e-01
7.419637995977733658e-01
7.526750297225525133e-01
7.506972299692218353e-01
7.566084067600751251e-01
7.366304070045223140e-01
7.188190979899775623e-01
7.672307470082999625e-01
7.709196768852987214e-01
7.222191357681753132e-01
7.593973266369626884e-01
7.617529083656485733e-01
7.781530905898954575e-01
7.551083900932231696e-01
7.398304425604729229e-01
7.700641118234647919e-01
7.357748419426881625e-01
7.720085778730875203e-01
7.225858065089613147e-01
7.010189002100024602e-01
7.613973488594316663e-01
7.578528650318336890e-01
6.572184135379282033e-01
7.418415760175112172e-01
7.792864365159613005e-01
6.958966210735675340e-01
7.077856420626896794e-01
7.714307936754852824e-01
7.762308470094112511e-01
6.692741030455893192e-01
7.557195079945332461e-01
6.152846142734917922e-01
7.258636207068966950e-01
7.488860987344303499e-01
7.566750741674908021e-01
7.293303258925099009e-01
7.105523394704384987e-01
6.720074667496305221e-01
7.367970755230613955e-01
7.482972033022587954e-01
7.521083567595195918e-01
7.527972533028144397e-01
7.248636095956622061e-01
7.266747408304536915e-01
7.059189546550517225e-01
7.502194468827431129e-01
5.970399671107455841e-01
7.332748141646018292e-01
7.251747241636017360e-01
6.823742486027621901e-01
6.908965655173946452e-01
7.735197057745086813e-01
6.601517794642163262e-01
6.990411004566718933e-01
7.219080212002355612e-01
6.054733941488239513e-01
6.648296092178802574e-01
6.650185002055579719e-01
6.812409026766964582e-01
7.093634373715262953e-01
7.266080734230380145e-01
6.931632573695263311e-01
6.219624662496249234e-01
6.636962632918144145e-01
6.907298969988555637e-01
6.113179035322614530e-01
7.060967344081601205e-01
6.801853353926154977e-01
4.928721430238113821e-01
6.200513339037101446e-01
4.864220713563484622e-01
6.314959055100612950e-01
5.988399871109678640e-01
5.065278503094479134e-01
5.916843520483561214e-01
4.679607551195013593e-01
4.940277114190158025e-01
5.654785053167257214e-01
5.000000000000000000e-01
5.136168179646440901e-01
5.311170124112489788e-01
5.258669540772675788e-01
6.046289403215591163e-01
5.580006444516050212e-01
5.195891065456282876e-01
6.584017600195558595e-01
6.822520250225002636e-01
4.931554795053278428e-01
7.121079123101368147e-01
6.272069689663218872e-01
5.830287003188924233e-01
6.698018866876298549e-01
5.770730785897620896e-01
5.093167701863354768e-01
6.951521683574262145e-01
5.000000000000000000e-01
6.468627429193658518e-01
6.446849409437882539e-01
5.381448682763141367e-01
6.670629673663039938e-01
6.821409126768074316e-01
4.795108834542606280e-01
6.732963699596663520e-01
6.735852620584673600e-01
6.776575295281057620e-01
6.338070423004700249e-01
5.383004255602840127e-01
6.870965232947033874e-01
5.381893132145912917e-01
6.872298581095346304e-01
6.447071634129268869e-01
6.888965432949255563e-01
6.629629218102423005e-01
6.518739097101078350e-01
5.365392948810542295e-01
5.037167079634218281e-01
6.033400371115235084e-01
6.176846409404548321e-01
6.984188713207923893e-01
6.570961899576661658e-01
5.514450160557340386e-01
5.962177357526194932e-01
4.710274558606206696e-01
5.000000000000000000e-01
4.982888698763319191e-01
5.000000000000000000e-01
7.340414893498816706e-01
7.030078111979021216e-01
6.663407371193013073e-01
5.938065978510872478e-01
7.442304914499049406e-01
5.000000000000000000e-01
4.687052078356426232e-01
6.338403760041777524e-01
6.837631529239213135e-01
6.715852398359982711e-01
7.121412460138445422e-01
5.854731719241325072e-01
4.827720308003422556e-01
5.324003600040001505e-01
5.709674551939465381e-01
4.863442927143634686e-01
5.116723519150212507e-01
6.162512916810186647e-01
6.198179979777553861e-01
6.922965810731230851e-01
4.589828775875287592e-01
5.000000000000000000e-01
6.589073211924576512e-01
6.751297236635962484e-01
5.103945599395548482e-01
7.064522939143766944e-01
5.110390115445727632e-01
6.862909587884309381e-01
7.033078145312725571e-01
7.068745208280092784e-01
5.513727930310337033e-01
7.438638207091188281e-01
7.669196324403603215e-01
5.000000000000000000e-01
7.068967432971478004e-01
6.187068745208280651e-01
6.230735897065522444e-01
4.975777508638984381e-01
5.000000000000000000e-01
7.350748341648241091e-01
6.602184468716318921e-01
6.157068411871242652e-01
6.835298169979666660e-01
4.830442560472893998e-01
7.928754763941820993e-01
6.406237847087190573e-01
5.894843276036400015e-01
5.000000000000000000e-01
5.598284425382503704e-01
4.680163112923477198e-01
4.959221769130768287e-01
6.825186946521627496e-01
5.758063978488651147e-01
7.448304981166458116e-01
4.935721508016755465e-01
6.326070289669885049e-01
5.143946043844931371e-01
6.330292558806208669e-01
6.006344514939054857e-01
6.090289892109912451e-01
6.738408204535606405e-01
5.429615884620939692e-01
6.435738174868610439e-01
7.424860276225291322e-01
5.922843587150967704e-01
4.947721641351570110e-01
5.967177413082367377e-01
6.114234602606696267e-01
7.412749030544784068e-01
5.000000000000000000e-01
5.497172190802119829e-01
4.898387759863999102e-01
4.905887843198257769e-01
5.087112079023099476e-01
5.000000000000000000e-01
5.000000000000000000e-01
5.311725685840953393e-01
6.093956599517772466e-01
5.266336292625474202e-01
6.019677996422182487e-01
5.262725141390459660e-01
4.998888876543072790e-01
4.966055178390871294e-01
5.059667329636995392e-01
5.125501394459938131e-01
5.996677740863787243e-01
4.625273614151268475e-01
5.000000000000000000e-01
6.659740663785153059e-01
5.016722408026755842e-01
5.000000000000000000e-01
5.202113356815075695e-01
5.016611295681063787e-01
6.336681518683541237e-01
6.340514894609940999e-01
4.764164046267180264e-01
5.101445571617462260e-01
6.769852998366647778e-01
6.302070023000256871e-01
6.257236191513239065e-01
6.609295658840652621e-01
5.376948632762585945e-01
4.985999844442716156e-01
5.017611306792297832e-01
7.132745919399103851e-01
5.000000000000000000e-01
7.363192924365825620e-01
5.000000000000000000e-01
4.950388337648196080e-01
5.000000000000000000e-01
5.109890109890110610e-01
5.268891876576407007e-01
5.446393848820543226e-01
4.773719707996755268e-01
4.915387948754986192e-01
5.000000000000000000e-01
5.000000000000000000e-01
6.577184190935454478e-01
4.494494383270924986e-01
5.523728041422683033e-01
4.948499427771420045e-01
5.248113867931866183e-01
5.195279947554973798e-01
4.627273636373737675e-01
4.877387526528073058e-01
5.419226880298668725e-01
6.732297025522505640e-01
6.444849387215413339e-01
5.914954610606784069e-01
6.371515239058210822e-01
7.576750852787252910e-01
4.720219113545706113e-01
7.457193968821876906e-01
7.564417382415360436e-01
6.204402271136346680e-01
5.607562306247847461e-01
5.633007033411482345e-01
5.000000000000000000e-01
5.016722408026755842e-01
4.883276480849787493e-01
7.128634762608474507e-01
7.502416693518817459e-01
5.000000000000000000e-01
5.000000000000000000e-01
6.218624651385015190e-01
4.701052233913710632e-01
5.374615273503038360e-01
4.704441160457338844e-01
6.921632462582917311e-01
4.840942677140857575e-01
5.000000000000000000e-01
5.285169835220391299e-01
6.086289847664974051e-01
6.003622262469583415e-01
7.063300703341147679e-01
6.356403960044000323e-01
7.168857431749242615e-01
5.000000000000000000e-01
7.187190968788541579e-01
7.601973355259501464e-01
5.201391126568073453e-01
6.688074311936799132e-01
4.940610451227235855e-01
5.000000000000000000e-01
5.395948843876042789e-01
6.127734752608362534e-01
6.308292314359048580e-01
6.163512927921421802e-01
5.000000000000000000e-01
6.147290525450282983e-01
5.000000000000000000e-01
5.494116601295570002e-01
6.290681007566751859e-01
5.000000000000000000e-01
4.608828986988744436e-01
4.982944254936165773e-01
5.079334214824609006e-01
5.375059722885809910e-01
5.000000000000000000e-01
5.000000000000000000e-01
5.928176979744219643e-01
4.738330425893620967e-01
5.000000000000000000e-01
5.032833698152201496e-01
4.858387315414615659e-01
7.121190235447061312e-01
5.000000000000000000e-01
5.000000000000000000e-01
4.892332137023744920e-01
7.320748008311204202e-01
5.000000000000000000e-01
5.033444816053511683e-01
5.000000000000000000e-01
7.451416126845854526e-01
6.774964166268513388e-01
5.090167668529650413e-01
7.176079734219268369e-01
6.195402171135234726e-01
5.000000000000000000e-01
5.703841153790598639e-01
5.749008322314692609e-01
5.000000000000000000e-01
5.856565072945254524e-01
5.793175479727552535e-01
5.236669296325514589e-01
5.212613473483038717e-01
5.000000000000000000e-01
5.000000000000000000e-01
5.277503083367592884e-01
4.792497694418826892e-01
5.189502105578950308e-01
5.615951288347649228e-01
5.382282025355837884e-01
4.767997422193579471e-01
4.874109712330137456e-01
5.682229802553361298e-01
4.896109956777297545e-01
5.000000000000000000e-01
5.000000000000000000e-01
5.572673029700330183e-01
6.548072756363959579e-01
5.000000000000000000e-01
6.979077545306059394e-01
5.413504594495494038e-01
5.000000000000000000e-01
5.000000000000000000e-01
5.000000000000000000e-01
5.123112479027545074e-01
4.897998866654074135e-01
6.323348037200413607e-01
5.000000000000000000e-01
7.597751086123178954e-01
5.082056467294081559e-01
5.079334214824609006e-01
6.165846287180968277e-01
5.089612106801186808e-01
5.391282125356947619e-01
5.561895132168135358e-01
5.520450227224746875e-01
5.591617684640940444e-01
5.016722408026755842e-01
5.000000000000000000e-01
5.424949166101845632e-01
5.143779375326392733e-01
5.000000000000000000e-01
5.894065489616551190e-01
4.783553150590562075e-01
5.294836609295658914e-01
5.508672318581318006e-01
5.373615262391804315e-01
5.174057489527661424e-01
7.337970421893575956e-01
5.373337481527572512e-01
5.523672485249836450e-01
6.487405415615729032e-01
7.783642040467116940e-01
5.000000000000000000e-01
5.209780108667874110e-01
5.487005411171235192e-01
4.929554772830809783e-01
5.347281636462628551e-01
6.048733874820831913e-01
5.203113367926310850e-01
4.782775364170712695e-01
4.893387704307826103e-01
4.987166524072489393e-01
5.010777897532194824e-01
5.051222791364348152e-01
5.085500950010556354e-01
5.926843631595906103e-01
5.991733241480459160e-01
5.831398126645852553e-01
5.058278425315836380e-01
5.273225258058422682e-01
5.000000000000000000e-01
5.986622073578595771e-01
5.125779175324169934e-01
5.468449649440549898e-01
5.000000000000000000e-01
7.667974088600983951e-01
5.000000000000000000e-01
4.485494283269814697e-01
4.966166290736563349e-01
5.000000000000000000e-01
5.016611295681063787e-01
4.925721396904410576e-01
5.000000000000000000e-01
6.319847998311092230e-01
5.000000000000000000e-01
4.614106823409148683e-01
5.133445927176968349e-01
5.000000000000000000e-01
5.910399004433382064e-01
5.905732285914288004e-01
6.254680607562306260e-01
6.631907021189125118e-01
5.000000000000000000e-01
5.233780375337504509e-01
7.373748597206635225e-01
5.722952477249747538e-01
4.881498683318704068e-01
5.339670440782675609e-01
4.950388337648196080e-01
7.613417926865854168e-01
5.000000000000000000e-01
5.000000000000000000e-01
5.000000000000000000e-01
5.054167268525204815e-01
4.962166246291625504e-01
5.364837387082079800e-01
5.000000000000000000e-01
4.756775075278613651e-01
4.983277591973244158e-01
5.000000000000000000e-01
5.000000000000000000e-01
5.000000000000000000e-01
4.782442027133634310e-01
5.014166824075823037e-01
5.000000000000000000e-01
5.275725285836510015e-01
5.252725030278113660e-01
4.737052633918154565e-01
5.000000000000000000e-01
5.000000000000000000e-01
5.216502405582283952e-01
5.000000000000000000e-01
6.361292903254480713e-01
5.949232769252992270e-01
5.866620740230447106e-01
5.410726785853176013e-01
5.734952610584562738e-01
5.933177035300392088e-01
5.580950899454438785e-01
6.271958577317524597e-01
5.092612140134890053e-01
6.237180413115701594e-01
6.218069089656551585e-01
5.884732052578361960e-01
6.053567261858464610e-01
6.132901476683074726e-01
4.965055167279636139e-01
5.320725785842065347e-01
6.479516439071545397e-01
6.837853753930598355e-01
6.807853420593561466e-01
6.904632273691929667e-01
6.386070956343959937e-01
6.342181579795330704e-01
4.958888432093689902e-01
6.862854031711463909e-01
6.905632284803163712e-01
6.891187679863109983e-01
4.867665196279958861e-01
6.340403782264247834e-01
5.738674874165268225e-01
6.828742541583794345e-01
6.629406993411037785e-01
5.646618295758841777e-01
6.575406393404370498e-01
7.143857153968377061e-01
6.661407348970543874e-01
6.947632751475015800e-01
5.016500183335370622e-01
6.816297958866209816e-01
6.961410682340913869e-01
6.856076178624208595e-01
6.550517227969199219e-01
6.002288914321269875e-01
6.874298603317814393e-01
4.846831631462571455e-01
7.069300770008555279e-01
6.860076223069144774e-01
5.360948454982833455e-01
7.598973321925801550e-01
7.584306492294359270e-01
7.255302836698186431e-01
6.662074023044699533e-01
7.195524394715496763e-01
7.279747552750586159e-01
7.764308492316581711e-01
7.201635573728597528e-01
4.974221935799286731e-01
7.482416471294124349e-01
7.657085078723097071e-01
6.856298403315592704e-01
7.570417449082766925e-01
7.134190379893110556e-01
7.060300670007444435e-01
7.416304625606950918e-01
6.831853687263191865e-01
6.693741041567128347e-01
7.836642629362549073e-01
7.141412682363137421e-01
7.672085245391615516e-01
7.401415571284124528e-01
7.354192824364715886e-01
7.237858198424427236e-01
7.235969288547648981e-01
4.509438993766597958e-01
7.559417326859187991e-01
7.114523494705495832e-01
7.597862198468872119e-01
7.415860176224180478e-01
7.558639540439338056e-01
6.166068511872355717e-01
7.530194779942001038e-01
7.246191624351381311e-01
7.540528228091423202e-01
8.036422626918076073e-01
7.052022800253335832e-01
7.148301647796085900e-01
7.194302158912876388e-01
7.601751130568117354e-01
6.810853453927265821e-01
7.526416960188446748e-01
6.887520972455248858e-01
6.725185835398171941e-01
7.654529494772164266e-01
5.068334092601028962e-01
7.481083123145813030e-01
8.007200080000889120e-01
4.989166546294958593e-01
6.463960710674562238e-01
7.172301914465715189e-01
7.610306781186457759e-01
7.785086500961122535e-01
7.340303781153123541e-01
6.638184868720764520e-01
6.717407971199680361e-01
7.090078778653096103e-01
7.577861976244180120e-01
6.933632595917732511e-01
7.035022611362348188e-01
7.345637173746375481e-01
6.389515439060433621e-01
7.406860076223068523e-01
6.870076334181490774e-01
6.428626984744274520e-01
7.218413537928197732e-01
7.261080678674207700e-01
7.760641784908721696e-01
6.538405982288693075e-01
7.478860876231958610e-01
7.031633684818719976e-01
7.399304436715963273e-01
7.811197902198913079e-01
7.434415937954865772e-01
7.142301581128679411e-01
6.715741286014289546e-01
7.031300347781642701e-01
7.513972377470859998e-01
5.137834864831830606e-01
6.928743652707253231e-01
6.468960766230735793e-01
6.172290803231147427e-01
5.033611484572050321e-01
4.963110701230013522e-01
5.160224002488916772e-01
5.390337670418560156e-01
5.598506650073888924e-01
4.922388026533628391e-01
5.102556695074389470e-01
5.000000000000000000e-01
5.334170379670885032e-01
5.931843687152080768e-01
5.929010322336913941e-01
5.475394171046346070e-01
5.835064834053711458e-01
6.075623062478472391e-01
5.805564506272291592e-01
6.152401693352148593e-01
6.799464438493760809e-01
5.001277791975466958e-01
4.831331459238436543e-01
5.133501483349814931e-01
6.375181946466071947e-01
6.255569506327848250e-01
6.584962055133944947e-01
6.359737330414781953e-01
5.331003677818642039e-01
6.326403626706963435e-01
4.996499961110678623e-01
6.705852287247635601e-01
5.868509650107223141e-01
6.645407171190791384e-01
4.819109101212235569e-01
7.546194957721752417e-01
5.422393582150912827e-01
7.156523961377349030e-01
6.963299592217691014e-01
7.060411782353136489e-01
7.241969355215056581e-01
6.978855320614674174e-01
7.561195124390270861e-01
5.392171024122489609e-01
7.215635729285881927e-01
7.036744852720586696e-01
7.297747752752807848e-01
6.069122990255446659e-01
4.983277591973244158e-01
5.939565995177724655e-01
6.384293158812875957e-01
5.000000000000000000e-01
4.965277391971021359e-01
6.992522139134879078e-01
7.672085245391615516e-01
5.900398893321037175e-01
7.754752830587006152e-01
5.000000000000000000e-01
7.165079611995688325e-01
7.460971788575430086e-01
6.503627818086867851e-01
5.262947366081845990e-01
6.895854398382204042e-01
5.489449882776475942e-01
7.795642173801933250e-01
7.467749641662684290e-01
5.506394515494617004e-01
7.212191246569407133e-01
5.181502016689074619e-01
6.414960166224068505e-01
7.675863065145168695e-01
6.794742163801819057e-01
5.071111901243346987e-01
7.107967866309624627e-01
7.682529805886731955e-01
7.772864142934921006e-01
5.025278058645096246e-01
6.515350170557451248e-01
7.726419182435360078e-01
7.896754408382316015e-01
5.025500283336481466e-01
7.895865509616772915e-01
5.386337625973621757e-01
5.005111167901865610e-01
7.689752108356759930e-01
4.896998855542839535e-01
5.016611295681063787e-01
5.129168101867798146e-01
5.209613440149335473e-01
4.983388704318936768e-01
7.337525972510805516e-01
7.686640962677362410e-01
7.637418193535483457e-01
6.221291347681641160e-01
7.918643540483784049e-01
4.908776764186268404e-01
5.863176257513972311e-01
5.000000000000000000e-01
7.449304992277692161e-01
4.921721352459472176e-01
7.588084312047911340e-01
5.015166835187058192e-01
6.982522028022534188e-01
7.458082867587417786e-01
5.967010744563827629e-01
7.734641496016622098e-01
4.693441038233758245e-01
5.165835175946398294e-01
7.219080212002355612e-01
7.421304681163125583e-01
5.103556706185623515e-01
8.028978099756662878e-01
5.135057056189513691e-01
7.711530128112533689e-01
7.376081956466182810e-01
7.325414726830298262e-01
6.135512616806854114e-01
4.783886487627639905e-01
5.016722408026755842e-01
7.265302947810532430e-01
5.000000000000000000e-01
7.680418671318570700e-01
5.582117579084211467e-01
5.444060489560994531e-01
7.233080367559640012e-01
7.099189990999899003e-01
7.416637962644030413e-01
4.775886398737764216e-01
7.637529305881176622e-01
7.479194213269035885e-01
7.538972655251725552e-01
5.390448782764253322e-01
6.025400282225358284e-01
6.310181224235824615e-01
5.379893109923443717e-01
5.928176979744219643e-01
5.036555961732908093e-01
5.000000000000000000e-01
4.934888165424060613e-01
4.986666518516871816e-01
4.929999222213580223e-01
5.499727774753052634e-01
5.309558995099945555e-01
5.646729408104534942e-01
5.436004844498272259e-01
4.979221991355459176e-01
5.202502250025000663e-01
5.656451738352648029e-01
5.641840464894054552e-01
6.177513083478706202e-01
6.789297658862876172e-01
4.994055489505439538e-01
6.738741541572683680e-01
5.147168301870020946e-01
5.944732719252436848e-01
5.933121479127545506e-01
6.845520505783397880e-01
6.539961555128390724e-01
5.373948599428882700e-01
6.463294036600406578e-01
4.999555550617229560e-01
5.733619262436249198e-01
5.000000000000000000e-01
5.000000000000000000e-01
5.000000000000000000e-01
5.258669540772675788e-01
5.200335559283991715e-01
7.173413037922643509e-01
5.310559006211179600e-01
7.571528572539695245e-01
5.387282080912010329e-01
6.402737808197869196e-01
5.845787175413060810e-01
6.266402960032888547e-01
5.734341492683252550e-01
5.460560672896366263e-01
5.481394237713752560e-01
5.425060278447538797e-01
5.016722408026755842e-01
5.193835487060967093e-01
5.188057645084944713e-01
4.944499383326481090e-01
8.027089189879886844e-01
6.096956632851475710e-01
7.630195891065456593e-01
5.294614384604272583e-01
5.000000000000000000e-01
7.488194313270146729e-01
6.624740274891943725e-01
5.955843953821708947e-01
5.142890476560850743e-01
5.204168935210390368e-01
5.780286447627196456e-01
5.000000000000000000e-01
5.407282303136701218e-01
4.880220891343236556e-01
6.886298736652629593e-01
5.000000000000000000e-01
5.103501150012778043e-01
7.949754997277747037e-01
5.485116501294458047e-01
5.482338692652140022e-01
5.000000000000000000e-01
6.267236302625583955e-01
5.771786353181702633e-01
7.838087089856553558e-01
7.311303458927321808e-01
5.229058100645562757e-01
6.507738974877498306e-01
4.953666151846131682e-01
7.692307692307692735e-01
5.000000000000000000e-01
4.782997588862098470e-01
5.448449427215857899e-01
4.983277591973244158e-01
5.000000000000000000e-01
7.848864987388748382e-01
4.983277591973244158e-01
7.546639407104522856e-01
5.000000000000000000e-01
5.176113067922977207e-01
6.382182024244713592e-01
4.750275003055590139e-01
5.000000000000000000e-01
4.480549783886487170e-01
5.891565461838463857e-01
5.156057289525438625e-01
7.239413771264125996e-01
7.542306025622507182e-01
5.310503450038333018e-01
7.309858998433316213e-01
4.983277591973244158e-01
7.885420949121657586e-01
4.928832542583806431e-01
4.837942643807153775e-01
5.114056822853586537e-01
4.754108378981988792e-01
7.014855720619118662e-01
5.000000000000000000e-01
7.765419615773507811e-01
5.278058645096057599e-01
6.417626862520695585e-01
7.292192135468172909e-01
6.831631462571805535e-01
5.150168335203724190e-01
6.025844731608128724e-01
7.198857765086279503e-01
6.761964021822464144e-01
5.000000000000000000e-01
5.043389370993011100e-01
5.205502283358705018e-01
5.482283136479294550e-01
4.983277591973244158e-01
5.193613262369582984e-01
5.000000000000000000e-01
7.274858609540105769e-01
5.416171290792120008e-01
5.247613862376248051e-01
6.636073734152602155e-01
6.220513561261793445e-01
6.090289892109912451e-01
6.082067578528650431e-01
6.148734985944288578e-01
5.448282758697318151e-01
5.515950177224191453e-01
5.612062356248402883e-01
5.886954299492217491e-01
5.599506661185125189e-01
5.495061056233958574e-01
6.146179401993355773e-01
6.018177979755330309e-01
5.993511039011545360e-01
5.926510294558828829e-01
6.216069067434083495e-01
5.578173090812119650e-01
6.706630073667484426e-01
6.773075256391737353e-01
6.983855376170846618e-01
6.789186546517183007e-01
5.681507572306359055e-01
6.337848198313313919e-01
6.189068767430748741e-01
6.958577317525750372e-01
6.373626373626373187e-01
6.626518072423026595e-01
5.214724608051201082e-01
6.484294269936332622e-01
6.931632573695263311e-01
6.544850498338871114e-01
5.962177357526193822e-01
6.613517927976977351e-01
7.414415715730174883e-01
7.661307347859420691e-01
6.895409948999433603e-01
7.073411926799186844e-01
7.023855820620228396e-01
7.132634807053410686e-01
6.491627684752052652e-01
7.368637429304769615e-01
7.079634218157979664e-01
7.502416693518817459e-01
6.655073945266058999e-01
7.195413282369804708e-01
6.761408460094001649e-01
6.470627451416126608e-01
6.726852520583561645e-01
7.193302147801641233e-01
7.678751986133178775e-01
6.258402871143012858e-01
7.259747330525895270e-01
6.978633095923288954e-01
7.320970233002588312e-01
7.284080934232601834e-01
6.734519272436361170e-01
7.728752541694907663e-01
7.266080734230380145e-01
7.461305125612508471e-01
6.902076689740996862e-01
6.732852587250969245e-01
6.825075834175935441e-01
7.490527672529694314e-01
6.850965010722340764e-01
7.746308292314360022e-01
6.602851142790475691e-01
7.308636762630695838e-01
7.501083345370506139e-01
7.274414160157334219e-01
7.314747941643795492e-01
6.757963977377525744e-01
7.759308436760408156e-01
7.615973510816786973e-01
7.347414971277458351e-01
7.803420038000421499e-01
7.894198824431383210e-01
7.588750986122068110e-01
7.720196891076567258e-01
7.391082123134702364e-01
6.676851965021832758e-01
7.355637284858720371e-01
5.914621273569705684e-01
6.892187690974345138e-01
6.378293092145468357e-01
6.242736030400337643e-01
7.550750563895154421e-01
7.649640551561684987e-01
7.604973388593206929e-01
7.734641496016623208e-01
7.350970566339627421e-01
7.672307470083001846e-01
7.757419526883633232e-01
7.646862742919365852e-01
7.424082489805443608e-01
6.830742563806264656e-01
7.570084112045689650e-01
7.413637929310324948e-01
5.778286425404727256e-01
7.118634651496127397e-01
7.336525961399571472e-01
7.581528683652041245e-01
7.157190635451504690e-01
7.375637507083412370e-01
7.125523616929076987e-01
7.640418226869187812e-01
6.778075311947910908e-01
7.102523361370681743e-01
7.082856476183068128e-01
6.551850576117512759e-01
7.051189457660640425e-01
6.871965244058266808e-01
7.521528016977966358e-01
7.213302370026333232e-01
6.795186613184589497e-01
6.901521128012534367e-01
5.980177557528416621e-01
6.722408026755851695e-01
6.733408148979433960e-01
6.747297192191024084e-01
6.589628773653040117e-01
6.382515361281790867e-01
6.520850231669240715e-01
5.981399793331036996e-01
6.440293781042011334e-01
6.693741041567128347e-01
6.117845753841708589e-01
5.774619717996867241e-01
6.917854642829364131e-01
6.392959921776909527e-01
6.327736974855275864e-01
5.668618540206001866e-01
5.140057111745686136e-01
6.117956866187400644e-01
5.144001600017777953e-01
6.077067522972477986e-01
5.988399871109678640e-01
6.223180257558417194e-01
5.359615106834519915e-01
6.194068822986922296e-01
5.807175635284836934e-01
6.278514205713396912e-01
6.183846487183191076e-01
5.213946821631351147e-01
6.158179535328169862e-01
5.997733308147867870e-01
6.690852120579118267e-01
6.668518539094878683e-01
6.164624051378349012e-01
6.825742508250091101e-01
6.872965255169503074e-01
6.951299458882875815e-01
7.292747697196636514e-01
6.383404260047333967e-01
5.898176646407182755e-01
6.652185024278047809e-01
6.536294847720529599e-01
6.742408248980544805e-01
6.941410460116224090e-01
6.591406571184124097e-01
6.578517539083768018e-01
6.736297069967444040e-01
7.152635029278102685e-01
7.653973933043700661e-01
7.337414860165112351e-01
7.247413860154001686e-01
7.629529216991299823e-01
7.229635884843164106e-01
7.277747530528116959e-01
7.744641607128968097e-01
6.896187735419282427e-01
7.460971788575427865e-01
7.370970788564317200e-01
7.335748174979722647e-01
7.504083378704207163e-01
7.249136101512239083e-01
6.823409148990544626e-01
7.332748141646018292e-01
7.692752141690463175e-01
7.745197168857431702e-01
7.318636873743041837e-01
7.770975233058144971e-01
7.688529872554139555e-01
6.922965810731230851e-01
7.959421771353014652e-01
7.399415549061656439e-01
7.366526294736608360e-01
7.617529083656484623e-01
7.652529472549695067e-01
7.492861031789241899e-01
7.516639073767485968e-01
6.994855498394427773e-01
7.718530205891176443e-01
7.964755163946265482e-01
7.911643462705141294e-01
7.448082756475071786e-01
7.142301581128678301e-01
7.734419271325236878e-01
7.399193324370271219e-01
7.408860098445537723e-01
7.791753241702685795e-01
7.384415382393137994e-01
7.519750219446882378e-01
7.561861798464426521e-01
7.664862942921587541e-01
7.202913365704064486e-01
7.693863265147390385e-01
7.951866131845909402e-01
7.968755208391204992e-01
7.868198535539283611e-01
7.470527450305003425e-01
7.561417349081657191e-01
7.545750508338980866e-01
7.647862754030599897e-01
7.124523605817841831e-01
7.677196413293480015e-01
6.862409582328692359e-01
7.885198724430271255e-01
7.378637540417116725e-01
7.159635107056745440e-01
7.422193579928665352e-01
7.932199246658296898e-01
7.647640529339214677e-01
7.782308692318804511e-01
7.771197457749530191e-01
7.917199079989777344e-01
6.634073711930132955e-01
6.600628895876621272e-01
7.618195757730642503e-01
7.442082689807664186e-01
7.738308203424482112e-01
7.571861909576773630e-01
7.524972499694442263e-01
7.506416737963754748e-01
7.779419771330793321e-01
7.572750808342314510e-01
7.347303858931766296e-01
7.531861465127389632e-01
7.620862454027267363e-01
7.715752397248858419e-01
7.074300825564728834e-01
7.353859487327637501e-01
7.152857253969489015e-01
7.331414793497703641e-01
6.531850353892820760e-01
7.007855642840477017e-01
7.465194057711752595e-01
7.293636595962178504e-01
7.427304747830532072e-01
6.640740452671696215e-01
7.535305947843864427e-01
6.386959855109501927e-01
7.238191535461505621e-01
7.571973021922466796e-01
7.298192202135580509e-01
7.243858265091834836e-01
7.742308247869420512e-01
6.997855531728129908e-01
5.980399782219801841e-01
6.143179368659651418e-01
6.135845953843931389e-01
4.759052878365315209e-01
5.002000022222469200e-01
5.220058000644451912e-01
5.105390059889554077e-01
6.256958410649007263e-01
6.301514461271793266e-01
4.763386259847330884e-01
6.206846742741585210e-01
6.225402504472271614e-01
6.136179290881009774e-01
5.807731197013299429e-01
6.338403760041779744e-01
6.245069389659885228e-01
7.161635129279214640e-01
7.339192657696196331e-01
7.065634062600695264e-01
6.642407137857088140e-01
6.698852209468995067e-01
7.091412126801407423e-01
6.768408537872643294e-01
6.327070300781120205e-01
6.906187846531628427e-01
5.242836031511461936e-01
7.105301170013000878e-01
6.954077267525194950e-01
6.888632095912177178e-01
6.555183946488294389e-01
6.572795253280592220e-01
6.853076145290502019e-01
7.421304681163123362e-01
7.660640673785263921e-01
7.451638351537238636e-01
7.128079200880008681e-01
7.182079800886675969e-01
7.534750386115401932e-01
7.540306003400037982e-01
7.334081489794330722e-01
7.402748919432438068e-01
7.613640151557239388e-01
7.284747608306758604e-01
7.023966932965921561e-01
7.080412004577828489e-01
7.318859098434427057e-01
7.228635873731930062e-01
7.316859076211958968e-01
8.015533505927843194e-01
7.825531394793274753e-01
7.826975855287281458e-01
7.710641229346991699e-01
7.604195602173356994e-01
7.684529828109201155e-01
7.759030655896177464e-01
7.380637562639583704e-01
7.704752275025277264e-01
7.726641407126746408e-01
7.491972133023701019e-01
7.472860809564549900e-01
7.868865209613439271e-01
7.851420571339680077e-01
7.830087000966676758e-01
7.842087134301494178e-01
7.926532517027966573e-01
7.762030689229880709e-01
7.604195602173356994e-01
7.662085134279270626e-01
7.822531361459572619e-01
7.814975721952466259e-01
7.678307536750408335e-01
7.456193957710640641e-01
7.796975521950243460e-01
7.768752986144290551e-01
7.681307570084112690e-01
7.820531339237102308e-01
7.536639295992177967e-01
7.812753475038610729e-01
7.849976110845676702e-01
7.993588817653529688e-01
7.659418437982644656e-01
7.568750763897376110e-01
7.525083612040133207e-01
7.513972377470859998e-01
7.826086956521740579e-01
7.422082467582972187e-01
7.972977477527527501e-01
7.647862754030601007e-01
7.602417804642274124e-01
6.697741086012066747e-01
7.745419393548818032e-01
7.589973221924686264e-01
5.479560884009821997e-01
7.649196102178912327e-01
7.669307436749297491e-01
7.888198757763975610e-01
7.648751652796141887e-01
7.848753875043055217e-01
7.423971377459750443e-01
7.558417315747952836e-01
7.492861031789241899e-01
7.536083734263714362e-01
7.589639884887608989e-01
7.476638629318104190e-01
7.515972399693330308e-01
5.011666796297735704e-01
6.877076411960132418e-01
7.408526761408460448e-01
7.399415549061656439e-01
7.566195179946444416e-01
7.580084223158034540e-01
7.646084956499515917e-01
6.562295136612629198e-01
7.041633795931065976e-01
7.569528550317227156e-01
7.443304925610283451e-01
7.598862209580107274e-01
7.369415215724618440e-01
7.475416393515484925e-01
6.853187257636195184e-01
7.001522239135989922e-01
6.515850176113067160e-01
6.811631240347114646e-01
6.877743086034289188e-01
7.428304758941766117e-01
6.779630884787608558e-01
7.648529428104757777e-01
6.811409015655729426e-01
