7.349004498686027009e-01
6.434791323326354284e-01
7.451449824061289195e-01
5.210402654670169831e-01
5.555877243775332319e-01
6.879537659792436255e-01
5.432274731637789511e-01
6.255957418377799950e-01
5.380885038528351316e-01
7.299006725758316882e-01
5.018818760856976757e-01
5.142365596187252752e-01
6.689791100619126851e-01
6.777370718453521459e-01
6.538238831232461301e-01
6.324050153667987173e-01
8.204200258340386132e-01
7.798650394191797286e-01
7.543093848826333270e-01
8.117121731771412829e-01
8.028595608213442425e-01
8.257093225246090462e-01
8.336711059640996568e-01
7.792637299006726082e-01
8.178477573382032517e-01
5.160460558549730958e-01
8.329027660237851016e-01
7.741525989933634166e-01
8.227695871007973949e-01
5.842501447596989417e-01
7.868580464121865958e-01
8.094294240791055639e-01
8.636252282749097287e-01
8.552514364616276010e-01
8.671996793015901428e-01
8.558861520644961418e-01
7.904436328003205947e-01
8.504966371208408926e-01
7.453454189122979967e-01
8.365885706650038056e-01
8.714199812925927935e-01
8.595274152598992856e-01
7.272114827847312446e-01
8.667208587590753410e-01
8.420560331388355912e-01
8.545165026056746882e-01
8.712306801478775231e-01
8.246737339094026842e-01
8.809407153356199061e-01
9.064184223419891051e-01
9.053271569195135982e-01
8.864638546167209476e-01
8.922208364883523757e-01
9.078771546924413460e-01
8.751391920181728068e-01
8.901942007037548787e-01
8.960402654670169831e-01
8.700391964723175331e-01
8.856119994655026195e-01
8.894815375707096905e-01
9.092913455970782488e-01
8.580018707407243150e-01
8.628791590575030090e-01
8.831455169034787556e-01
9.218297625940937712e-01
9.211393701839560855e-01
8.944033673333036116e-01
8.980557658901607843e-01
9.163511647588081788e-01
4.831800365239855566e-01
8.901607946193933474e-01
9.121308627678055281e-01
8.930003117901207377e-01
9.185002895193977723e-01
8.934345908868202013e-01
9.162620818671773915e-01
8.995423366442474311e-01
9.100596855373924710e-01
8.920538060665449409e-01
9.134002939735423876e-01
9.192574940982585208e-01
9.140906863836799623e-01
9.200703754843881921e-01
9.116965836711059534e-01
9.220079283773552348e-01
5.890494855463008772e-01
9.212729945214022109e-01
8.817201906373881570e-01
9.170415571689456424e-01
9.184891541579439656e-01
9.087123068014787419e-01
8.981671195046991851e-01
7.082925036746693381e-01
9.153155761436015947e-01
9.188677564473741732e-01
8.870540287737740393e-01
9.183666651819517579e-01
9.094472406574316548e-01
9.221081466304397178e-01
8.943810966103958870e-01
9.120863213219901899e-01
9.177430849405372459e-01
8.968086054073314273e-01
9.160059685537392804e-01
9.236782325954300266e-01
9.095808649948777802e-01
9.141129571065877979e-01
9.067302124626965831e-01
9.107667809897110889e-01
9.171529107834840433e-01
9.180214689768830816e-01
9.277983163333481942e-01
9.105941828871766397e-01
9.211393701839563075e-01
9.233998485590841909e-01
9.125317357801434603e-01
9.074985524030110273e-01
9.126430893946817502e-01
9.151485457217941599e-01
5.000000000000000000e-01
9.016524876397489230e-01
9.131553160215579723e-01
9.178544385550755358e-01
9.158834795777471838e-01
9.197140439178657090e-01
9.051489911362523566e-01
9.250144759698900598e-01
9.176205959645451493e-01
7.432185648746156836e-01
6.744744109393790987e-01
4.986915950291745947e-01
7.363703175805087486e-01
7.693309874838537565e-01
7.091332234644336374e-01
5.469800899737204958e-01
7.654558816979197822e-01
6.284408266892342887e-01
5.000000000000000000e-01
5.135071934434991547e-01
6.924079105607767737e-01
7.168166228675783014e-01
5.000000000000000000e-01
7.220836488352411209e-01
5.637610796846466155e-01
8.106097723932119692e-01
8.178254866152954161e-01
8.303639036123112716e-01
8.210324707139992073e-01
8.034720057013051697e-01
5.299986637566256320e-01
8.271457841521535626e-01
5.064251035588615002e-01
8.484588659747895889e-01
8.214333437263373616e-01
7.777159146585898020e-01
8.112333526346264811e-01
8.228363992695202356e-01
8.283873769542560161e-01
5.688499398690480824e-01
7.275511113090731286e-01
8.600507772482295366e-01
6.301278339494900127e-01
8.568437931495256343e-01
8.738808961738897541e-01
8.396730657877153892e-01
8.617544875506659707e-01
7.084483987350229661e-01
8.687920359894882871e-01
8.633913856843793422e-01
5.000000000000000000e-01
8.536034029664603118e-01
8.563649726070108326e-01
8.544051489911361763e-01
8.524675960981694667e-01
8.648890917999196848e-01
8.649392009264620373e-01
8.891363413656407921e-01
8.951717072736182779e-01
8.879782637744421114e-01
9.097367600552314082e-01
8.967974700458776205e-01
8.940414680860542251e-01
9.064406930648969407e-01
8.913300075720458349e-01
8.867645093759743968e-01
8.937018395617122302e-01
8.935125384169970708e-01
8.989577301679212429e-01
8.513596276335130275e-01
8.902944189568393618e-01
9.022315264353479858e-01
9.016858937241103433e-01
9.177876263863524731e-01
9.170638278918533670e-01
8.828894035900405335e-01
9.057503006547592550e-01
8.799385328047748533e-01
6.687508351521089800e-01
8.677675827357356209e-01
9.058505189078438491e-01
9.058171128234822067e-01
8.936461627544429742e-01
8.950046768518107321e-01
9.185336956037593037e-01
7.302124626965391663e-01
9.154380651195939134e-01
9.086900360785710173e-01
9.183332590975903376e-01
9.193799830742506174e-01
9.153044407821477879e-01
9.213286713286712448e-01
7.380962986058527964e-01
9.168745267471383187e-01
9.272749543450180543e-01
9.151151396374326286e-01
9.160393746381008118e-01
9.042358914970380912e-01
9.145249654803795369e-01
9.159836978308316668e-01
9.125762772259589095e-01
6.169435659881520317e-01
9.203710302436416413e-01
9.123535699968822188e-01
9.222751770522470416e-01
9.268406752483185906e-01
9.160727807224622321e-01
9.163288940359003432e-01
7.116386797915459361e-01
9.222195002449778967e-01
9.094472406574316548e-01
9.146251837334641310e-01
9.180214689768830816e-01
9.118413433700056636e-01
8.397398779564385629e-01
9.135005122266268707e-01
9.209500690392409261e-01
9.208498507861565541e-01
9.283328136831321409e-01
9.196806378335040666e-01
9.159614271079239423e-01
9.198031268094962742e-01
9.262059596454500499e-01
5.779475301768296491e-01
9.151374103603402421e-01
9.212061823526791482e-01
9.092133980669012683e-01
9.166184134337000966e-01
9.091243151752705920e-01
9.143245289742105708e-01
9.035677698098080191e-01
9.203487595207340277e-01
9.038572892076077725e-01
9.161284575297314881e-01
9.077323949935414138e-01
5.087858001870740887e-01
9.132666696360964842e-01
6.181517527058928430e-01
7.263930337178745589e-01
5.000000000000000000e-01
7.068727450893057540e-01
7.323281813727673395e-01
4.968820987929268296e-01
5.619348804062179736e-01
5.764887978263772972e-01
6.048839695336509781e-01
5.300543405638947769e-01
5.237739967039329869e-01
5.000000000000000000e-01
5.299596899915370862e-01
5.291134025210457725e-01
5.000000000000000000e-01
4.969990200881920228e-01
5.281780321589237825e-01
8.228141285466127330e-01
7.994966816622868233e-01
8.062001692574940481e-01
8.431361631998575135e-01
6.791902365150772614e-01
8.145962317936839003e-01
8.213219901117991828e-01
8.033161106409515417e-01
5.665560554095585566e-01
8.167898980000891651e-01
6.117210814663044394e-01
5.242416818849939819e-01
8.434368179591110737e-01
7.213431472985613047e-01
5.685604204712484400e-01
8.707184535210013010e-01
8.605073270678367248e-01
7.224177096788562125e-01
8.787470491292146413e-01
7.172286312413700404e-01
7.400672575831811484e-01
6.427441984766825156e-01
8.448287381408401409e-01
7.188209879292681848e-01
8.736359182219055608e-01
7.308694490223153206e-01
8.516992561578549115e-01
8.343503630127833137e-01
8.647833058661085204e-01
8.485145427820587338e-01
8.612979377310587825e-01
9.014409157721260391e-01
7.693087167609460320e-01
8.970981248051311807e-01
6.426718186272326605e-01
9.005612222172731940e-01
7.226014431428444684e-01
8.913188722105919171e-01
9.045476816177453472e-01
5.000000000000000000e-01
8.955391742015945677e-01
7.235034074206048160e-01
8.939690882366041480e-01
9.051823972206137769e-01
8.960848069128324322e-01
7.094784196695025358e-01
9.018640595073716959e-01
8.991915727584517404e-01
9.014297804106720102e-01
9.204712484967263464e-01
6.927029976393034305e-01
9.167409024096924153e-01
7.381853814974833616e-01
9.080107790298874715e-01
9.247694980179056445e-01
7.204133446171662181e-01
9.239677519932296690e-01
7.387532849316288397e-01
9.164513830118925508e-01
8.986459400472139869e-01
7.558015233174468772e-01
5.000000000000000000e-01
9.232996303059997079e-01
5.000000000000000000e-01
9.053382922809674049e-01
9.210168812079637668e-01
6.816511513963743329e-01
9.151819518061555803e-01
9.243686250055676012e-01
5.312346888780009602e-01
6.392643980223599032e-01
9.153155761436017057e-01
9.153712529508706286e-01
7.813794485769007814e-01
5.000000000000000000e-01
9.132221281902810350e-01
7.245556990779919992e-01
9.213064006057636313e-01
9.094361052959778480e-01
9.235000668121686740e-01
9.223197184980622687e-01
9.077658010779031672e-01
5.057291434679969111e-01
9.257716805487505862e-01
5.025945392187430860e-01
9.190904636764508640e-01
9.190125161462741055e-01
5.585942719700680570e-01
5.745568126141373799e-01
5.013084049708252943e-01
9.140127388535029818e-01
9.196695024720502598e-01
9.255099995545855718e-01
9.117077190325598712e-01
9.227428622333080366e-01
5.000000000000000000e-01
9.188343503630127529e-01
4.952173622555788857e-01
9.075987706560955104e-01
8.972762905883926443e-01
5.038751057859338633e-01
9.069974611375883899e-01
7.173399848559084413e-01
9.197029085564116802e-01
9.195358781346042454e-01
9.230101109082000654e-01
5.333726782771368580e-01
9.163845708431694881e-01
7.323059106498597259e-01
7.297113714311166399e-01
9.084895995724020512e-01
6.686561845797514003e-01
7.317268718542604411e-01
7.106810387065163326e-01
7.444434546345375381e-01
7.670482383858181485e-01
6.853258206761392302e-01
7.648768429023204973e-01
6.914057280299319430e-01
6.843013674223865639e-01
7.523050198209434436e-01
7.166829985301323980e-01
6.803817201906374734e-01
7.354683533027481790e-01
7.621152732617699765e-01
7.012716582780277319e-01
7.220725134737874251e-01
7.804218074918711778e-01
8.207930604427419174e-01
8.315331165649637590e-01
8.144626074562381080e-01
8.125640283283596110e-01
8.147187207696762190e-01
7.217161819072647200e-01
8.143957952875151562e-01
8.146853146853145766e-01
8.091621754042136461e-01
7.613023918756403052e-01
8.189501581221326765e-01
8.196294151708165554e-01
8.092735290187520469e-01
8.083604293795377815e-01
7.845530265912431522e-01
8.641597256246937864e-01
8.319451249387554981e-01
8.330363903612311161e-01
8.607634403812747248e-01
8.601621308627678264e-01
8.606743574896442706e-01
8.604739209834751934e-01
8.519999109171083607e-01
8.116230902855107177e-01
8.648501180348314721e-01
8.722774041245379140e-01
8.755846064763262993e-01
8.627900761658723328e-01
8.582913901385238464e-01
8.466883435036300920e-01
8.547726159191125772e-01
9.012182085430492373e-01
8.873769542559351020e-01
8.780232506347156463e-01
9.059730078838359457e-01
8.901719299808471542e-01
8.966193042626163789e-01
8.847267382299228711e-01
8.864972607010823680e-01
9.001603492049352617e-01
8.863859070865439671e-01
9.055275934256825643e-01
8.918979110061912019e-01
8.918088281145607477e-01
9.068749721615964043e-01
8.991804373969980446e-01
8.995144982406129142e-01
8.991693020355441268e-01
9.027103469778628986e-01
9.160727807224624542e-01
9.025433165560554638e-01
8.970313126364082290e-01
9.164179769275310194e-01
8.995033628791591074e-01
9.142243107211259767e-01
9.048928778228140235e-01
9.116854483096521466e-01
9.047258474010065887e-01
9.019420070375485654e-01
8.981559841432452673e-01
8.923990022716138393e-01
9.138902498775109962e-01
8.983007438421450885e-01
9.149592445770788895e-01
9.009064184223420924e-01
9.055498641485901778e-01
9.086900360785710173e-01
9.045922230635607963e-01
8.997260701082356871e-01
9.082891630662330851e-01
9.098147075854082777e-01
8.986348046857601801e-01
9.236782325954301376e-01
9.170638278918533670e-01
9.195358781346043564e-01
9.088125250545632250e-01
9.129103380695736680e-01
9.149592445770788895e-01
9.100262794530310506e-01
9.113959289118525042e-01
9.128101198164892960e-01
9.134114293349961944e-01
9.192129526524430716e-01
9.058393835463900423e-01
9.150037860228942277e-01
9.193354416284352792e-01
9.133334818048194359e-01
9.107389425860763499e-01
8.862745534720056773e-01
9.069640550532271916e-01
9.144247472272950539e-01
9.164625183733463576e-01
9.110730034296913304e-01
9.145695069261947641e-01
9.067302124626965831e-01
9.175315130729143620e-01
9.063738808961738780e-01
9.147699434323638412e-01
9.177653556634448595e-01
9.184668834350362410e-01
9.111843570442297313e-01
9.081666740902408774e-01
9.094026992116165387e-01
9.121642688521669484e-01
9.230212462696539832e-01
9.132555342746425664e-01
9.265400204890650304e-01
9.135339183109885131e-01
9.163288940359003432e-01
9.234555253663534469e-01
9.128657966237584409e-01
7.400227161373658102e-01
7.664357935058572213e-01
7.572936617522605385e-01
7.234421629326087677e-01
7.022627054474187558e-01
7.109371520199545547e-01
7.690191973631463895e-01
7.492316600596855558e-01
7.413478241503719257e-01
7.252794975724912163e-01
7.503674669279764009e-01
7.606454055498641509e-01
7.624270633824773435e-01
7.716137365818895866e-01
7.317714133000756682e-01
6.395149436550711108e-01
8.255979689100707564e-01
8.095296423321900470e-01
8.146853146853146876e-01
8.130372811901473984e-01
8.191060531824863045e-01
8.300075720457886774e-01
8.189724288450402900e-01
8.161551823972205133e-01
7.962674268406753075e-01
8.242060487283418002e-01
8.330141196383233915e-01
8.317892298784017591e-01
8.214890205336065065e-01
8.280588837913678280e-01
8.364660816890117090e-01
8.197296334239010385e-01
8.746046946683889711e-01
8.594494677297226382e-01
8.683577568927887125e-01
8.604293795376597442e-01
8.667208587590753410e-01
8.695603759298027313e-01
8.543606075453209492e-01
8.631241370094873133e-01
8.687586299051266447e-01
8.703843926773862094e-01
8.642154024319630423e-01
8.687140884593113066e-01
8.792926818404525058e-01
8.689702017727496397e-01
8.710970558104316197e-01
8.697051356287025525e-01
9.058950603536590762e-01
9.074428755957418824e-01
8.890472584740101158e-01
9.057503006547592550e-01
9.038350184847000479e-01
8.901719299808472652e-01
9.030666785443854927e-01
9.114404703576679534e-01
9.069529196917732738e-01
8.998374237227739769e-01
8.868201861832434307e-01
8.845597078081153253e-01
8.964634092022628620e-01
9.044697340875684777e-01
9.012738853503186043e-01
8.952162487194336160e-01
9.095697296334240844e-01
9.168522560242304831e-01
9.052826154736983710e-01
9.168522560242305941e-01
9.163623001202618745e-01
9.086900360785710173e-01
9.077323949935415248e-01
9.084784642109483555e-01
9.105162353569996592e-01
9.091688566210859301e-01
9.133112110819116003e-01
9.011625317357800924e-01
9.108948376464299779e-01
9.004832746870963245e-01
9.108502962006147508e-01
9.098035722239543599e-01
9.094695113803392683e-01
9.075319584873725587e-01
9.075653645717339790e-01
9.159948331922853626e-01
9.207886062981605058e-01
9.203264887978263031e-01
9.211059640995946651e-01
9.201705937374727862e-01
9.230880584383770460e-01
9.097478954166853260e-01
9.178098971092603087e-01
9.235223375350763986e-01
9.180103336154292748e-01
9.096254064406930073e-01
9.144804240345643098e-01
9.182330408445058545e-01
9.225535610885928772e-01
9.160505099995546185e-01
9.255267025967663930e-01
9.147922141552715658e-01
9.163734354817159034e-01
9.125317357801434603e-01
9.237784508485145096e-01
9.195136074116966318e-01
9.246024675960982098e-01
9.138011669858803199e-01
9.164959244577080000e-01
9.101264977061155337e-01
9.189457039775511538e-01
9.064184223419892161e-01
9.248140394637209827e-01
9.123758407197898324e-01
9.133780232506347740e-01
9.156830430715781066e-01
9.217295443410091771e-01
9.201149169302035302e-01
9.161061868068237635e-01
9.171863168678455747e-01
8.965970335397086544e-01
9.171083693376687052e-01
9.165181951806156135e-01
9.130439624070196825e-01
9.176651374103602654e-01
9.197585853636808251e-01
9.184223419892209028e-01
9.201037815687498345e-01
9.167965792169614492e-01
9.184891541579438545e-01
7.450558995144982433e-01
7.633401630216916089e-01
7.410137633067569451e-01
6.869181773640373745e-01
7.751213754398468270e-01
7.695202886285689159e-01
7.510355886152064731e-01
6.381452941962496572e-01
7.236871408845931830e-01
7.065275488842368556e-01
7.103135717785400427e-01
5.028840586165427284e-01
6.889281101064540502e-01
7.096788561756715019e-01
7.050242750879693876e-01
7.707340430270366305e-01
8.159658812525054650e-01
8.230479711371431195e-01
8.078816088370229798e-01
8.239944768607189163e-01
8.403857289207609105e-01
8.444055944055944840e-01
8.135717785399314561e-01
8.193955725802859469e-01
8.054095585942719904e-01
8.186160972785175849e-01
8.230925125829584577e-01
7.929713598503407290e-01
8.053872878713643768e-01
8.036613068460201070e-01
8.281145605986369729e-01
8.258986236693242056e-01
8.671885439401362250e-01
8.569885528484254555e-01
8.597278517660683628e-01
8.633134381542025837e-01
8.707073181595473832e-01
8.610306890561667537e-01
8.666985880361676164e-01
8.663756625540064427e-01
8.766981426217094198e-01
8.748496726203731644e-01
8.690481493029265092e-01
8.744153935236738118e-01
8.593603848380918508e-01
8.567992517037102962e-01
8.705848291835551755e-01
8.702953097857556441e-01
8.963854616720857704e-01
8.897821923299630287e-01
8.985791278784908132e-01
8.958955057681172729e-01
8.879559930515346089e-01
8.919201817290989265e-01
9.013963743263107009e-01
9.098369783083157802e-01
9.015188633023027975e-01
9.014631864950337636e-01
8.972985613113002579e-01
9.067970246314195348e-01
8.990468130595520302e-01
9.064406930648967187e-01
8.946594806467419447e-01
9.008730123379804500e-01
9.116186361409293060e-01
9.181996347601443231e-01
9.098258429468619735e-01
8.976994343236380791e-01
9.148701616854484353e-01
9.111064095140528618e-01
9.060398200525588974e-01
9.244688432586521953e-01
9.138791145160571894e-01
9.160616453610084253e-01
9.200592401229341633e-01
9.066411295710659068e-01
9.117745312012828229e-01
9.145026947574717013e-01
9.055609995100440957e-01
9.106832657788073160e-01
9.237339094026991715e-01
9.218631686784553025e-01
9.180437396997906951e-01
9.125651418645049917e-01
9.170192864460380289e-01
9.034118747494543911e-01
9.152264932519710294e-01
9.107389425860763499e-01
9.209277983163334236e-01
9.146363190949177158e-01
9.208164447017950227e-01
9.171640461449378501e-01
9.215291078348403220e-01
9.163066233129926186e-01
9.191127343993585885e-01
9.182441762059596613e-01
9.208832568705180854e-01
9.141797692753107496e-01
9.201817290989265929e-01
9.236448265110684952e-01
9.215291078348403220e-01
9.197140439178655980e-01
9.185671016881207240e-01
9.205714667498108295e-01
9.244243018128367462e-01
9.193577123513430038e-01
9.176428666874526519e-01
9.179769275310676324e-01
9.193799830742505064e-01
9.118413433700057746e-01
9.182998530132289172e-01
9.184780187964900477e-01
9.202039998218340955e-01
9.235446082579841232e-01
9.192574940982584097e-01
9.110507327067836059e-01
9.164068415660772127e-01
9.226649147031312781e-01
9.154826065654091405e-01
9.206382789185335591e-01
9.204489777738185108e-01
9.156273662643088507e-01
9.203487595207342498e-01
9.195581488575118589e-01
9.122310810208899001e-01
9.173978887354683476e-01
9.196026903033273081e-01
9.228542158478463264e-01
7.247895416685223857e-01
7.292993630573249009e-01
5.346309741214200217e-01
6.727651329562158722e-01
6.959600908645493522e-01
6.883880450759432001e-01
5.431606609950558884e-01
6.916729767048237498e-01
6.965614003830564727e-01
6.874415393523674034e-01
7.311923745044763834e-01
7.245668344394459170e-01
6.659614271079240533e-01
7.141775422030199882e-01
6.599706026457617947e-01
6.204512048461092721e-01
7.958943922319718922e-01
7.829161284575298918e-01
8.128034385996170119e-01
6.702708119905571582e-01
7.625050109126543241e-01
8.140060576366310308e-01
7.544875506658945685e-01
8.161663177586744311e-01
8.164335664335664600e-01
7.684290232060932979e-01
7.478286045165025708e-01
8.039396908823661647e-01
7.609349249476637933e-01
8.031156741347824646e-01
7.818582691194156942e-01
7.583737918132822386e-01
8.273239499354148041e-01
8.311767849984410539e-01
8.467662910338068505e-01
8.462095229611152902e-01
8.523673778450848726e-01
8.505857200124715689e-01
8.507082089884638876e-01
8.057436194378868599e-01
8.262493875551200073e-01
8.138278918533695672e-01
8.236270099327425154e-01
8.006881653378469244e-01
8.049530087746648022e-01
8.551623535699968137e-01
8.329139013852389084e-01
8.320342078303862854e-01
8.857066500378603102e-01
8.450737160928245562e-01
8.587702106810386482e-01
8.806289252149124280e-01
8.708186717740857841e-01
8.821878758184491520e-01
8.962184312502783357e-01
8.732016391252059861e-01
8.757405015366799272e-01
8.743151752705893287e-01
8.581689011625318608e-01
8.661529553249298630e-01
8.638813415883479507e-01
8.871097055810430732e-01
8.762415928021023426e-01
8.733129927397442760e-01
8.926551155850518393e-01
8.836132020845397506e-01
8.926439802235980325e-01
8.875217139548350342e-01
9.000267248674891363e-01
8.881564295577034640e-01
8.901942007037548787e-01
8.641263195403323660e-01
8.755289296690571543e-01
8.868090508217896240e-01
8.956950692619481957e-01
8.979666829985301080e-01
8.860518462429290976e-01
8.649726070108234577e-01
8.781902810565231920e-01
8.948042403456416549e-01
8.628123468887799463e-01
9.102044452362924032e-01
8.936127566700815539e-01
8.769987973809629800e-01
9.054941873413211439e-01
8.919424524520065400e-01
8.820987929268184757e-01
9.052380740278829219e-01
9.000155895060354405e-01
8.834907131085475429e-01
8.956171217317714373e-01
8.837468264219856540e-01
8.911629771502382891e-01
8.898044630528706422e-01
8.918088281145606366e-01
8.927107923923210953e-01
8.945926684780187710e-01
8.899158166674090431e-01
8.850162576277225135e-01
8.923099193799832740e-01
8.791033806957373464e-01
8.855507549775066822e-01
8.946594806467418337e-01
8.863302302792748222e-01
8.783350407554230133e-01
8.898490044986860914e-01
9.061400383056434915e-01
8.884459489555029954e-01
8.871987884726738605e-01
8.888468219678411497e-01
9.043806511959378014e-01
8.913968197407688976e-01
8.935459445013584912e-01
8.992583849271748031e-01
8.813415883479578383e-01
8.933121019108279937e-01
9.001937552892967931e-01
8.889136341365641014e-01
8.465547191661841886e-01
8.962407019731861713e-01
8.968976882989621036e-01
8.648723887577389746e-01
9.006503051089038703e-01
8.898824105830476228e-01
8.858625450982138272e-01
8.875328493162888410e-01
8.772215046100395597e-01
8.955837156474100169e-01
6.077012159814707548e-01
6.771413300075720398e-01
7.115273261770076463e-01
7.344773061333571551e-01
7.237428176918623279e-01
6.511179902899648653e-01
7.247895416685226078e-01
6.862611910382611091e-01
6.389359048594717150e-01
7.028640149659257652e-01
7.150572357578727223e-01
7.183644381096609965e-01
7.104026546701706080e-01
4.964923611420426486e-01
7.012493875551200073e-01
7.055142309919379962e-01
8.125918667319940170e-01
7.865685270143869534e-01
7.950202663578460616e-01
8.110329161284575150e-01
8.234599795109349696e-01
8.209099817380072217e-01
8.044630528706961936e-01
7.685515121820853945e-01
7.781390583938354588e-01
8.178143512538418314e-01
7.776491024898670723e-01
8.229922943298738636e-01
8.014119638323460304e-01
7.942519264175313953e-01
7.927931940670794875e-01
6.941784330319362706e-01
8.491381230234733568e-01
8.185492851097946332e-01
8.661863614092913943e-01
8.244510266803262155e-01
8.209099817380073327e-01
8.385595296423321576e-01
8.355084406039819944e-01
8.413990468130596589e-01
8.403634581978531859e-01
8.641040488174246414e-01
8.471782994075988116e-01
8.538595162798985339e-01
8.493719656140038543e-01
8.525900850741614523e-01
8.511313527237094334e-01
8.123468887800097127e-01
8.832680058794709632e-01
8.736470535833593676e-01
8.932675604650126555e-01
8.876219322079195173e-01
7.879270411117544892e-01
8.740924680415126380e-01
8.686695470134960795e-01
8.781123335263463225e-01
8.784798004543227234e-01
8.841699701572314218e-01
8.729455258117678751e-01
8.777114605140083903e-01
8.736247828604517540e-01
8.613090730925125893e-01
8.794263061778985202e-01
8.895928911852479803e-01
8.810297982272504713e-01
8.881230234733419326e-01
8.858736804596676340e-01
8.859293572669368899e-01
8.704734755690171077e-01
8.885350318471336717e-01
8.873101420872121503e-01
8.886241147387644590e-01
8.806400605763664569e-01
8.881898356420649954e-01
8.872990067257582325e-01
8.812970469021423892e-01
8.893033717874483379e-01
8.952607901652488431e-01
8.717985835820230012e-01
8.802169168411206890e-01
9.002828381809273584e-01
8.998151529998664744e-01
8.904057725713776517e-01
8.953498730568794084e-01
8.925548973319674673e-01
9.058727896307514627e-01
8.933677787180971386e-01
8.912409246804150476e-01
8.968420114916930697e-01
9.055164580642287575e-01
8.957952875150326788e-01
9.042915683043071251e-01
8.829673511202174030e-01
8.957841521535789830e-01
8.977105696850919969e-01
8.944701795020266744e-01
9.049151485457217481e-01
8.962741080575473696e-01
9.049374192686294727e-01
8.474566834439446472e-01
9.054719166184135304e-01
8.987795643846601124e-01
8.805843837690972009e-01
9.030555431829316859e-01
8.932675604650128776e-01
9.022649325197096282e-01
8.894592668478018549e-01
9.008507416150727254e-01
8.782014164179767768e-01
8.970758540822235672e-01
8.976771636007305766e-01
9.004498686027347931e-01
9.018640595073716959e-01
8.877889626297268411e-01
8.878780455213577394e-01
8.863636363636363535e-01
8.920203999821834095e-01
8.700057903879558907e-01
8.944924502249342879e-01
8.985791278784909242e-01
9.049151485457217481e-01
9.074317402342879646e-01
8.886241147387643480e-01
8.835241191929090743e-01
8.548060220034743306e-01
8.981671195046990741e-01
8.819874393122801859e-01
8.894481314863480481e-01
7.264709812480513174e-01
6.889559485100886782e-01
7.019397799652578041e-01
6.949022315264352656e-01
7.096120440069484392e-01
6.987327958665537908e-01
6.948131486348047003e-01
7.476170326488796869e-01
7.348614761035143772e-01
7.126854037682064380e-01
7.138768874437664280e-01
6.779653467551556290e-01
7.127633512983830855e-01
7.300677029976392340e-01
7.195225157008596772e-01
7.209701126898578893e-01
7.874148144848781561e-01
7.826711505055454765e-01
7.892076076789453776e-01
7.927597879827179561e-01
7.915237628613424059e-01
8.057547547993407777e-01
7.811121999020088635e-01
8.181595474589105077e-01
8.071355396196161491e-01
7.699657030867222973e-01
8.184156607723486188e-01
8.140060576366309197e-01
7.855774798449957075e-01
8.080152331744687721e-01
7.895416685225603581e-01
8.179368402298339280e-01
8.460536279007616622e-01
8.414213175359672725e-01
8.481693465769899465e-01
8.706293706293707357e-01
8.663645271925527469e-01
8.549507817023741518e-01
8.463208765756536911e-01
8.512093002538863029e-01
8.557747984499577409e-01
8.419224088013896878e-01
8.331143378914080966e-01
8.501848470001336366e-01
8.624226092378959319e-01
8.464210948287381742e-01
8.456750256113313435e-01
8.477684735646520142e-01
8.628791590575030090e-01
8.836132020845397506e-01
8.845931138924769677e-01
8.951828426350718626e-01
8.871542470268585223e-01
8.919424524520065400e-01
8.818538149748340604e-01
8.970869894436772629e-01
8.775110240078393131e-01
8.848937686517304169e-01
8.848937686517305279e-01
8.858848158211216628e-01
8.894592668478019659e-01
8.668878891808827758e-01
8.887131976303950243e-01
8.853614538327914119e-01
8.811634225646964858e-01
8.928332813683133029e-01
8.817647320832033841e-01
9.030778139058394105e-01
8.910850296200615306e-01
8.872767360028507300e-01
8.931562068504742546e-01
8.961293483586477704e-01
8.945147209478420125e-01
8.998819651685894261e-01
8.982339316734222479e-01
8.961182129971938526e-01
8.918867756447373951e-01
8.955837156474100169e-01
8.918979110061913129e-01
8.981337134203376538e-01
8.908511870295310331e-01
9.082780277047793893e-01
9.069417843303193560e-01
8.831121108191171132e-01
9.008062001692574983e-01
9.006057636630884211e-01
8.979332769141685766e-01
8.973208320342078714e-01
9.006391697474500635e-01
8.994031446260746243e-01
9.007171172776269330e-01
8.967417932386085866e-01
8.807402788294509399e-01
8.958175582379404034e-01
9.020867667364483866e-01
8.979444122756224944e-01
9.015856754710257492e-01
8.914747672709456561e-01
9.008062001692574983e-01
9.048594717384527142e-01
9.011513963743262856e-01
8.990690837824595327e-01
8.824551244933410699e-01
9.088682018618324809e-01
9.051489911362523566e-01
8.967751993229700069e-01
8.990134069751906098e-01
8.969088236604159103e-01
8.992361142042670785e-01
9.001269431205736193e-01
8.856509732305910543e-01
8.931450714890205589e-01
9.036123112556233572e-01
8.999376419758585710e-01
8.948599171529107998e-01
9.076321767404569307e-01
8.936127566700815539e-01
9.040577257137767386e-01
9.001158077591199236e-01
9.025321811946015460e-01
8.959623179368403356e-01
8.849828515433610931e-01
9.076878535477261867e-01
9.054273751725980812e-01
8.899492227517704634e-01
8.987684290232060835e-01
8.938800053449735827e-01
8.950269475747183456e-01
5.000000000000000000e-01
7.017504788205425337e-01
4.775845173934345489e-01
6.021223998931005683e-01
4.961026234911585231e-01
5.480991937998307417e-01
7.242995857645539992e-01
5.726303950826243661e-01
6.706605496414412837e-01
6.728653512093002442e-01
7.155583270232951376e-01
6.505333838136386770e-01
5.989933633245735356e-01
6.319428978664647367e-01
4.929958576455392150e-01
6.666017103915191644e-01
5.373090285510667696e-01
7.614026101287246773e-01
8.249966593915638580e-01
5.513674223865305812e-01
6.713008329250367279e-01
7.239543895594851008e-01
7.359249031223553672e-01
6.907097679390672429e-01
5.513841254287114024e-01
7.458019687319050739e-01
5.000000000000000000e-01
7.458576455391742188e-01
7.125183733463987812e-01
7.054808249075765758e-01
6.941450269475747392e-01
6.609505144536992338e-01
7.332635517348893295e-01
8.537815687497216643e-01
8.261770077056701522e-01
8.438154202485412814e-01
8.433922765132956245e-01
7.353792704111175027e-01
8.527459801345151913e-01
5.761436016213086209e-01
7.285644292013718770e-01
7.121954478642376074e-01
8.128145739610708187e-01
8.740590619571511066e-01
8.039174201594583291e-01
8.535031847133758287e-01
8.665872344216294376e-01
6.291312190993719744e-01
8.234933855952963899e-01
8.403077813905839299e-01
8.896040265467017871e-01
7.045120484610930545e-01
8.371564740991492837e-01
7.033539708698944848e-01
8.259543004765934615e-01
8.427464255489732770e-01
8.614872388757739419e-01
8.599394236336912467e-01
8.767649547904325935e-01
7.241659614271078738e-01
8.592267605006458364e-01
8.662531735780143460e-01
8.972094784196694706e-01
8.922542425727140181e-01
8.938243285377043268e-01
9.136007304797113537e-01
7.041390138523896391e-01
9.166295487951540144e-01
6.537626386352500818e-01
5.000000000000000000e-01
8.978887354683533495e-01
8.551400828470892002e-01
8.969199590218697171e-01
9.090463676450938335e-01
9.171417754220301255e-01
7.232862678722551397e-01
8.368001425326266896e-01
8.952830608881563457e-01
8.688699835196650456e-01
9.046534675515568447e-01
9.016524876397487009e-01
8.824105830475257317e-01
9.228096744020310993e-01
9.012627499888646865e-01
9.163734354817157923e-01
8.726003296066988657e-01
9.148367556010867929e-01
9.042470268584917870e-01
6.106186806823749036e-01
9.179323860852522943e-01
9.091243151752705920e-01
7.337869137232194694e-01
9.111175448755065576e-01
7.157309251258296978e-01
8.855841610618681026e-01
9.104494231882767075e-01
7.276568972428845150e-01
7.276513295621576116e-01
9.228542158478464374e-01
9.197251792793192937e-01
9.154826065654091405e-01
7.294051489911361763e-01
9.208275800632488295e-01
9.088013896931093072e-01
8.756180125606876086e-01
9.165516012649770339e-01
9.184446127121286274e-01
9.205603313883569117e-01
9.275978798271791170e-01
7.137989399135896695e-01
9.102712574050153549e-01
9.244243018128368572e-01
9.125874125874124942e-01
9.049708253529908930e-01
8.961516190815554950e-01
9.238786691015991037e-01
9.270967885617567017e-01
9.229432987394771137e-01
9.086566299942095970e-01
9.137120840942498656e-01
9.240122934390450071e-01
7.703888468219677321e-01
9.047815242082757337e-01
7.273172687185427421e-01
9.161284575297314881e-01
8.738530577702552371e-01
5.000000000000000000e-01
9.058560865885706415e-01
5.405883924992205269e-01
5.000000000000000000e-01
6.505946283016346143e-01
6.648812970469020200e-01
6.654269297581399956e-01
6.713286713286712448e-01
5.926517749766156973e-01
6.854371742906775200e-01
4.965257672264041244e-01
5.987595207340430381e-01
6.837557347111486994e-01
4.849783973987795704e-01
6.710892610574139550e-01
5.668845485724467448e-01
4.984076433121019112e-01
6.677764910248986663e-01
7.256135584161061969e-01
5.868112778940804963e-01
7.806779208053093999e-01
6.556055409558594338e-01
5.000000000000000000e-01
7.099238341276558062e-01
7.589639659703355523e-01
7.268607188989353318e-01
7.376842902320609463e-01
8.364772170504655158e-01
6.723976660282392492e-01
5.233898267337757648e-01
6.790176384125428122e-01
8.106988552848425345e-01
7.423834127655783988e-01
5.477929713598503891e-01
7.308471782994074850e-01
6.661451605719121982e-01
7.349672620373257637e-01
7.394770834261280568e-01
4.905572134871497569e-01
8.394726292815466451e-01
8.725557881608836386e-01
6.573649280655650129e-01
6.320709545231837367e-01
8.514097367600552690e-01
8.590374593559307881e-01
5.000000000000000000e-01
8.382143334372633703e-01
6.291924635873680227e-01
8.594383323682687204e-01
6.908545276379671751e-01
8.819317625050109299e-01
5.015923566878981443e-01
5.071934434991759444e-01
7.550554541000400466e-01
8.985123157097678614e-01
7.021457841521536736e-01
8.856509732305910543e-01
7.211427107923922275e-01
7.345329829406261890e-01
5.015923566878981443e-01
7.245278606743574823e-01
7.076856264754354253e-01
8.903389604026545889e-01
7.602166941338915906e-01
7.410248986682108630e-01
6.352501002182531220e-01
8.894759698899825651e-01
8.964188677564475238e-01
7.378847267382299124e-01
8.056545365462564057e-01
6.083470669457929914e-01
7.210926016658500970e-01
8.984566389024988275e-01
8.770878802725936563e-01
8.920760767894524434e-01
7.543984677742638922e-01
7.524943209656584919e-01
9.104160171039151761e-01
7.418377800543405343e-01
8.295064807803661511e-01
6.000456549819607188e-01
8.823994476860719249e-01
8.839138568437930887e-01
9.192352233753509072e-01
5.183009665493741869e-01
7.239432541980312941e-01
9.042804329428532073e-01
8.956505278161330796e-01
5.817279853904058218e-01
9.061623090285511051e-01
9.212729945214022109e-01
9.184112066277672071e-01
9.106387243329918668e-01
7.177297225067925668e-01
9.117411251169214026e-01
9.263395839828960643e-01
5.196372099238341091e-01
9.130885038528350206e-01
7.200403100084629138e-01
9.222083648835240899e-01
9.200648078036612887e-01
9.193131709055275547e-01
9.189791100619126851e-01
9.136898133713420300e-01
8.655739165293305781e-01
6.628156874972161994e-01
9.038795599305151640e-01
9.181550933143289850e-01
9.049485546300832794e-01
7.152075631374994469e-01
9.234555253663534469e-01
7.139548349739432975e-01
7.333359315843392956e-01
9.158500734933856524e-01
7.317491425771680547e-01
7.279297135985034473e-01
6.762170950069038566e-01
7.468152866242037113e-01
9.182775822903210816e-01
9.166518195180615169e-01
9.131942897866465181e-01
9.096922186094160701e-01
9.237450447641529783e-01
9.052492093893367286e-01
8.487706560954968449e-01
9.268852166941339288e-01
9.094138345730702344e-01
9.212507237984943753e-01
6.645750746069216675e-01
9.236002850652531571e-01
6.423154870607099554e-01
4.984076433121019112e-01
6.781156741347824646e-01
6.521758496280789519e-01
6.093325464344572229e-01
5.973341944679524396e-01
5.349204935192196642e-01
6.201561177675827263e-01
5.000000000000000000e-01
6.325664781078793597e-01
6.583949490000444715e-01
6.421150505545409892e-01
6.725145873235045535e-01
6.367032648879782375e-01
6.487405906195714556e-01
5.000000000000000000e-01
8.277804997550221033e-01
4.984076433121019112e-01
7.252572268495836028e-01
7.898089171974522760e-01
5.000000000000000000e-01
7.135539619616052542e-01
6.301723753953054619e-01
6.944790877911897198e-01
7.361420426707050435e-01
5.395249654803795369e-01
6.988163110774575637e-01
7.413589595118257325e-01
7.159257939512716495e-01
5.852189212061822410e-01
7.197674936528439815e-01
5.324317402342880756e-01
7.124626965391296363e-01
5.521079239232106195e-01
5.000000000000000000e-01
7.264153044407821724e-01
8.780900628034384869e-01
7.783729009843659563e-01
8.648835241191930034e-01
6.245211794574851982e-01
4.699345240746514163e-01
5.000000000000000000e-01
7.455681261413745764e-01
6.970290855641173566e-01
7.115718676228230954e-01
6.964667498106988930e-01
8.576232684512938853e-01
7.022181640016035287e-01
5.222595875462117121e-01
8.767315487060709511e-01
5.000000000000000000e-01
8.927107923923209842e-01
8.467662910338068505e-01
6.442196338693153557e-01
9.110061912609683787e-01
7.217495879916262513e-01
8.983230145650528131e-01
7.177853993140617117e-01
7.746870963431473633e-01
7.262816801033361580e-01
5.000000000000000000e-01
7.168778673555744607e-01
7.457685626475436536e-01
7.642866687452675167e-01
5.673188276691460974e-01
7.033149971048060500e-01
7.274397576945347277e-01
7.751436461627544405e-01
9.100374148144849684e-01
6.051846242929045383e-01
5.111297937731058560e-01
7.701327335085297321e-01
9.158723442162932660e-01
7.382744643891140379e-01
7.300899737205470696e-01
8.996035811322435904e-01
9.163400293973542610e-01
8.848269564830075762e-01
7.418043739699791139e-01
7.234087568482473474e-01
9.095808649948777802e-01
9.168522560242305941e-01
9.094138345730702344e-01
9.154603358425015269e-01
5.861041824417621005e-01
9.184334773506747096e-01
9.171306400605763187e-01
9.124871943343281222e-01
7.344104939646340924e-01
5.000000000000000000e-01
7.537971582557569938e-01
9.196360963876886174e-01
6.886831321544696349e-01
8.146964500467684944e-01
5.440960313571778784e-01
5.301044496904369074e-01
7.622377622377622952e-01
6.634615384615385469e-01
7.218665092868914446e-01
5.317580508663311001e-01
5.000000000000000000e-01
7.696650483274687371e-01
4.982517482517482277e-01
9.140572802993185419e-01
7.587969355485280065e-01
7.383969533651062456e-01
5.000000000000000000e-01
7.434468397844193888e-01
7.255690169702908587e-01
5.382165605095541316e-01
7.704333882677831813e-01
9.107500779475301567e-01
7.144002494320966790e-01
9.135784597568037402e-01
9.248808516324440454e-01
7.329072201683667354e-01
6.426940893501402741e-01
7.346443365551645899e-01
7.382800320698408303e-01
5.000000000000000000e-01
9.045142755333838158e-01
9.001492138434814549e-01
9.026936439356821884e-01
9.202039998218343175e-01
9.008952830608881746e-01
6.342312146452273591e-01
9.239677519932297800e-01
9.263507193443498711e-01
5.000000000000000000e-01
6.793795376597926428e-01
6.863057324840764473e-01
5.026168099416506996e-01
7.731615518239722817e-01
7.241993675114695161e-01
7.725713776669189681e-01
7.164491559396017895e-01
4.826511068549284578e-01
7.516591688566210960e-01
7.412698766201952782e-01
7.555231392811010416e-01
7.594205157899426295e-01
5.876854037682062160e-01
7.170448977773818955e-01
6.903033272460024072e-01
8.273239499354149151e-01
8.102868469110506844e-01
7.833392721927754376e-01
7.973698276246047323e-01
8.422230635606432481e-01
7.892744198476682183e-01
8.044296467863346622e-01
8.027148011224445323e-01
8.445948955503095323e-01
7.917019286446038695e-01
8.315776580107789862e-01
7.903100084628748023e-01
8.247628168010333605e-01
8.116230902855106066e-01
8.208320342078304632e-01
8.054429646786334107e-01
8.764086232239098884e-01
8.525455436283461141e-01
8.684357044229655820e-01
8.768540376820632698e-01
8.626564518284263183e-01
8.758852612355798595e-01
8.592044897777382229e-01
7.313371342033763156e-01
8.486370317580509415e-01
8.498730568794262696e-01
8.237272281858268874e-01
8.522337535076388582e-01
8.606409514052827392e-01
8.565431383902721851e-01
8.618769765266580674e-01
8.524230546523540175e-01
9.082223508975101334e-01
9.076655828248185731e-01
8.665538283372677952e-01
8.958732350452095483e-01
9.007393880005345466e-01
8.969088236604159103e-01
8.846599260611999194e-01
8.989911362522827742e-01
8.918979110061912019e-01
8.863747717250902713e-01
8.566990334506257021e-01
8.485145427820588448e-01
8.569885528484255666e-01
9.048037949311835693e-01
8.876107968464655995e-01
8.830787047347556928e-01
9.204378424123647040e-01
8.967974700458777315e-01
9.095585942719701666e-01
9.181328225914213714e-01
9.065297759565276170e-01
8.994922275177053006e-01
9.133334818048194359e-01
9.248140394637209827e-01
8.962407019731860602e-01
9.076989889091799935e-01
9.193020355440737479e-01
9.159057503006549084e-01
9.224756135584160077e-01
9.025210458331476282e-01
9.262393657298115812e-01
9.218743040399091093e-01
9.149815152999866141e-01
9.000656986325775710e-01
9.184668834350362410e-01
9.089572847534630462e-01
9.162509465057234737e-01
9.222529063293394280e-01
9.226760500645850849e-01
9.026658055320475604e-01
9.182887176517748884e-01
9.117745312012828229e-01
9.150705981916172904e-01
9.185893724110284486e-01
9.164625183733463576e-01
9.215625139192018533e-01
9.125094650572357358e-01
9.178544385550754248e-01
9.173756180125607340e-01
8.922319718498062935e-01
9.117745312012828229e-01
9.148033495167253726e-01
9.068192953543272594e-01
9.111064095140528618e-01
9.295688388045075801e-01
9.201817290989265929e-01
9.073983341499265443e-01
9.256491915727584896e-01
9.161395928911852948e-01
9.177542203019910527e-01
9.117968019241904365e-01
9.073537927041110951e-01
9.096588125250544277e-01
9.221749587991624475e-01
9.089461493920092394e-01
9.155605540955860100e-01
9.249253930782593836e-01
9.191350051222662021e-01
9.155494187341322032e-01
9.114850118034831805e-01
9.216181907264709983e-01
9.048483363769990184e-01
9.142020399982184742e-01
9.116075007794753882e-01
9.226537793416773603e-01
9.164736537348001644e-01
9.091354505367243988e-01
9.171974522292993814e-01
9.194245245200659555e-01
9.192018172909892648e-01
7.111487238875774386e-01
7.085207785844729322e-01
6.773751725981025373e-01
7.670371030243641197e-01
5.912431517527059199e-01
7.032760233397175043e-01
6.841232016391252113e-01
7.177519932297002914e-01
7.261257850429825300e-01
6.954979733642154827e-01
7.260478375128056605e-01
6.998351966504833266e-01
7.265043873324128487e-01
7.416039374638100368e-01
7.492205246982318601e-01
7.683176695915550081e-01
8.259320297536858480e-01
8.243285377043338968e-01
7.981158968420115629e-01
7.742528172464480107e-01
8.189390227606788697e-01
8.175693733018574161e-01
6.222996748474455275e-01
8.172019063738809042e-01
8.451627989844552324e-01
8.271680548750612871e-01
8.194957908333704300e-01
8.264999331878312150e-01
7.922475613558417340e-01
8.050420916662954784e-01
8.233820319807581001e-01
8.298850830697963588e-01
8.405750300654757368e-01
8.436149837423722042e-01
8.620996837557346471e-01
8.669769720725134521e-01
8.651285020711771967e-01
8.381029798227249694e-01
8.741370094873279761e-01
8.671662732172286114e-01
8.626787225513339319e-01
8.753284931628879662e-01
8.700503318337714509e-01
8.351187029530977579e-01
8.627900761658724438e-01
8.671885439401362250e-01
8.624448799608035454e-01
8.811188811188810366e-01
8.974655917331076926e-01
8.994142799875285421e-01
8.868869983519666045e-01
9.075764999331878968e-01
8.968531468531468764e-01
8.945815331165649642e-01
8.863525010021825468e-01
9.030444078214781012e-01
8.958843704066634661e-01
9.094583760188854615e-01
8.827669146140484369e-01
8.993920092646207065e-01
9.010957195670572517e-01
8.917754220301991053e-01
8.941472540198655006e-01
9.008173355307111940e-01
8.994254153489822379e-01
9.007282526390807398e-01
9.059730078838359457e-01
9.035566344483541013e-01
8.955614449245021813e-01
9.163845708431697101e-01
9.015188633023027975e-01
8.961404837201014661e-01
9.232105474143690316e-01
9.117077190325598712e-01
9.095585942719699446e-01
9.208609861476102498e-01
9.083114337891409207e-01
9.172642643980224442e-01
9.108725669235222533e-01
9.198142621709501920e-01
9.226426439802235535e-01
9.168188499398690627e-01
9.123535699968821078e-01
9.191906819295355691e-01
9.201928644603805107e-01
7.824595786379225926e-01
9.108168901162531084e-01
9.150594628301633726e-01
9.213064006057636313e-01
9.155716894570398168e-01
9.241681884993986351e-01
8.941695247427732252e-01
9.174312948198297679e-01
9.186784553026591249e-01
9.197029085564116802e-01
9.088459311389247564e-01
9.199144804240346751e-01
9.209500690392411482e-01
7.929936305732483426e-01
9.198476682553117234e-01
9.247138212106364996e-01
9.254710257894971370e-01
9.239232105474144419e-01
9.203153534363726074e-01
9.149258384927174692e-01
9.062513919201817814e-01
9.176762727718141832e-01
9.294908912743308216e-01
9.204155716894570904e-01
9.245133847044674225e-01
9.246247383190058233e-01
9.140795510222262665e-01
9.266736448265111559e-01
9.103826110195536447e-01
7.931495256336020816e-01
9.182887176517749994e-01
9.148812970469022421e-01
9.172308583136608018e-01
9.102378513206538235e-01
9.160505099995546185e-01
9.169190681929535458e-01
9.240568348848604563e-01
9.217184089795555924e-01
8.841811055186852286e-01
9.214400249432096457e-01
9.134002939735423876e-01
9.168745267471382077e-01
9.129882855997506486e-01
5.355552091220880939e-01
7.270611554051045200e-01
7.510467239766602798e-01
7.504342790966994636e-01
7.139771056968509111e-01
7.434301367422386786e-01
6.500935370362123100e-01
7.001247160482828580e-01
7.343102757115496093e-01
6.802146897688298166e-01
6.461571867622823984e-01
7.337089661930425999e-01
5.635773462206583595e-01
4.975613558416106530e-01
7.027415259899336686e-01
7.364148590263239758e-01
8.013340163021691609e-01
8.213999376419758303e-01
8.290610663222128807e-01
5.000000000000000000e-01
8.193064896886552706e-01
8.387488307870473170e-01
8.281591020444523110e-01
8.137610796846466155e-01
8.186049619170638891e-01
8.333481804819384831e-01
8.333815865662997924e-01
8.300187074072424842e-01
8.227139102935281390e-01
8.105429602244889065e-01
8.304529865039418368e-01
8.352634626519976901e-01
8.593047080308228169e-01
7.328738140840052040e-01
8.584027437530622473e-01
8.670883256870517419e-01
8.757070954523185069e-01
8.691483675560108813e-01
5.000000000000000000e-01
8.614649681528662173e-01
8.773885350318471055e-01
8.639036123112555643e-01
8.578571110418244938e-01
8.649057948421006170e-01
8.652621264086232111e-01
8.686472762905883549e-01
7.237094116075007966e-01
8.643601621308627525e-01
8.828225914213176928e-01
9.053048861966060956e-01
9.066745356554274382e-01
9.023428800498864977e-01
9.030444078214778791e-01
9.027326177007705121e-01
8.934457262482740081e-01
9.073983341499264332e-01
8.949378646830876693e-01
9.051823972206138880e-01
8.821210636497260893e-01
8.991024898668210641e-01
9.005166807714577448e-01
9.063627455347200712e-01
8.761859159948333087e-01
8.936238920315352496e-01
9.159057503006547973e-01
9.122422163823438179e-01
8.870317580508664257e-01
9.013184267961337204e-01
9.202039998218343175e-01
8.980446305287070885e-01
9.181884993986905164e-01
9.201260522916574480e-01
8.969867711905927798e-01
9.093915638501625098e-01
9.176651374103603764e-01
9.227317268718542298e-01
9.190125161462741055e-01
9.140572802993186530e-01
9.210057458465101821e-01
9.091577212596320123e-01
9.151819518061556913e-01
9.078326132466260079e-01
9.224756135584160077e-01
9.129882855997506486e-01
9.203710302436417523e-01
9.105273707184534659e-01
9.198476682553116124e-01
9.170526925303995602e-01
9.119638323459979823e-01
9.121308627678053060e-01
9.114627410805754559e-01
9.134893768651730639e-01
9.117411251169212916e-01
9.145695069261947641e-01
9.184000712663134003e-01
9.187786735557436080e-01
9.242461360295755046e-01
9.211950469912253414e-01
9.204044363280031726e-01
7.861843570442296203e-01
9.228319451249387129e-01
9.132555342746425664e-01
9.090240969221861089e-01
9.154603358425015269e-01
6.018718542603893606e-01
9.128769319852122477e-01
9.140906863836799623e-01
9.217963565097324619e-01
8.991804373969980446e-01
9.205491960269029939e-01
9.015411340252103001e-01
9.241013763306756834e-01
9.065854527637966509e-01
9.143133936127567640e-01
9.105719121642688041e-01
9.127989844550353782e-01
7.238374682642199076e-01
9.178098971092601976e-01
9.156607723486703820e-01
9.194690659658810716e-01
9.260611999465503397e-01
9.163400293973541499e-01
9.221972295220702831e-01
9.206828203643490083e-01
9.166406841566078212e-01
9.133557525277271605e-01
9.284998441049396867e-01
9.189902454233663809e-01
7.391207518596052406e-01
7.353569996882098891e-01
7.756113313438154355e-01
7.536746692797647862e-01
7.148233931673422248e-01
7.049129214734310978e-01
7.671039151930871824e-01
7.009153267115050268e-01
6.186695470134960795e-01
7.636853592267605073e-01
7.121397710569684625e-01
7.533740145205113370e-01
7.287648657075409542e-01
7.120618235267917040e-01
7.053472005701304504e-01
7.050131397265155808e-01
8.117789853458643456e-01
7.946193933455080183e-01
8.292726381898356536e-01
7.921696138256648645e-01
7.790521580330498352e-01
8.161440470357668175e-01
8.251748251748249885e-01
7.933165560554095164e-01
8.083381586566300570e-01
8.049196026903033818e-01
7.851097946639348235e-01
8.232818137276736170e-01
8.265222039107390506e-01
7.850541178566656786e-01
7.873702730390628179e-01
7.973252861787893941e-01
8.561534007393880596e-01
8.729900672575832132e-01
8.484254598904281686e-01
8.720992383412766724e-01
8.701839561712174653e-01
8.438154202485413924e-01
8.501848470001335256e-01
8.579016524876398320e-01
8.667431294819829546e-01
8.575119148367555955e-01
8.609972829718053333e-01
8.576344038127478031e-01
8.007883835909312964e-01
8.456416195269698122e-01
8.381697919914480321e-01
8.679123424346353310e-01
8.947040220925570608e-01
8.923544608257985011e-01
9.121197274063516103e-01
8.446394369961248705e-01
8.841142933499621659e-01
8.866308850385284934e-01
8.997706115540510252e-01
9.072424390895728052e-01
8.954166852256024711e-01
9.042024854126765598e-01
8.821656050955415385e-01
8.988575119148367598e-01
8.530466348937686405e-01
9.040243196294153183e-01
9.149369738541714980e-01
9.090575030065476403e-01
9.039241013763306132e-01
8.990802191439134505e-01
8.952273840808873118e-01
8.774108057547547190e-01
9.008841476994342568e-01
9.040243196294152073e-01
9.101933098748384854e-01
9.107834840318917990e-01
9.078103425237182833e-01
9.255044318738587794e-01
9.163957062046232949e-01
9.184780187964902698e-01
9.082000801746024088e-01
9.208164447017951337e-01
8.911407064273306755e-01
8.915638501625762213e-01
9.164068415660773237e-01
9.216515968108325296e-01
9.128101198164892960e-01
9.234889314507147562e-01
9.172419936751146086e-01
9.198476682553115014e-01
9.016190815553872806e-01
9.085675471025790317e-01
9.225981025344083264e-01
9.122533517437976247e-01
8.808182263596276984e-01
8.915638501625763324e-01
9.189234332546434292e-01
8.986348046857601801e-01
9.179991982539753570e-01
9.176094606030913425e-01
9.229321633780233070e-01
9.079885083069796359e-01
9.018529241459177781e-01
9.207162264487106507e-01
9.045810877021068785e-01
9.087234421629326597e-01
9.206382789185337812e-01
9.145361008418332327e-01
9.210502872923255202e-01
9.126653601175893638e-01
9.236559618725224130e-01
9.210280165694177956e-01
9.105050999955457414e-01
9.100151440915771328e-01
9.190236515077280233e-01
9.202151351832881243e-01
9.200369694000267717e-01
9.190459222306356368e-01
9.149147031312636624e-01
9.168745267471382077e-01
9.155160126497705608e-01
8.985234510712217793e-01
9.130996392142888274e-01
9.172976704823838645e-01
9.122088102979822866e-01
9.176317313259987341e-01
9.188566210859205885e-01
9.215625139192018533e-01
9.122199456594359823e-01
9.065409113179814238e-01
9.226760500645851959e-01
9.154826065654091405e-01
7.295109349249476738e-01
6.933210101999911501e-01
7.519709589773284630e-01
7.646875417576055600e-01
7.378624560153221879e-01
7.202463141953587833e-01
7.675047882054251147e-01
7.637410360340297633e-01
7.497772927709234203e-01
7.410471693911183655e-01
7.036880317135093543e-01
7.484410493964633870e-01
7.427842857779163310e-01
7.415705313794487274e-01
7.392098347512359169e-01
5.153222573604739898e-01
8.127477617923477560e-01
7.984610930470805723e-01
8.024364170860986967e-01
8.393835463899157467e-01
7.986726649147032342e-01
8.118569328760412152e-01
8.262660905973007175e-01
7.847423277359583116e-01
8.320230724689323676e-01
8.250857422831945343e-01
8.296957819250811994e-01
8.408088726560064563e-01
8.220791946906595982e-01
8.374125874125873947e-01
8.244398913188722977e-01
8.142176295042536927e-01
8.726003296066991988e-01
8.551623535699968137e-01
8.578014342345552379e-01
8.564874615830029292e-01
8.619326533339272123e-01
8.690036078571110600e-01
8.576455391742014989e-01
8.668099416507060173e-01
8.797937731058751432e-01
8.821656050955414274e-01
8.646830876130240373e-01
8.640372366487015787e-01
8.371230680147877523e-01
8.631686784553025404e-01
8.587145338737696143e-01
8.718431250278384503e-01
8.908289163066234195e-01
9.000044541445815227e-01
8.962184312502783357e-01
9.017638412542871018e-01
8.935904859471739403e-01
9.030889492672932173e-01
9.019642777604561790e-01
9.025989933633246087e-01
9.039463720992384488e-01
9.054719166184133083e-01
8.970424479978618137e-01
9.127767137321278756e-01
8.994254153489822379e-01
9.083559752349561478e-01
9.008730123379805610e-01
9.005946283016347254e-01
9.008841476994343678e-01
9.049485546300833905e-01
9.157943966861163965e-01
9.240456995234065385e-01
9.197363146407733225e-01
9.038684245690613572e-01
8.990022716137364700e-01
9.171417754220301255e-01
9.122644871052514315e-01
9.024430983029709807e-01
9.009175537837958991e-01
9.140684156607723487e-01
9.190681929535433614e-01
9.090575030065476403e-01
9.024876397487862079e-01
9.130773684913813248e-01
9.178544385550756468e-01
9.190681929535432504e-01
9.151040042759788218e-01
9.226871854260390027e-01
9.257048683800275235e-01
9.216515968108325296e-01
9.266068326577880931e-01
9.154157943966860778e-01
9.218743040399092203e-01
9.156273662643089617e-01
9.155716894570398168e-01
9.206939557258029261e-01
9.196583671105965641e-01
9.191684112066277335e-01
9.168633913856842899e-01
9.224422074740545874e-01
9.116297715023828907e-01
9.265845619348803686e-01
9.204935192196338489e-01
9.142243107211260877e-01
9.201149169302035302e-01
9.065297759565273950e-01
9.143579350585719911e-01
9.162954879515389228e-01
9.056946238474901101e-01
9.199033450625807573e-01
9.226871854260388917e-01
9.106387243329918668e-01
9.174424301812835747e-01
9.194690659658812937e-01
9.191127343993585885e-01
9.185893724110284486e-01
9.288561756714622808e-01
9.249810698855285285e-01
9.248140394637208717e-01
9.200035633156651294e-01
9.214066188588481143e-01
9.210502872923256312e-01
9.187341321099281588e-01
9.131107745757427452e-01
9.203264887978265252e-01
9.146919959021869717e-01
9.151262749988864353e-01
9.178210324707140044e-01
9.148590263239946285e-01
9.216404614493787228e-01
9.250033406084362531e-01
9.167520377711462221e-01
7.398668210770122933e-01
7.382967351120217625e-01
7.325397532403902234e-01
7.344995768562647687e-01
7.517705224711592749e-01
7.122956661173220905e-01
7.505679034341454781e-01
7.656229121197275500e-01
7.301122444434546832e-01
7.341209745668344500e-01
7.311923745044763834e-01
7.608903835018484552e-01
7.739187564028328081e-01
7.622711683221238266e-01
7.017950202663578718e-01
7.639971493474679853e-01
8.375462117500334092e-01
8.427130194646117456e-01
8.186940448086944544e-01
8.162219945659436870e-01
8.231927308360429407e-01
8.366108413879114192e-01
8.312101910828024742e-01
8.215892387866909896e-01
8.406641129571065241e-01
8.118123914302257660e-01
8.290276602378513493e-01
8.242394548127033316e-01
8.213553961961606031e-01
8.245289742105028630e-01
8.250857422831945343e-01
8.351966504832747384e-01
8.515099550131397521e-01
8.683020800855196786e-01
8.741258741258741694e-01
8.858625450982140492e-01
8.848046857600998516e-01
8.831232461805711420e-01
8.705180170148323349e-01
8.710859204489778129e-01
8.716649592445770978e-01
8.693488040621799584e-01
8.761525099104716663e-01
8.480579929624516566e-01
8.703732573159325137e-01
8.761302391875639417e-01
8.770990156340474631e-01
8.815531602155806112e-01
9.018974655917330052e-01
9.044251926417530285e-01
9.027214823393168164e-01
9.048260656540911828e-01
8.959177764910248865e-01
8.996035811322435904e-01
9.012738853503183822e-01
8.998040176384124456e-01
9.075096877644648341e-01
9.003719210725580346e-01
9.032671150505545699e-01
9.032782504120083766e-01
8.985679925170371174e-01
8.966081689011625722e-01
9.130550977684737113e-01
9.016302169168410874e-01
9.118524787314596924e-01
9.251369649458821565e-01
9.129103380695737791e-01
9.150371921072557591e-01
9.196917731949579844e-01
9.198810743396730327e-01
9.204601131352724286e-01
9.124537882499665908e-01
9.091131798138167852e-01
9.125874125874126053e-01
9.215736492806556601e-01
8.970758540822235672e-01
9.185336956037593037e-01
9.118636140929134992e-01
9.169636096387688839e-01
9.129437441539351994e-01
9.017638412542871018e-01
9.134782415037192571e-01
9.239343459088683597e-01
9.218074918711861576e-01
9.215291078348403220e-01
9.244465725357444708e-01
9.138123023473342377e-01
9.214734310275711771e-01
9.196249610262348106e-01
9.176428666874526519e-01
9.206160081956260566e-01
9.215291078348404330e-01
9.193243062669813614e-01
9.213509420515790804e-01
9.169079328314997390e-01
9.142354460825798945e-01
9.093581577658010895e-01
9.225424257271391815e-01
9.241347824150372148e-01
9.246024675960982098e-01
9.265288851276112236e-01
9.318404525410893813e-01
9.260166585007350015e-01
9.183443944590441443e-01
9.128323905393969095e-01
9.236336911496147994e-01
9.157943966861162854e-01
9.220301991002628483e-01
9.190570575920895546e-01
9.259609816934657456e-01
9.212061823526792592e-01
9.252817246447819777e-01
9.125317357801433493e-01
9.160505099995546185e-01
9.208721215090641676e-01
9.183555298204979511e-01
9.171974522292993814e-01
9.188120796401051393e-01
9.223197184980626018e-01
9.198365328938576946e-01
9.231548706070999977e-01
9.212952652443098245e-01
9.220190637388090416e-01
9.193911184357044242e-01
9.125874125874127163e-01
9.234777960892610604e-01
9.218965747628168339e-01
9.145026947574719234e-01
5.736158745712884865e-01
6.723308538595162975e-01
7.664803349516726705e-01
6.404614493786467966e-01
5.069039241013763020e-01
6.479054385105340597e-01
5.972117054919603429e-01
5.215302213709857027e-01
5.502149124760589149e-01
6.894681751369649003e-01
6.290477038884683125e-01
5.017371163867979655e-01
7.133089840096209500e-01
6.509843659525188508e-01
4.970324261725536097e-01
6.691628435259009411e-01
7.455013139726516247e-01
7.012048461093047802e-01
5.000000000000000000e-01
5.000000000000000000e-01
5.000000000000000000e-01
7.472384303594495902e-01
6.904759253485368564e-01
7.725045654981961274e-01
7.535855863881342209e-01
7.233642154024320092e-01
7.474054607812570250e-01
6.190592846643802050e-01
7.097790744287559850e-01
5.376208186717741366e-01
6.396430003117901109e-01
6.442140661885884523e-01
7.353792704111176137e-01
7.429290454768162633e-01
7.260144314284442402e-01
7.519264175315130139e-01
7.761680994165069958e-01
7.236537348002316516e-01
7.159480646741793741e-01
7.720146095942272968e-01
7.482294775288407251e-01
6.996124894214066359e-01
8.299964366843346486e-01
7.732729054385105716e-01
6.362244443454634357e-01
8.319228542158478845e-01
7.209311389247694546e-01
7.594650572357580787e-01
6.989889091799920129e-01
7.273840808872655828e-01
5.261068549285109475e-01
7.396329784864816848e-01
7.103135717785399317e-01
7.256803705848291486e-01
7.521491247605898156e-01
8.322903211438242854e-01
8.702284976170326924e-01
5.334283550844060029e-01
5.759710035187742827e-01
4.984076433121019112e-01
8.873435481715736817e-01
6.617299897554673738e-01
7.130974121419981770e-01
8.761302391875641637e-01
9.023428800498863867e-01
8.743374459934969423e-01
9.059507371609281101e-01
8.632577613469334388e-01
8.521558059774620997e-01
5.000000000000000000e-01
9.188677564473742843e-01
5.000000000000000000e-01
6.976526658055319796e-01
7.377065609549686709e-01
7.456572090330051417e-01
8.962295666117323645e-01
8.757739076210414586e-01
8.091287693198521147e-01
7.305687942630616494e-01
8.353525455436283664e-01
8.097968910070820758e-01
9.069751904146808874e-01
5.025611331343815547e-01
5.334728965302213410e-01
7.525611331343815547e-01
7.736181016435794700e-01
5.000000000000000000e-01
9.002939735423813872e-01
9.153823883123246574e-01
8.591933544162844161e-01
7.141998129259274908e-01
7.200792837735512375e-01
6.711282348225022787e-01
8.817758674446571909e-01
7.255467462473831342e-01
5.468130595519130610e-01
8.875105785933811164e-01
7.320609326978753106e-01
7.366041601710391351e-01
7.355240301100173239e-01
5.031011981648924047e-01
9.070531379448576459e-01
7.263930337178743368e-01
8.806289252149124280e-01
8.546501269431204806e-01
5.630094427865128814e-01
7.925482161150949612e-01
8.826110195536946978e-01
7.772482294775289180e-01
8.330475257226849228e-01
8.878669101599038216e-01
8.226359627633511584e-01
8.049307380517572996e-01
8.558527459801346104e-01
5.246314195358781074e-01
7.292659569729633695e-01
7.243998040176384823e-01
6.792681840452541309e-01
8.734466170771904014e-01
7.319607144447908276e-01
6.435236737784508776e-01
7.164547236203286928e-01
9.038906952919691928e-01
5.182675604650127665e-01
9.189679747004587673e-01
7.409246804151262689e-01
8.640762104137900135e-01
8.853948599171530542e-01
6.890505990824462579e-01
5.430326043383368884e-01
7.043672887621932333e-01
6.593358870428933649e-01
5.000000000000000000e-01
5.575085742283194534e-01
7.125183733463988922e-01
5.069651685893724613e-01
6.994900004454145392e-01
6.852701438688699742e-01
6.843236381452941774e-01
6.479778183599839148e-01
6.844628301634669842e-01
6.133357088771101973e-01
4.693165115139636967e-01
5.286846911050733233e-01
7.009932742416820073e-01
7.055142309919379962e-01
6.846799697118168826e-01
4.807970691728652990e-01
7.543205202440872448e-01
5.683098748385372323e-01
6.920348759520733584e-01
6.144381096610396220e-01
7.612689857912787739e-01
5.000000000000000000e-01
5.154670170593738110e-01
7.272393211883658726e-01
5.000000000000000000e-01
7.865685270143869534e-01
7.120005790387955447e-01
6.763841254287112914e-01
5.036468308761302692e-01
7.149570175047881282e-01
7.020399982183421761e-01
7.736960491737562284e-01
7.218832123290722658e-01
5.017482517482517723e-01
7.348670437842412806e-01
6.046111531780321569e-01
7.241325553427464534e-01
7.636853592267605073e-01
5.000000000000000000e-01
7.183978441940225279e-01
7.066277671373213387e-01
8.192730836042938503e-01
7.168834350363012531e-01
7.230412899202707244e-01
7.557235757872700077e-01
7.229744777515478837e-01
8.832791412409248810e-01
8.524898668210769692e-01
7.330631152287203633e-01
7.331076566745355905e-01
6.947797425504431690e-01
7.087323504520957052e-01
8.974544563716538859e-01
8.022471159413834263e-01
7.120172820809763659e-01
6.933878223687142128e-01
8.830007572045789344e-01
7.215268807625495606e-01
6.944234109839205749e-01
7.915126274998887101e-01
6.585118702953097758e-01
8.587702106810387592e-01
7.317714133000756682e-01
7.259253485368135639e-01
5.762493875551200073e-01
7.222061378112334395e-01
7.633735691060531403e-01
7.182419491336688999e-01
7.717028194735201518e-01
6.287526168099416557e-01
7.200236069662820926e-01
5.849572402120173376e-01
9.008507416150728364e-01
7.246336466081688688e-01
7.396218431250278780e-01
8.525121375439845828e-01
8.812302347334195485e-01
5.574918711861387433e-01
8.751002182530847051e-01
8.931450714890204479e-01
7.379292681840452506e-01
6.261692129526524875e-01
8.824439891318871521e-01
8.835018484700013497e-01
9.125317357801433493e-01
7.349895327602333772e-01
5.017872255133400961e-01
6.767849984410494457e-01
7.976259409380429544e-01
7.143668433477350366e-01
6.500545632711238753e-01
9.072981158968420612e-01
8.826332902766023114e-01
9.145361008418332327e-01
8.890138523896484735e-01
9.162008373791813431e-01
6.798360874793996089e-01
7.286201060086410219e-01
6.960380383947262217e-01
5.006625540065030577e-01
7.492038216560509278e-01
9.192129526524431826e-01
7.346220658322568653e-01
7.123680459667720566e-01
9.120974566834441077e-01
7.619593782014164596e-01
5.251659168856621651e-01
7.806556500824016753e-01
5.124047926595696190e-01
6.571867622823037713e-01
8.091621754042136461e-01
6.031802592312146549e-01
7.275622466705269353e-01
8.847156028684691753e-01
8.787581844906686701e-01
7.149792882276958528e-01
8.481916172998975600e-01
5.000000000000000000e-01
5.000000000000000000e-01
5.081956260300208861e-01
5.000000000000000000e-01
7.532626609059730471e-01
9.038906952919691928e-01
8.770099327424168978e-01
6.649202708119905658e-01
6.961382566478107048e-01
5.566288806734666084e-01
4.890984811366977381e-01
5.982138880228052846e-01
7.763017237539532323e-01
6.705491960269031049e-01
6.756046501269430404e-01
6.774197140439178755e-01
4.741214199812925356e-01
6.867845530265912490e-01
5.076110195536948089e-01
5.711939334550799607e-01
5.000000000000000000e-01
4.927620150550087175e-01
6.582724600240523749e-01
5.000000000000000000e-01
7.353792704111175027e-01
5.434279096699479172e-01
4.924112511692129157e-01
7.052970914435882088e-01
7.109594227428621682e-01
6.569362166495924527e-01
5.813827891853369234e-01
6.895349873056879630e-01
5.000000000000000000e-01
6.027571154959689981e-01
5.000000000000000000e-01
6.445202886285688049e-01
4.809084227874036443e-01
6.982428399625851823e-01
6.261079684646563281e-01
6.055687942630618714e-01
7.136207741303283170e-01
7.544151708164446024e-01
7.571767404569952342e-01
7.270221816400159742e-01
6.823638145294196322e-01
6.077791635116474023e-01
7.326288361320207887e-01
8.346510177720369850e-01
7.314818939022760258e-01
6.810554095585943379e-01
6.965279942986949413e-01
5.000000000000000000e-01
5.006068771992340238e-01
5.000000000000000000e-01
7.357968464656363672e-01
5.891218653957507323e-01
6.933321455614449569e-01
7.248897599216070908e-01
7.279742550443186744e-01
7.334528528796044888e-01
6.306567636185469450e-01
9.090129615607323021e-01
5.731036479444122644e-01
7.165271034697786590e-01
7.491314418066010727e-01
8.146185025165917359e-01
9.000267248674892473e-01
9.064963698721659746e-01
8.161329116743130108e-01
7.240434724511157771e-01
7.317380072157142479e-01
7.272281858269119548e-01
5.632989621843125239e-01
7.521491247605898156e-01
7.703443053761525050e-01
5.610885929357266599e-01
5.000000000000000000e-01
6.775310676584561653e-01
5.658879337223287065e-01
7.281635561890339448e-01
7.950091309963921438e-01
7.905883924992205269e-01
7.255578816088369409e-01
7.286312413700948287e-01
7.094505812658677968e-01
5.000000000000000000e-01
6.425159235668789215e-01
7.403233708966192594e-01
9.132666696360964842e-01
8.507638857957329215e-01
7.171506837111931709e-01
8.975212685403768376e-01
7.299006725758319103e-01
7.351342924591331984e-01
8.907621041379003568e-01
7.875540065030510739e-01
8.959289118524786932e-01
7.255578816088370520e-01
7.124070197318604913e-01
5.616731994120529592e-01
6.797024631419535945e-01
4.952229299363057335e-01
6.038595162798984228e-01
6.579383991804372833e-01
4.984076433121019112e-01
7.009710035187741717e-01
7.483853725891942421e-01
5.000000000000000000e-01
7.498886463854617102e-01
6.391085029620061642e-01
5.000000000000000000e-01
4.798839695336510336e-01
7.118613870206226268e-01
6.840118480245868104e-01
7.281524208275800270e-01
8.064618502516591736e-01
6.702039998218342065e-01
5.000000000000000000e-01
7.437252238207652244e-01
5.217751993229700069e-01
6.088258874883079041e-01
5.649581310409335089e-01
7.240657431740235017e-01
5.015923566878981443e-01
4.671339806690125163e-01
5.000000000000000000e-01
7.165939156385016107e-01
8.977328404079996105e-01
6.913055097768473489e-01
5.017482517482517723e-01
5.000000000000000000e-01
5.000000000000000000e-01
7.694312057369381286e-01
7.274174869716271141e-01
4.965034965034965109e-01
7.328738140840052040e-01
6.726203732573159400e-01
6.655160126497705608e-01
7.136653155761435441e-01
7.094450135851411154e-01
6.795911095274153046e-01
5.417409024096921932e-01
6.779876174780633535e-01
7.186762282303684746e-01
7.005033183377131767e-01
6.793461315754310004e-01
6.570754086677653705e-01
6.795688388045075801e-01
7.135205558772437229e-01
5.190526034475079209e-01
5.271480112244444349e-01
7.777715914658590579e-01
8.273684913812302533e-01
7.800320698409870523e-01
7.102578949712707868e-01
7.000690392410138241e-01
6.726426439802235535e-01
7.684512939290009115e-01
8.405193532582068139e-01
7.559017415705313603e-01
8.209990646296380090e-01
8.098302970914436072e-01
7.809897109260167669e-01
8.068571555832702025e-01
7.452563360206673204e-01
6.841009309162175978e-01
5.912876931985211471e-01
8.492773150416462746e-01
8.517772036880317810e-01
8.417887844639435624e-01
8.347401006636674392e-01
8.589706471872078364e-01
8.577234867043783684e-01
8.639036123112555643e-01
8.556745801968732579e-01
8.573226136920404361e-01
8.539820052558906305e-01
8.584027437530621363e-01
8.178477573382031407e-01
8.519665048327467183e-01
7.935615340073938206e-01
8.738252193666206091e-01
8.574228319451251412e-01
8.449178210324707061e-01
9.051267204133446320e-01
8.960291301055631763e-01
8.883011892566033962e-01
9.015968108324795560e-01
8.820987929268183647e-01
8.933343726337357182e-01
8.831900583492939827e-01
8.871542470268585223e-01
8.856064317847758272e-01
8.932452897421050420e-01
9.066634002939735204e-01
8.467885617567145751e-01
9.001603492049353727e-01
8.470224043472450726e-01
8.932230190191972063e-01
9.188399180437396563e-01
9.186895906641130427e-01
9.169302035544073526e-01
9.068415660772348730e-01
8.873546835330274885e-01
8.771101509955013809e-01
8.361431562068506462e-01
8.960291301055632873e-01
9.027326177007706232e-01
9.091131798138168962e-01
9.136118658411651605e-01
7.297893189612933984e-01
9.204935192196339599e-01
8.856175671462296339e-01
9.107166718631686253e-01
8.657743530354995443e-01
9.139681974076878657e-01
9.161284575297314881e-01
9.084450581265868241e-01
9.192574940982582987e-01
9.145472362032871505e-01
8.778673555743619072e-01
9.160616453610084253e-01
8.987350229388446632e-01
9.156496369872166863e-01
9.110618680682374126e-01
9.213175359672175491e-01
9.191795465680816513e-01
9.109727851766067364e-01
8.898267337757783668e-01
8.960514008284709009e-01
9.148367556010867929e-01
9.236670972339762198e-01
8.763863525010022748e-01
9.168967974700459322e-01
9.103603402966460312e-01
8.998485590842280057e-01
8.823660416017105046e-01
5.471248496726204280e-01
9.072535744510266120e-01
9.227094561489467273e-01
9.045198432141108302e-01
9.276312859115407594e-01
9.162954879515389228e-01
5.187463810075274573e-01
8.827112378067791809e-01
9.140906863836800733e-01
8.849494454589996728e-01
9.078882900538951528e-01
5.015923566878981443e-01
9.229544341009310315e-01
9.128880673466661655e-01
9.210057458465101821e-01
8.910516235356999992e-01
9.159502917464701355e-01
9.109282437307916203e-01
9.150037860228942277e-01
9.165404659035232271e-01
9.184891541579439656e-01
9.031112199902008308e-01
8.903389604026545889e-01
9.148812970469021311e-01
9.232328181372766451e-01
9.100374148144848574e-01
5.748853057770254571e-01
5.250378602289429431e-01
7.538528350630261388e-01
6.410850296200614196e-01
6.401942007037548787e-01
6.794463498285154834e-01
5.000000000000000000e-01
6.542024854126764488e-01
7.004031000846286936e-01
5.134348135940491886e-01
6.840675248318559554e-01
6.838114115184179553e-01
6.277225958754620860e-01
6.731325998841921621e-01
5.471582557569818484e-01
5.701917509242350190e-01
5.846120440069484392e-01
7.820809763484922739e-01
7.842746425548973166e-01
7.982829272638189977e-01
8.266112868023696159e-01
8.132822591421318137e-01
6.714734310275711771e-01
8.062001692574941591e-01
4.978119014743218607e-01
7.993296512404792775e-01
7.295443410093092051e-01
5.429657921696138256e-01
8.255645628257093360e-01
5.652309473965524411e-01
7.672486748919870037e-01
8.197964455926239902e-01
7.167164046144938183e-01
8.278584472851989728e-01
8.653289385773461628e-01
7.293550398645940458e-01
5.936372544652799288e-01
7.092891185247873764e-01
8.444501358514097111e-01
8.182820364349027153e-01
8.633579796000179218e-01
8.639258830341633999e-01
8.010222261814619049e-01
8.551734889314507315e-01
7.360696628212551884e-01
6.905705759208944361e-01
8.093180704645672741e-01
7.500668121687230627e-01
4.984076433121019112e-01
7.361977194779742995e-01
8.890361231125563091e-01
8.910293528127923857e-01
9.004832746870963245e-01
8.661529553249298630e-01
9.026323994476861401e-01
9.022203910738941790e-01
8.976882989621843834e-01
9.061289029441896847e-01
8.987127522159370496e-01
6.553661306846020329e-01
9.119972384303595137e-01
9.014631864950336526e-01
8.940136296824193751e-01
6.902921918845484894e-01
8.997706115540510252e-01
9.177319495790833281e-01
9.014409157721260391e-01
4.817046011313527165e-01
9.073537927041112061e-01
9.112288984900449584e-01
7.505623357534185747e-01
9.123201639125205764e-01
9.085341410182173894e-01
7.675214912476059359e-01
8.984232328181374072e-01
9.175983252416373137e-01
9.169302035544073526e-01
8.907843748608079704e-01
9.157609906017548651e-01
9.140461449378646241e-01
9.151708164447017735e-01
9.156162309028550439e-01
9.141686339138567208e-01
9.124203821656051705e-01
9.106721304173533982e-01
9.161061868068237635e-01
9.215847846421094669e-01
9.157943966861165075e-01
9.024430983029708697e-01
9.198476682553115014e-01
9.138123023473341267e-01
9.210836933766870516e-01
9.087791189702016936e-01
9.010400427597879958e-01
9.113847935503985864e-01
9.253930782593203785e-01
9.144581533116565852e-01
9.177430849405371349e-01
9.160171039151930872e-01
9.225535610885930993e-01
9.212173177141330660e-01
9.251592356687897700e-01
9.261057413923656778e-01
8.820208453966416062e-01
9.176205959645449273e-01
9.214622956661173703e-01
5.131063204311612225e-01
9.210280165694177956e-01
9.107278072246225431e-01
8.760745623802949078e-01
7.407353792704111095e-01
9.128101198164892960e-01
9.177542203019910527e-01
9.223531245824240221e-01
9.139904681305955902e-01
9.216850028951939500e-01
9.265177497661574169e-01
9.209500690392410371e-01
9.163288940359003432e-01
9.119972384303595137e-01
9.226871854260390027e-01
9.120974566834438857e-01
9.213175359672175491e-01
9.157943966861165075e-01
9.185559663266671393e-01
9.025767226404168841e-01
9.054830519798673372e-01
9.212284530755867618e-01
7.133980669012516262e-01
5.619460157676718914e-01
6.855429602244889065e-01
5.000000000000000000e-01
6.916395706204623295e-01
5.352601220435615481e-01
5.000000000000000000e-01
6.097278517660683628e-01
6.988107433967305493e-01
6.785777916351164452e-01
6.776980980802637111e-01
7.610240078392943586e-01
6.722139325642511043e-01
5.249988864638546193e-01
6.864393568215224617e-01
6.067714133000757792e-01
7.748095853191394600e-01
7.656451828426350525e-01
6.905928466438020497e-01
7.042392321054741222e-01
8.117901207073181524e-01
7.657119950113581153e-01
7.965346755155672254e-01
7.096454500913098595e-01
8.186606387243329230e-01
7.143779787091888434e-01
7.240044986860274534e-01
5.299763930337179074e-01
6.817903434145471397e-01
7.906552046679434786e-01
8.370896619304263320e-01
7.418266446928868385e-01
5.149603581132243812e-01
8.464433655516457877e-01
7.292659569729633695e-01
8.579239232105475566e-01
8.357088771101510716e-01
8.622110373702729369e-01
8.574228319451249192e-01
8.672887621932209301e-01
8.594773061333570441e-01
8.075920894392232263e-01
8.811522872032425679e-01
8.591933544162844161e-01
8.608747939958130146e-01
7.304797113714311951e-01
7.137878045521357517e-01
8.412208810297981953e-01
7.491648478909627151e-01
8.991693020355440158e-01
6.990445859872611578e-01
9.056389470402209652e-01
9.028996481225781690e-01
7.240991492583849221e-01
8.492383412765579509e-01
8.933232372722818004e-01
8.929000935370361436e-01
8.778116787670928733e-01
8.787581844906685591e-01
8.371230680147877523e-01
8.810966103959734230e-01
8.786579662375839650e-01
7.367934613157542945e-01
8.396118212997193408e-01
9.164402476504387440e-01
9.140684156607723487e-01
9.090129615607320801e-01
9.096142710792393116e-01
9.045476816177453472e-01
8.977551111309074461e-01
9.228876219322079688e-01
8.739031668967974786e-01
9.022203910738942900e-01
8.984455035410449097e-01
9.080441851142486698e-01
9.048037949311834582e-01
9.159280210235625219e-01
9.127544430092200400e-01
8.856955146764062814e-01
8.917642866687452985e-01
5.496136029575520165e-01
9.171529107834839323e-01
7.248118123914302213e-01
5.000000000000000000e-01
9.077212596320877180e-01
9.145695069261948751e-01
9.186673199412052071e-01
7.658233486258962941e-01
8.961627544430091907e-01
9.218854394013629161e-01
9.033339272192776326e-01
9.192463587368046030e-01
9.169413389158613814e-01
9.175426484343682798e-01
9.269408935014031847e-01
9.135005122266268707e-01
4.643891140706427612e-01
9.213064006057637423e-01
7.360585274598013816e-01
5.017482517482517723e-01
9.231437352456460799e-01
9.161284575297313770e-01
9.148144848781791794e-01
7.229911807937285939e-01
6.117656229121197775e-01
9.275644737428176967e-01
9.245133847044675335e-01
7.155583270232952486e-01
9.082334862589641622e-01
9.231103291612845485e-01
9.208498507861565541e-01
9.227762683176695679e-01
9.258384927174737600e-01
9.155160126497705608e-01
9.256157854883969582e-01
7.468319896663846436e-01
4.995378824996659639e-01
8.835352545543627700e-01
9.248140394637209827e-01
9.141797692753106386e-01
9.143913411429335225e-01
9.110952741525990550e-01
7.268607188989354428e-01
6.119716270990156470e-01
5.009242350006681832e-01
9.196249610262350327e-01
9.142465814440335903e-01
5.435448309652131105e-01
7.260478375128056605e-01
6.426328448621442258e-01
7.422943298739477225e-01
5.313571778539930568e-01
6.868847712796757321e-01
6.674535655427373815e-01
7.577502115718676157e-01
7.460692174067971028e-01
7.425393078259320268e-01
6.970513562870250812e-01
7.076967618368892321e-01
7.192886731103291797e-01
7.105808204534319605e-01
7.131419535878134042e-01
7.510244532537526663e-01
7.536858046412187040e-01
7.966237584071979017e-01
8.166228675782816193e-01
8.174357489644112906e-01
8.153812747761791657e-01
8.161440470357667065e-01
7.972139325642511043e-01
8.007438421451160693e-01
6.648256202396329861e-01
7.950870785265689022e-01
8.090730925125829698e-01
7.982829272638189977e-01
8.306534230101110250e-01
8.091287693198521147e-01
8.310320252995413437e-01
8.091733107656673418e-01
8.156874972161596293e-01
8.670549196026902106e-01
8.781791456950692742e-01
8.723330809318070589e-01
8.674669279764820606e-01
8.609304708030821596e-01
8.682686740011580362e-01
8.657743530354996553e-01
8.688365774353035142e-01
8.533918310988375389e-01
8.765199768384481782e-01
8.388601844015857179e-01
8.612645316466972512e-01
8.688477127967574321e-01
8.732239098481137107e-01
8.822324172642643791e-01
8.645940047213933610e-01
8.955614449245024034e-01
9.065743174023428441e-01
8.946483452852880269e-01
8.849383100975457550e-01
8.974321856487461613e-01
9.063627455347200712e-01
8.931005300432052207e-01
8.920426707050911341e-01
8.894035900405327100e-01
9.084673288494946597e-01
9.072535744510267230e-01
8.833459534096477217e-01
9.003051089038349719e-01
9.040243196294153183e-01
8.931896129348358970e-01
8.948599171529107998e-01
9.193020355440737479e-01
9.029887310142086232e-01
9.244020310899291326e-01
8.980780366130683978e-01
9.057725713776669796e-01
9.059730078838360567e-01
9.189234332546435402e-01
9.140795510222262665e-01
9.041356732439536081e-01
8.883568660638725412e-01
9.226315086187697467e-01
9.146474544563716336e-01
9.098369783083158913e-01
9.152264932519709184e-01
9.074206048728343799e-01
8.876998797380963868e-01
9.105719121642688041e-01
9.191795465680815402e-01
9.134782415037191461e-01
9.136786780098882232e-01
9.122310810208900111e-01
9.159391563850162177e-01
9.115295532492985187e-01
9.223419892209702153e-01
9.251703710302436878e-01
9.190013807848202987e-01
9.155828248184936236e-01
9.010066366754264644e-01
9.087457128858402733e-01
9.143802057814796047e-01
9.155828248184936236e-01
9.177876263863524731e-01
9.165738719878847585e-01
9.238007215714223452e-01
9.142243107211259767e-01
9.223419892209701043e-01
9.184334773506748206e-01
9.191127343993585885e-01
9.145695069261948751e-01
9.220858759075318822e-01
9.189457039775511538e-01
9.224310721126007806e-01
9.042915683043071251e-01
9.262727718141732236e-01
9.235112021736225918e-01
9.104828292726381278e-01
9.182107701215982409e-01
9.004498686027347931e-01
9.190570575920894436e-01
9.253374014520512336e-01
9.067190771012427764e-01
9.181216872299674536e-01
9.090575030065476403e-01
9.222863124137009594e-01
9.143356643356643776e-01
9.192018172909892648e-01
9.061623090285511051e-01
9.274419847668256001e-01
9.206048728341722498e-01
9.176985434947219078e-01
9.081109972829719545e-01
9.166518195180616280e-01
9.167743084940538356e-01
9.237561801256068961e-01
7.588860184401585718e-01
7.481849360830252760e-01
7.528729232550889217e-01
6.797470045877689326e-01
7.480067702997638124e-01
7.306801478776001613e-01
7.680281501937552546e-01
7.318048193844373106e-01
7.609683310320253247e-01
6.789341232016390393e-01
7.400895283060888730e-01
7.491648478909626041e-01
7.501893011447151594e-01
7.725602423054653833e-01
7.106086588570664775e-01
7.643757516368980820e-01
7.821700592401229502e-01
7.968576009977283992e-01
7.915683043071577440e-01
8.096632666696360614e-01
8.444278651285020976e-01
8.405750300654759588e-01
8.158656629994210929e-01
8.326689234332546041e-01
8.457752438644159376e-01
8.415772125963209005e-01
8.042737517259810343e-01
8.324239454812702999e-01
8.169123869760811507e-01
8.231036479444122644e-01
8.447953320564786095e-01
8.206538684245691107e-01
8.694267515923568279e-01
8.561756714622956732e-01
8.689367956883882194e-01
8.706516413522783493e-01
8.632800320698410523e-01
8.676339583982896064e-01
8.698498953276023737e-01
8.724555699077992665e-01
8.680236960491738429e-01
8.662197674936527036e-01
8.707073181595476052e-01
8.674557926150283649e-01
8.664647454456371189e-01
8.469778629014297344e-01
8.475457663355753235e-01
8.786802369604918006e-01
9.066244265288851967e-01
9.067970246314195348e-01
8.968642822146006832e-01
9.025655872789630774e-01
8.879782637744423335e-01
9.075430938488263655e-01
9.036011758941695504e-01
8.968976882989623256e-01
9.004275978798272906e-01
8.917308805843837671e-01
8.845708431695693541e-01
8.922987840185292452e-01
9.060620907754666220e-01
8.750723798494497441e-01
8.982339316734221368e-01
9.015522693866642179e-01
9.142243107211259767e-01
9.028551066767627198e-01
9.179435214467062121e-01
9.155382833726782854e-01
9.191015990379047818e-01
9.117411251169214026e-01
9.085564117411251139e-01
9.200369694000267717e-01
9.239566166317758622e-01
9.220301991002627373e-01
9.145026947574719234e-01
9.196249610262349217e-01
8.946149392009266066e-01
9.255823794040354269e-01
9.150928689145250150e-01
9.108168901162532194e-01
9.136564072869806097e-01
9.091465858981783166e-01
9.139904681305954792e-01
9.044808694490222845e-01
9.124092468041513637e-01
9.214845663890249838e-01
9.157832613246625897e-01
9.204044363280032837e-01
9.210836933766870516e-01
9.192018172909892648e-01
9.205491960269029939e-01
9.191127343993585885e-01
9.246804151262749683e-01
8.916195269698454773e-01
9.123201639125206874e-01
9.160727807224622321e-01
9.216181907264709983e-01
9.076655828248184621e-01
9.289786646474544884e-01
9.214288895817557279e-01
9.210280165694177956e-01
9.141240924680417157e-01
9.078994254153489596e-01
9.231214645227384663e-01
9.255267025967662819e-01
9.202541089483764480e-01
9.216850028951939500e-01
9.277426395260790493e-01
9.174535655427373815e-01
9.187786735557437190e-01
9.234109839205379977e-01
9.239566166317758622e-01
9.127655783706738468e-01
9.123869760812436391e-01
9.094806467417931861e-01
9.205603313883569117e-01
9.266736448265110448e-01
9.213175359672174380e-01
9.153267115050554015e-01
9.223085831366086840e-01
9.176317313259988451e-01
9.175649191572758934e-01
9.190681929535433614e-01
9.169413389158611594e-01
9.186895906641130427e-01
9.209277983163334236e-01
9.169413389158612704e-01
9.225869671729545196e-01
7.468152866242038224e-01
7.471048060220035758e-01
7.362032871587012028e-01
7.487305687942630295e-01
6.894514720947840791e-01
7.778161329116741740e-01
7.689078437486080997e-01
6.815509331432898499e-01
7.549218297625941432e-01
7.324395349873057404e-01
7.678611197719478199e-01
7.385862545098214049e-01
7.497884281323773381e-01
7.620595964545009426e-01
7.802659124315175498e-01
7.517816578326131927e-01
8.318115006013095947e-01
8.269676183688922100e-01
8.159658812525054650e-01
8.293728564429201366e-01
8.176807269163957059e-01
8.324907576499933626e-01
8.238942586076343222e-01
8.391497037993853603e-01
8.475680370584829371e-01
8.352745980134514969e-01
8.367444657253573226e-01
8.368224132555343031e-01
8.446060309117633391e-01
8.215892387866909896e-01
8.312881386129793437e-01
8.319228542158477735e-01
8.733909402699211455e-01
8.740033851498820727e-01
8.616876753819429080e-01
8.821544697340876207e-01
8.678009888200971522e-01
7.467707451783884842e-01
8.681016435793504904e-01
8.655850518907843849e-01
8.573337490534942429e-01
8.650950959868157764e-01
8.662420382165605393e-01
8.665760990601755198e-01
8.626564518284263183e-01
8.760745623802947968e-01
8.558082045343191613e-01
8.618101643579350046e-01
8.898712752215937050e-01
9.071867622823036603e-01
8.972094784196694706e-01
9.013852389648567831e-01
9.016190815553872806e-01
9.054273751725980812e-01
8.977105696850919969e-01
9.074874170415572205e-01
9.010177720368801602e-01
8.966638457084317171e-01
9.015856754710257492e-01
8.935348091399046844e-01
8.969310943833237459e-01
9.063627455347200712e-01
9.070865440292191773e-01
9.097144893323239057e-01
9.021313081822635027e-01
9.208832568705179744e-01
9.164179769275311305e-01
9.163066233129927296e-01
9.142354460825798945e-01
9.188343503630128639e-01
9.183443944590441443e-01
9.058505189078437381e-01
9.188454857244666707e-01
9.133000757204579045e-01
9.109727851766067364e-01
9.109059730078838957e-01
9.026212640862322223e-01
9.098592490312236158e-01
9.083114337891406986e-01
9.046701705937374438e-01
9.142799875283952327e-01
9.271970068148411848e-01
9.200592401229343853e-01
9.186895906641129317e-01
9.141686339138567208e-01
9.153378468665094303e-01
9.217184089795554813e-01
9.157832613246625897e-01
9.172085875907531882e-01
9.150817335530710972e-01
9.130550977684734892e-01
8.968754175760543790e-01
9.068638368001425976e-01
9.203376241592803320e-01
9.189568393390049605e-01
9.150817335530710972e-01
9.239009398245068283e-01
9.272972250679257789e-01
9.152487639748785320e-01
9.181105518685137579e-01
9.191906819295354580e-01
9.171529107834841543e-01
9.244243018128368572e-01
9.148256202396329861e-01
9.047592534853681201e-01
9.196026903033271971e-01
9.110841387911452482e-01
9.233887131976303841e-01
9.240456995234064275e-01
9.244911139815598089e-01
9.231437352456460799e-01
9.168299853013228695e-01
9.219299808471783653e-01
9.196583671105964530e-01
9.183666651819518689e-01
9.106387243329918668e-01
9.140238742149570106e-01
9.161395928911851838e-01
9.058282481849360135e-01
9.122199456594360933e-01
9.095808649948777802e-01
9.230212462696538722e-01
9.126764954790432816e-01
9.189791100619125741e-01
9.142354460825798945e-01
9.175871898801835069e-01
9.042470268584917870e-01
9.145138301189256191e-01
