6.857119021134594483e-01
5.052057842046718816e-01
7.158008898776417883e-01
6.348275862068966102e-01
5.498387096774193239e-01
6.921245828698554536e-01
5.974249165739711209e-01
5.717018909899889145e-01
5.437486095661846486e-01
5.301557285873192971e-01
5.550834260289210231e-01
6.260289210233592749e-01
5.113014460511680070e-01
4.980422691879866082e-01
5.189933259176863212e-01
6.319466073414905516e-01
8.355394883203559608e-01
5.599721913236930249e-01
7.003337041156840748e-01
7.832369299221357828e-01
7.867853170189098577e-01
7.848498331479420997e-01
4.808843159065628314e-01
7.860400444938822062e-01
5.000000000000000000e-01
6.292769744160178202e-01
7.139265850945495373e-01
7.870967741935483986e-01
8.302892102335929225e-01
8.277196885428254047e-01
7.898998887652947110e-01
7.840044493882091237e-01
9.029365962180200267e-01
9.033815350389320376e-01
8.900222469410454806e-01
4.894104560622914435e-01
9.084983314794217168e-01
8.673414905450500534e-01
9.033815350389322596e-01
9.122024471635148402e-01
8.912791991101223221e-01
8.395661846496107472e-01
8.422135706340379002e-01
6.799332591768632028e-01
4.942380422691879938e-01
8.719243604004449644e-01
8.758620689655172153e-01
8.410011123470523264e-01
9.212235817575082919e-01
9.267908787541713211e-01
9.083982202447163923e-01
9.114460511679645105e-01
8.097441601779755693e-01
8.687764182424916326e-01
9.161512791991101023e-01
9.168965517241379759e-01
9.166963292547275488e-01
9.212791991101223488e-01
9.258175750834259921e-01
8.591768631813125889e-01
9.213014460511680381e-01
9.062402669632925178e-01
9.029477196885428159e-01
9.078642936596217350e-01
9.323248053392658719e-01
9.285539488320355694e-01
4.862569521690767171e-01
9.349610678531701247e-01
9.090656284760845196e-01
9.354060066740823576e-01
9.377641824249166591e-01
9.319132369299221175e-01
8.900333704115683808e-01
8.933592880978865614e-01
9.367741935483870908e-01
9.200556173526138748e-01
9.369076751946606718e-01
9.370967741935484208e-01
9.321579532814239233e-01
9.232369299221356851e-01
9.343604004449388434e-01
9.388765294771969083e-01
9.272969966629588390e-01
9.345939933259177490e-01
9.359510567296996930e-01
9.141490545050056094e-01
9.434037819799777624e-01
9.427919911012234699e-01
9.282091212458286611e-01
9.368631813125695151e-01
9.361179087875416416e-01
9.426696329254726781e-01
9.076307007786428294e-01
9.261401557285874331e-01
5.000000000000000000e-01
9.321134593993326556e-01
9.387319243604004271e-01
9.348387096774193328e-01
9.366629588431590880e-01
9.331034482758620019e-01
9.215127919911012544e-01
9.365517241379310853e-01
9.307897664071190791e-01
9.372747497219132695e-01
9.338042269187987188e-01
9.414905450500556938e-01
9.322580645161290258e-01
9.353058954393771440e-01
9.338487208008898754e-01
9.381423804226919350e-01
9.154060066740822288e-01
9.476418242491657651e-01
9.221802002224694927e-01
9.403003337041156984e-01
9.359065628476084253e-01
9.314905450500556849e-01
9.435928809788654004e-01
9.373859844271412722e-01
9.350945494994438167e-01
9.059232480533926379e-01
9.412013348164627313e-01
9.365628476084538745e-01
9.401779755283650175e-01
9.357842046718576334e-01
9.312569521690767793e-01
9.248164627363737456e-01
9.333370411568409075e-01
9.177530589543938522e-01
5.571802002224695016e-01
5.000000000000000000e-01
6.860066740823136389e-01
5.524193548387097419e-01
6.473859844271413477e-01
5.364738598442714279e-01
4.981646273637374556e-01
5.171134593993326201e-01
5.514571746384872020e-01
5.773303670745272287e-01
5.108620689655173353e-01
4.953392658509454538e-01
5.000000000000000000e-01
6.836151279199109698e-01
5.799276974416017749e-01
6.779199110122356986e-01
6.233592880978867656e-01
8.093437152391547151e-01
8.257842046718576468e-01
6.080756395995550179e-01
8.179644048943269796e-01
5.487931034482758097e-01
7.702502780867630516e-01
6.963626251390433453e-01
8.106229143492769129e-01
5.350055617352613702e-01
6.810011123470522953e-01
5.000000000000000000e-01
6.327474972191323710e-01
6.594048943270300889e-01
8.041045606229143550e-01
5.000000000000000000e-01
5.000000000000000000e-01
7.410233592880979270e-01
8.359065628476083365e-01
9.058620689655172420e-01
5.711457174638486789e-01
9.080978865406006406e-01
8.810678531701889860e-01
5.000000000000000000e-01
8.910789766407118950e-01
5.529532814238041771e-01
7.323470522803114946e-01
4.946551724137931427e-01
9.091434927697442658e-01
9.022469410456062100e-01
9.060845383759732474e-01
8.908120133481645109e-01
9.211679644048943461e-01
9.144716351501669394e-01
9.207897664071190702e-01
6.227641824249166014e-01
4.982758620689655138e-01
9.227474972191325175e-01
6.962903225806451601e-01
9.242936596218019885e-01
9.192213570634037989e-01
9.233259176863182205e-01
4.922803114571747130e-01
9.071078976640712943e-01
6.323915461624026735e-01
5.010400444938820641e-01
9.188209121245829447e-01
5.000278086763069174e-01
6.303003337041156451e-01
9.351501668520578736e-01
9.246718576195773753e-01
6.422246941045606228e-01
4.974304783092324822e-01
9.322914349276975043e-01
5.042602892102336920e-01
7.439655172413793816e-01
9.374749721913236966e-01
9.403003337041158094e-01
9.153948832035595506e-01
9.217686318131257384e-01
9.311123470522802981e-01
9.345050055617352136e-01
9.393659621802002979e-01
5.488487208008898666e-01
9.348053392658510763e-01
9.417575083426029670e-01
9.164627363737486432e-01
6.717130144605116815e-01
9.349276974416017572e-01
9.337152391546162944e-01
9.341379310344827269e-01
9.402447163515016415e-01
9.078531701890989458e-01
9.328698553948833183e-01
9.436929922135706139e-01
4.966685205784204804e-01
9.312569521690767793e-01
9.363959955506118149e-01
5.000000000000000000e-01
9.328921023359287856e-01
9.358954393770857472e-01
9.345828698553948488e-01
9.353948832035595684e-01
8.983092324805339590e-01
9.416573971078976424e-01
9.398776418242491548e-01
9.363959955506118149e-01
9.411568409343714636e-01
9.234593993325918015e-01
9.293437152391545997e-01
9.368186874304783585e-01
9.408898776418243015e-01
9.400778642936595819e-01
9.324360400444938746e-01
5.000000000000000000e-01
4.857508342602891993e-01
9.368409343715239368e-01
9.237486095661846530e-01
9.345272525027809030e-01
9.322580645161290258e-01
9.320578420467187097e-01
9.235595105672969041e-01
9.312458286985539901e-01
9.420022246941046618e-01
9.242157953281424643e-01
9.360400444938820064e-01
9.380756395995550889e-01
5.511345939933258720e-01
9.316184649610679269e-01
9.391879866518354492e-01
9.265739710789766548e-01
7.959621802002225799e-01
5.056062291434928468e-01
5.000000000000000000e-01
5.000000000000000000e-01
5.253726362625139590e-01
5.151056729699666770e-01
5.000000000000000000e-01
7.010233592880978915e-01
6.624805339265851245e-01
5.816407119021134164e-01
4.614627363737486276e-01
6.299555061179089588e-01
5.151835372636262012e-01
6.558008898776418460e-01
6.691434927697441637e-01
5.959621802002224022e-01
5.000000000000000000e-01
5.124916573971078915e-01
6.331813125695217037e-01
6.801334816462736299e-01
8.117352614015571621e-01
5.557786429365962899e-01
5.000000000000000000e-01
7.898220244716351868e-01
8.452725250278088076e-01
5.000000000000000000e-01
6.890100111234704894e-01
5.805895439377085632e-01
4.983870967741935720e-01
5.662569521690767882e-01
5.888320355951057739e-01
6.329199110122358807e-01
6.666295884315905917e-01
7.138042269187987454e-01
4.944493882091212655e-01
7.574972191323692261e-01
5.491768631813125356e-01
7.022469410456061434e-01
6.930700778642936433e-01
8.875417130144604982e-01
8.911345939933258409e-01
8.794438264738598798e-01
8.921913236929922553e-01
8.821690767519465570e-01
5.755895439377085587e-01
9.137819799777531227e-01
5.786985539488320729e-01
5.029310344827586654e-01
5.416907675194660987e-01
5.000000000000000000e-01
9.116796440489431941e-01
5.000000000000000000e-01
5.000000000000000000e-01
5.000000000000000000e-01
9.149721913236930071e-01
9.313348164627363035e-01
6.118020022246940526e-01
6.535428253615127581e-01
9.041379310344828113e-01
9.140600667408231850e-01
9.114126807563960320e-01
5.000000000000000000e-01
9.245272525027810051e-01
9.174638487208008897e-01
9.060177975528365124e-01
9.337931034482759296e-01
9.312791991101223577e-01
9.312458286985539901e-01
6.014071190211345286e-01
6.582480533926584609e-01
5.191768631813125090e-01
9.239377085650722909e-01
5.000000000000000000e-01
9.352947719688542438e-01
9.336040044493881807e-01
4.540656284760845596e-01
9.403225806451612767e-01
9.364404894327030826e-01
9.275528364849833229e-01
5.110511679644049732e-01
7.153170189098999598e-01
9.354060066740823576e-01
9.326473859844272019e-01
9.452502780867630960e-01
9.383648498331479404e-01
7.379477196885428913e-01
5.473248053392658630e-01
9.290211345939932697e-01
9.390656284760845463e-01
9.358175750834260009e-01
9.362958843159066014e-01
9.378976640711902402e-01
9.332480533926584831e-01
9.355951056729699955e-01
5.000000000000000000e-01
9.286763070077864723e-01
5.452558398220245239e-01
6.217575083426029048e-01
9.345050055617352136e-01
5.915072302558398443e-01
9.428142380422692703e-01
9.385094549499444216e-01
9.237931034482758097e-01
9.386429365962180027e-01
7.316184649610679713e-01
9.402335928809788523e-01
5.000000000000000000e-01
9.293770856507229672e-01
9.380978865406006673e-01
9.253948832035594485e-01
9.350500556173526601e-01
9.438153503893214058e-01
9.326362625139044127e-01
9.413459399332592126e-01
9.366184649610679314e-01
9.307007786429365437e-01
9.281868743047830828e-01
9.248275862068965347e-01
5.000000000000000000e-01
5.191935483870968593e-01
9.240823136818686612e-01
4.983870967741935720e-01
5.951112347052280871e-01
5.016129032258064280e-01
5.531701890989989545e-01
5.000000000000000000e-01
9.294994438264738701e-01
5.215906562847608674e-01
9.362736373748609120e-01
6.175083426028920019e-01
7.039488320355951068e-01
6.859510567296995820e-01
6.260400444938820641e-01
6.918798665183536478e-01
6.754282536151279270e-01
5.883537263626250624e-01
6.562736373748608854e-01
6.447274749721914056e-01
5.469744160177976156e-01
6.398331479421579537e-01
6.407452725250277759e-01
6.092547274749722241e-01
7.062402669632925623e-01
6.816351501668520552e-01
6.809454949944382385e-01
7.835928809788653693e-01
7.351946607341490747e-01
7.112124582869855383e-01
8.185094549499444261e-01
8.129699666295884253e-01
8.020578420467185943e-01
6.660734149054505782e-01
7.427808676307008362e-01
7.967185761957731316e-01
8.072302558398218864e-01
7.513014460511679982e-01
7.792658509454950533e-01
8.005561735261401690e-01
8.076751946607341193e-01
7.526362625139043638e-01
7.854616240266962812e-01
8.837374860956619393e-01
8.108565072302558185e-01
9.024916573971080158e-01
8.066407119021135053e-01
8.623804226918800886e-01
8.294883203559511031e-01
8.552057842046718594e-01
8.908565072302557786e-01
9.000222469410456005e-01
9.024694104560622154e-01
8.522024471635151199e-01
8.731256952169077490e-01
8.297219132369300088e-01
8.683648498331479892e-01
8.859399332591767484e-01
8.727697441601780515e-01
8.815127919911012189e-01
9.025695216907674290e-01
8.816462736373749109e-01
8.887096774193548043e-01
8.998776418242491193e-01
8.702558398220244795e-01
9.119354838709676780e-01
8.872969966629588034e-01
8.962513904338152981e-01
9.059955506117909341e-01
9.181423804226919172e-01
8.941379310344828024e-01
9.156618464961068238e-01
9.083314794215795462e-01
9.177419354838710630e-01
8.798998887652947909e-01
9.280533926585095017e-01
9.313681868743046710e-01
9.025917686318131183e-01
9.137041156840934875e-01
9.277530589543938611e-01
9.258620689655171487e-01
9.018353726362624556e-01
9.037041156840934786e-01
9.232703003337040526e-01
9.133370411568408898e-01
9.244716351501668372e-01
9.060289210233593016e-01
9.279199110122359206e-01
9.130589543937708275e-01
9.334149054505004317e-01
9.213459399332590838e-01
9.061067853170190478e-01
9.156507230255840346e-01
9.311012235817575089e-01
9.203559510567296265e-01
9.282313681868743505e-01
9.273859844271413744e-01
9.169076751946607651e-01
9.284649610678531451e-01
9.180422691879865926e-01
9.281201334816463477e-01
9.101334816462736121e-01
9.066184649610677937e-01
9.287319243604005292e-01
9.350611790878754492e-01
9.130144605116796708e-01
9.334149054505006537e-01
9.326251390433816235e-01
9.211568409343715569e-01
9.297552836484983541e-01
9.300000000000000488e-01
9.279755283648499775e-01
9.252057842046719216e-01
9.208565072302558052e-01
9.176084538375973709e-01
9.265072302558399198e-01
9.311790878754172551e-01
9.154949944382647642e-01
9.216518353726362855e-01
9.247608453837597997e-01
9.315572858731924200e-01
9.247163515016686430e-01
9.193659621802001691e-01
9.288097886540600534e-01
9.316240266963292660e-01
9.274193548387097419e-01
9.143492769744160364e-01
9.305561735261401735e-01
9.202113459399332562e-01
9.248720800889876914e-01
9.228031145717463524e-01
9.268965517241378738e-01
9.270522803114571442e-01
9.176529477196886386e-01
9.249721913236930160e-01
9.382202447163515702e-01
9.223581757508343415e-01
9.163292547274749511e-01
9.295884315906564055e-01
7.133036707452725667e-01
6.841379310344827269e-01
6.146384872080088435e-01
6.891768631813125490e-01
6.801779755283647866e-01
5.898665183537263879e-01
6.894549499443827223e-01
6.767741935483870819e-01
6.821023359288097554e-01
6.935150166852057652e-01
6.667185761957731271e-01
5.927586206896551246e-01
6.958620689655172775e-01
6.602002224694104582e-01
5.539599555061178737e-01
6.645606229143492527e-01
7.060622914349277135e-01
7.860066740823137277e-01
8.175417130144605471e-01
7.774972191323692439e-01
7.877085650723025800e-01
7.960066740823136255e-01
7.618909899888766102e-01
8.015016685205783586e-01
8.158509454949944839e-01
7.732369299221357739e-01
8.104449388209121752e-01
7.865294771968854848e-01
7.943492769744160409e-01
8.212235817575084251e-01
7.707119021134594128e-01
8.111457174638487810e-01
8.358064516129031229e-01
8.572080088987764634e-01
8.749165739710789147e-01
8.592880978865405917e-01
8.898331479421579537e-01
8.915572858731924955e-01
8.737931034482757653e-01
8.673414905450500534e-01
8.904560622914349244e-01
8.964516129032257252e-01
8.552280311457174378e-01
8.869299221357064278e-01
8.775305895439378112e-01
9.060511679644048799e-01
8.812569521690767349e-01
8.548387096774194838e-01
9.051501668520577359e-01
8.973303670745271798e-01
9.077975528364850000e-01
9.109566184649611209e-01
9.214126807563960408e-01
8.998109010011123843e-01
8.962625139043383093e-01
9.098665183537262280e-01
9.045161290322580872e-01
9.122580645161290080e-01
8.986763070077863347e-01
9.176863181312570061e-01
8.995773081201334787e-01
9.094104560622914279e-01
9.199332591768633050e-01
9.018353726362625666e-01
9.226696329254727713e-01
9.208120133481646485e-01
9.292769744160177536e-01
9.246718576195772643e-01
9.259399332591768950e-01
9.258954393770857383e-01
9.149944382647385854e-01
9.150723025583982206e-01
9.142825361512793014e-01
9.294327030033370241e-01
9.231701890989989501e-01
9.236373748609566503e-01
9.161067853170188346e-01
9.188765294771968906e-01
9.182536151279199199e-01
9.297219132369300976e-01
9.278086763070076959e-01
9.226585094549499821e-01
9.299888765294772597e-01
9.286318131256952046e-01
9.140711902113459741e-01
9.287541713014459965e-01
9.413681868743049019e-01
9.310789766407118195e-01
9.296329254727475622e-01
9.312680756395994575e-01
9.261624026696329004e-01
9.349721913236930249e-01
9.382536151279199377e-01
9.361290322580644307e-01
9.249276974416018593e-01
9.137263626251390658e-01
9.115906562847608807e-01
9.327030033370412587e-01
9.318020022246941148e-01
9.344605116796440569e-01
9.079755283648498487e-01
9.271190211345939902e-01
9.214794215795328869e-01
9.205228031145716860e-01
9.249944382647385943e-01
9.285317018909899911e-01
9.208565072302559162e-01
9.338264738598442971e-01
9.272191323692992038e-01
9.308676307007787143e-01
9.304338153503892705e-01
9.213681868743047731e-01
9.325806451612902448e-01
9.096440489432702226e-01
9.202558398220245239e-01
9.287875417130144751e-01
9.283648498331478205e-01
9.317241379310344795e-01
9.332591768631811613e-01
9.277641824249166502e-01
9.282536151279199288e-01
9.345161290322581138e-01
9.239933259176864588e-01
9.288542825361512101e-01
9.198998887652948264e-01
9.188320355951057339e-01
9.318020022246942258e-01
9.227141268075640390e-01
6.795995550611790836e-01
7.021690767519466192e-01
6.176751946607341726e-01
6.873303670745272154e-01
4.952113459399332673e-01
5.633036707452725445e-01
6.918798665183536478e-01
5.197942157953281406e-01
6.882313681868742483e-01
6.711568409343715569e-01
6.819021134593993283e-01
6.867853170189098799e-01
6.882313681868743593e-01
5.016129032258064280e-01
7.056395995550612810e-01
6.510344827586207472e-01
7.935595105672970107e-01
8.094104560622914502e-01
8.142602892102336343e-01
8.013014460511680426e-01
8.198665183537263701e-01
7.769187986651835409e-01
7.710678531701891103e-01
7.843492769744160320e-01
7.896996662958842839e-01
5.315517241379310587e-01
8.046051167964405337e-01
8.275194660734149776e-01
8.122691879866519304e-01
8.025695216907674512e-01
8.015906562847610051e-01
7.960622914349277934e-01
8.877419354838709253e-01
8.755951056729700532e-01
8.799110122358174690e-01
8.881535038932146797e-01
8.949388209121246218e-01
8.900778642936597596e-01
8.815906562847608541e-01
8.841379310344826825e-01
8.820912124582870328e-01
9.098776418242491282e-01
8.859510567296995376e-01
8.981201334816463211e-01
8.801890989988876424e-01
8.906674082313681406e-01
8.768075639599555160e-01
8.825472747497219439e-01
9.215350389321468327e-01
9.163959955506117971e-01
8.975194660734149288e-01
9.268965517241378738e-01
9.160511679644048888e-01
8.931924360400445018e-01
9.179532814238042793e-01
9.107341490545050045e-01
9.085317018909899733e-01
9.040600667408231761e-01
9.154393770856507073e-01
9.039154616240268059e-01
8.977641824249166236e-01
9.167519466073414947e-01
9.183537263626251335e-01
9.225917686318131361e-01
8.994771968854282651e-01
9.289543937708565347e-01
9.229477196885428336e-01
9.256840934371525220e-01
9.241824249165738747e-01
9.172636262513905736e-01
9.244271412680755695e-01
9.263626251390433275e-01
9.334037819799777536e-01
9.311012235817576199e-01
9.198887652947719262e-01
9.265850945494993329e-01
9.322358175750833365e-01
8.984093437152391726e-01
9.231256952169076824e-01
9.211012235817575000e-01
9.343381535038932650e-01
9.314794215795327847e-01
9.272191323692990927e-01
9.312235817575084118e-01
9.302335928809788435e-01
9.276863181312570150e-01
9.207007786429365348e-01
9.329032258064515748e-01
9.262513904338154358e-01
9.339377085650722998e-01
9.332146829810901156e-01
9.208008898776418594e-01
9.362513904338153337e-01
9.304560622914349599e-01
9.318353726362624823e-01
9.258731924360400489e-01
9.228698553948831984e-01
9.252836484983315568e-01
9.320689655172412769e-01
9.302002224694104759e-01
9.351835372636262411e-01
9.301890989988876868e-01
9.304671857619578601e-01
9.231590656284760499e-01
9.358620689655172686e-01
9.277753058954394394e-01
9.221245828698554359e-01
9.234705228031145907e-01
9.278197997775305961e-01
9.337152391546161834e-01
9.256729699666296218e-01
9.373637374860955829e-01
9.270745272525027225e-01
9.284204671857619884e-01
9.195995550611790748e-01
9.272747497219132606e-01
9.256840934371524110e-01
9.347719688542824867e-01
9.231034482758621040e-01
9.305228031145716949e-01
9.248832035595105916e-01
9.280645161290321798e-01
9.305339265850944841e-01
9.319577308120133852e-01
9.310233592880979847e-01
9.318576195773080606e-01
9.357508342602892659e-01
9.304226918798665924e-01
6.469855394883203825e-01
5.521245828698554403e-01
4.726807563959955494e-01
4.276195773081201690e-01
5.408565072302559118e-01
5.961401557285872510e-01
6.609454949944382207e-01
6.834371523915463431e-01
7.025139043381536386e-01
5.561290322580645373e-01
6.295105672969966149e-01
6.335539488320356405e-01
4.997664071190210944e-01
6.727474972191322955e-01
6.686874304783092526e-01
6.319911012235817083e-01
7.667296996662960051e-01
7.336151279199110142e-01
7.246941045606229981e-01
7.834371523915462099e-01
5.349833147942157918e-01
7.213904338153503959e-01
6.957730812013347421e-01
7.899777530589544572e-01
7.820355951056729982e-01
7.207007786429366902e-01
7.679532814238042571e-01
7.445606229143493238e-01
7.470300333704116280e-01
6.700667408231368860e-01
6.574416017797553025e-01
7.000333704115683231e-01
7.753392658509454805e-01
8.419243604004448267e-01
8.253948832035595817e-01
8.519911012235816816e-01
8.056507230255840479e-01
8.438932146829811742e-01
8.208787541713014058e-01
7.982869855394881808e-01
8.169966629588432117e-01
7.938820912124583407e-01
7.986985539488319352e-01
7.975639599555061077e-01
8.268409343715239501e-01
8.310122358175751067e-01
7.503670745272525977e-01
8.233592880978866102e-01
7.935595105672970107e-01
8.688765294771969572e-01
8.854727474972191592e-01
8.380978865406006895e-01
8.623248053392658097e-01
8.585873192436039858e-01
8.727141268075638836e-01
8.594549499443826512e-01
8.246941045606228649e-01
8.783203559510568414e-01
8.493437152391546396e-01
8.768298109010012054e-01
8.585650723025584075e-01
8.262291434927698797e-01
8.717686318131258050e-01
8.821357063403781895e-01
8.887541713014459610e-01
8.802002224694104315e-01
8.752169076751946664e-01
8.820244716351501868e-01
8.183426028921022555e-01
8.813014460511680026e-01
7.282869855394882297e-01
8.562513904338152626e-01
8.640155728587318729e-01
8.839265850945494662e-01
8.807119021134595105e-01
7.612791991101224287e-01
8.707563959955505473e-01
8.750945494994437635e-01
8.412791991101222777e-01
8.509010011123471218e-01
8.759844271412681183e-01
8.597997775305896706e-01
8.576863181312568418e-01
8.539265850945495506e-01
8.949165739710789325e-01
8.968186874304783229e-01
8.720022246941045996e-01
8.616129032258064147e-01
8.914015572858731140e-01
8.148275862068965480e-01
8.705450500556174420e-01
8.792102335928809742e-01
8.624916573971078693e-01
8.799443826473860586e-01
8.768075639599555160e-01
8.735038932146830248e-01
8.744493882091212145e-01
8.977308120133481451e-01
8.322358175750834697e-01
8.667853170189099288e-01
8.637263626251389104e-01
8.746607341490544307e-01
8.880200222469409876e-01
8.718798665183536967e-01
8.080645161290322953e-01
8.767964404894327268e-01
8.748275862068964903e-01
8.600111234705227758e-01
8.926140155728586878e-01
8.630478309232481049e-01
8.992880978865406272e-01
8.631145717463849509e-01
8.730812013348163703e-01
8.939154616240266860e-01
8.943047830923247510e-01
8.192436040044495105e-01
8.671412680756396263e-01
8.341379310344827491e-01
8.470856507230256627e-01
8.432480533926585142e-01
7.185650723025585052e-01
8.536596218020022775e-01
8.472636262513905114e-01
8.471746384872079760e-01
8.584983314794215614e-01
8.619799777530589013e-01
8.059176863181312100e-01
8.978642936596218371e-01
4.876640711902113234e-01
6.564961067853170018e-01
6.054949944382647109e-01
6.735817575083425934e-01
6.838820912124583540e-01
5.687541713014461209e-01
6.432925472747497153e-01
6.198665183537263035e-01
5.444493882091212544e-01
6.647163515016685231e-01
6.303670745272524911e-01
6.599221357063403959e-01
6.614349276974416103e-01
6.410233592880979492e-01
6.343604004449387990e-01
6.267519466073415702e-01
7.426251390433815658e-01
7.484093437152390393e-01
7.575973303670745507e-01
7.569187986651835232e-01
7.344048943270300445e-01
7.634705228031145596e-01
7.821357063403782117e-01
7.273748609566185186e-01
7.575417130144604938e-01
7.763292547274749378e-01
7.369744160177976733e-01
7.218353726362626288e-01
7.480088987764181852e-01
7.090322580645161965e-01
7.863403781979976248e-01
7.529588431590654718e-01
8.188320355951056451e-01
7.481201334816462989e-01
8.140378197997775178e-01
8.184538375973303692e-01
8.469744160177976600e-01
8.545939933259177890e-01
8.309121245828698932e-01
7.568965517241379448e-01
8.017575083426029536e-01
7.781979977753059607e-01
8.482424916573970686e-01
8.168854282536150979e-01
8.207675194660735141e-01
8.235706340378199375e-01
8.303003337041157117e-01
8.102669632925473264e-01
8.842157953281424287e-01
8.643159065628476245e-01
8.774860956618464325e-01
8.739710789766407251e-01
8.010122358175750801e-01
8.362625139043382561e-01
8.658398220244716281e-01
8.816462736373749109e-01
8.604226918798664192e-01
8.694549499443826601e-01
8.582091212458287099e-01
8.693548387096774466e-01
8.595661846496107650e-01
8.670411568409344127e-01
8.344048943270301333e-01
8.765294771968855647e-01
8.961179087875417171e-01
8.939265850945494751e-01
8.581979977753059208e-01
8.861179087875417082e-01
8.584093437152391370e-01
8.549721913236930648e-01
8.751390433815351422e-01
8.886206896551724910e-01
8.741935483870968415e-01
8.854616240266963700e-01
8.932369299221358805e-01
8.671412680756396263e-01
8.480533926585094306e-01
9.074749721913236700e-01
8.914682981090099601e-01
8.915461624026697063e-01
8.811457174638487322e-01
8.761067853170189101e-01
8.844160177975528558e-01
8.933926585094550399e-01
8.859399332591768594e-01
8.904004449388209785e-01
8.908787541713014679e-01
8.912013348164629090e-01
8.800778642936597507e-01
8.879199110122358851e-01
8.830478309232481227e-01
8.900333704115683808e-01
9.063848720800889991e-01
8.688654060066741680e-01
8.891991101223581939e-01
8.944716351501669216e-01
8.864516129032258274e-01
8.899888765294772242e-01
8.842491657397107963e-01
8.937597330367075266e-01
8.787875417130145417e-01
8.757397107897664235e-01
8.857953281423804892e-01
8.835372636262514012e-01
8.717686318131256940e-01
8.747052280311456984e-01
8.802335928809789101e-01
8.830478309232480116e-01
8.640378197997775622e-01
8.627252502780868859e-01
9.043604004449388167e-01
9.031034482758620863e-01
8.655839822024472552e-01
8.633203559510567171e-01
8.870189098998887411e-01
8.806451612903225534e-01
8.915684093437152846e-01
8.858731924360401244e-01
8.980756395995550534e-01
8.916017797552837632e-01
8.782536151279198844e-01
7.578531701890990346e-01
8.635817575083425401e-01
8.673081201334816859e-01
8.367185761957730561e-01
8.727030033370412054e-01
8.255172413793103736e-01
8.807786429365962455e-01
5.345050055617351914e-01
6.850500556173525490e-01
5.123804226918798888e-01
6.768965517241378738e-01
6.583314794215795462e-01
6.747052280311458539e-01
6.622469410456062189e-01
5.330589543937709340e-01
6.193325917686317572e-01
6.806674082313681762e-01
6.250723025583981851e-01
6.630367074527252491e-01
6.815572858731924200e-01
6.949499443826474554e-01
6.764404894327029627e-01
6.640155728587320283e-01
7.457397107897664190e-01
7.249276974416017927e-01
7.641268075639600088e-01
7.478309232480535584e-01
7.515461624026696930e-01
7.307341490545049556e-01
7.729143492769744439e-01
7.461735261401557517e-01
7.387096774193548931e-01
7.495439377085650889e-01
7.574749721913236478e-01
7.330144605116797329e-01
7.604115684093437633e-01
7.612235817575083718e-01
6.947830923248052848e-01
7.307786429365962233e-01
8.311234705228031094e-01
8.489877641824249421e-01
8.224582869855395773e-01
8.451835372636262722e-01
8.416017797552834967e-01
8.450611790878753693e-01
8.138820912124583584e-01
8.242714126807564323e-01
8.422135706340379002e-01
8.231701890989988613e-01
8.597107897664070242e-01
8.547163515016684698e-01
8.321357063403781451e-01
8.107119021134593373e-01
8.191768631813126644e-01
8.314071190211345108e-01
8.385761957730812899e-01
8.608120133481647063e-01
8.701446051167964768e-01
8.631034482758620507e-01
8.640711902113459297e-01
8.841713014460512721e-01
8.719799777530589102e-01
8.518353726362624112e-01
8.760289210233593860e-01
8.405116796440489368e-01
8.767296996662958808e-01
8.656952169076751469e-01
8.683092324805339324e-01
8.691546162402670195e-01
8.551724137931036029e-01
8.879866518353726201e-01
8.844605116796440125e-01
8.794104560622914013e-01
8.997664071190211166e-01
8.850889877641824333e-01
8.971412680756395419e-01
8.872969966629586924e-01
9.034927697441602623e-01
9.021357063403780963e-01
8.754171301446052045e-01
8.906674082313682517e-01
8.921468298109010986e-01
8.862847608453836568e-01
8.910789766407118950e-01
8.912124582869855871e-01
8.911345939933260629e-01
8.871968854282535899e-01
8.969187986651835365e-01
8.938264738598442616e-01
8.896885428253615835e-01
8.793103448275861878e-01
8.957953281423804981e-01
8.801557285873192749e-01
8.730923248053392705e-01
8.820467185761957651e-01
8.985761957730812322e-01
8.901001112347053379e-01
8.949165739710790435e-01
8.810011123470522509e-01
8.848498331479421886e-01
8.938487208008898399e-01
8.873859844271413388e-01
8.939933259176863212e-01
8.872636262513904359e-01
8.664071190211346529e-01
8.863181312569521353e-01
8.867185761957731005e-01
8.825361512791990437e-01
8.817130144605116460e-01
8.949165739710790435e-01
8.840823136818687367e-01
8.838598442714127312e-01
8.936373748609566237e-01
8.848832035595107781e-01
8.911012235817574734e-01
8.798331479421579449e-01
8.884093437152391637e-01
8.666963292547275044e-01
8.734482758620688569e-01
8.832591768631812279e-01
8.922358175750833009e-01
8.865183537263625624e-01
8.994771968854282651e-01
8.552391546162402269e-01
9.027363737486095996e-01
8.657842046718575713e-01
8.672080088987763613e-01
8.554282536151279759e-01
8.622358175750836073e-01
8.801557285873193859e-01
8.909343715239155248e-01
8.727697441601779405e-01
8.868409343715238924e-01
8.782424916573972062e-01
8.674638487208009563e-01
6.588987764182424600e-01
5.330756395995550623e-01
6.901890989988875846e-01
5.649721913236930293e-01
5.624916573971079359e-01
5.000000000000000000e-01
5.390266963292547064e-01
5.815906562847608097e-01
4.956006674082313879e-01
5.424916573971079181e-01
5.068631813125695773e-01
5.645105672969966681e-01
6.650611790878754315e-01
6.462513904338154092e-01
7.032035595105673442e-01
6.901446051167965390e-01
7.765962180200222109e-01
6.010177975528365746e-01
7.505116796440489679e-01
6.156395995550612010e-01
7.382536151279198711e-01
7.390322580645161121e-01
6.504783092324805116e-01
7.752836484983314236e-01
5.708342602892102491e-01
6.784315906562847776e-01
7.066518353726363166e-01
7.880867630700778559e-01
6.655172413793103425e-01
6.843492769744160542e-01
5.337819799777531182e-01
7.246774193548386478e-01
8.727474972191322511e-01
8.667630700778643504e-01
8.151946607341491458e-01
7.901001112347052491e-01
7.592547274749722463e-01
5.405672969966629493e-01
7.887986651835372509e-01
6.449165739710789325e-01
8.500222469410456672e-01
6.835205784204672064e-01
8.448498331479421530e-01
8.815906562847608541e-01
8.790767519466073932e-01
7.363959955506118593e-01
6.770189098998887767e-01
8.807452725250277670e-01
6.447942157953281406e-01
5.677697441601778916e-01
6.034204671857619218e-01
5.076529477196886075e-01
5.790433815350388702e-01
7.800333704115685052e-01
6.358731924360400134e-01
9.137931034482758008e-01
9.072636262513904537e-01
5.865406006674083184e-01
7.284427141268076111e-01
8.664849833147942881e-01
8.733036707452725977e-01
8.645939933259176868e-01
6.087263626251390169e-01
9.070522803114571264e-01
9.235150166852057474e-01
8.990767519466072999e-01
9.071523915461624510e-01
5.137374860956618328e-01
9.226028921023359253e-01
7.751446051167962814e-01
9.354060066740822466e-01
9.149833147942156852e-01
9.383314794215795729e-01
8.986985539488321351e-01
4.951612903225806606e-01
5.818464961067852936e-01
9.277085650723024823e-01
9.282758620689655071e-01
8.957842046718575979e-01
7.663070077864293506e-01
9.358286985539489011e-01
9.238042269187985989e-01
9.465406006674081940e-01
9.352947719688542438e-01
9.387208008898777489e-01
9.344827586206896353e-01
9.357397107897664768e-01
8.289098998887654002e-01
9.236373748609565393e-01
9.302335928809788435e-01
5.036596218020021887e-01
9.355728587319244172e-01
9.378420467185761833e-01
9.240823136818686612e-01
9.388097886540600623e-01
9.368743047830924153e-01
5.017908787541713878e-01
9.393993325917686654e-01
9.353503893214683007e-01
9.244438264738598088e-01
5.971746384872080871e-01
8.965739710789766281e-01
9.362847608453838122e-01
8.904894327030034029e-01
9.380422691879866104e-01
6.718353726362624734e-01
9.339377085650724108e-01
9.084482758620688880e-01
9.299555061179087811e-01
9.375750834260289102e-01
9.172080088987764057e-01
8.658175750834259388e-01
8.782647385984426736e-01
5.000000000000000000e-01
9.366184649610679314e-01
9.332814238042268506e-01
9.334705228031147106e-01
9.286429365962179938e-01
9.110122358175750668e-01
4.982758620689655138e-01
5.016129032258064280e-01
8.947052280311456052e-01
9.365517241379310853e-01
9.216240266963292571e-01
9.408120133481646663e-01
9.226251390433815036e-01
9.255172413793104624e-01
9.143604004449388256e-01
5.642602892102335232e-01
6.627919911012235543e-01
4.954560622914349066e-01
6.100055617352613258e-01
5.155450500556173488e-01
4.977641824249165459e-01
6.245884315906562456e-01
4.579365962180200200e-01
6.526140155728586967e-01
5.902669632925472420e-01
5.453448275862069483e-01
6.758453837597330205e-01
6.730367074527253690e-01
4.790211345939932031e-01
6.550723025583982118e-01
6.344048943270299556e-01
6.866740823136818772e-01
7.917241379310346883e-01
6.476751946607340882e-01
5.608231368186875621e-01
6.744048943270299912e-01
6.943047830923247954e-01
5.000000000000000000e-01
5.773581757508342571e-01
5.063236929922135809e-01
7.121913236929922064e-01
5.548220244716350891e-01
6.855728587319243061e-01
7.713459399332591726e-01
4.983870967741935720e-01
8.057285873192436831e-01
6.810956618464961698e-01
5.018464961067853336e-01
5.000000000000000000e-01
4.983870967741935720e-01
6.878754171301445508e-01
7.760289210233592971e-01
5.149110122358174779e-01
6.852280311457173978e-01
5.000000000000000000e-01
9.074304783092324023e-01
5.000000000000000000e-01
7.168687430478308809e-01
5.805951056729699022e-01
7.562625139043380740e-01
8.944160177975528647e-01
7.146885428253615391e-01
7.875083426028921529e-01
8.497664071190212942e-01
6.928531701890988659e-01
7.888765294771968861e-01
6.913737486095661300e-01
5.710011123470523087e-01
6.303114571746384343e-01
4.905784204671857496e-01
8.093770856507230826e-01
4.632647385984427491e-01
8.161790878754170420e-01
7.144605116796440836e-01
9.200667408231368860e-01
9.180200222469410143e-01
7.267575083426028870e-01
6.803670745272525355e-01
5.111902113459400043e-01
7.791657397107897287e-01
4.721023359288097909e-01
6.953058954393771529e-01
6.892547274749721842e-01
9.338820912124582430e-01
7.378642936596218060e-01
7.685761957730812277e-01
8.157730812013348487e-01
9.028754171301446307e-01
8.056284760845382475e-01
9.364182424916575043e-01
5.071968854282535855e-01
5.450723025583982251e-01
5.000000000000000000e-01
9.250166852057841727e-01
7.006117908787541371e-01
4.963292547274750222e-01
7.778976640711902091e-01
9.383426028921023621e-01
6.299332591768631584e-01
5.000000000000000000e-01
7.990545050055617438e-01
9.363959955506118149e-01
5.392046718576195552e-01
9.312569521690766683e-01
9.442602892102336387e-01
8.912903225806450003e-01
6.559510567296996664e-01
6.353281423804226780e-01
5.084872080088987945e-01
9.389877641824249110e-01
9.423359288097886699e-01
6.749165739710789591e-01
9.296329254727475622e-01
6.897775305895439413e-01
5.711790878754170464e-01
9.374527252502780073e-01
9.433259176863181272e-01
5.000000000000000000e-01
9.283426028921024642e-01
5.000000000000000000e-01
8.817130144605117570e-01
7.260289210233592527e-01
9.292547274749721753e-01
7.353948832035595018e-01
9.097886540600668148e-01
9.341657397107898664e-01
6.832369299221356940e-01
9.366295884315907205e-01
9.330645161290322953e-01
9.271190211345939902e-01
5.000000000000000000e-01
9.379977753058953427e-01
9.284538375973304669e-01
9.326585094549499910e-01
9.304115684093438032e-01
8.787652947719688523e-01
5.415072302558397999e-01
5.000000000000000000e-01
9.273859844271412634e-01
9.357285873192436876e-01
5.000000000000000000e-01
5.024749721913236433e-01
9.334260289210234429e-01
5.799666295884315925e-01
6.037374860956619127e-01
5.000000000000000000e-01
5.976418242491656763e-01
5.406229143492770062e-01
5.946273637374861476e-01
5.879087875417130515e-01
7.134593993325918371e-01
5.473136818687429628e-01
6.101890989988876246e-01
4.847719688542825867e-01
5.000000000000000000e-01
7.122691879866518416e-01
5.002224694104561165e-01
5.514682981090099911e-01
4.965850945494995061e-01
5.271134593993326289e-01
6.785817575083425979e-01
6.890100111234706004e-01
5.000000000000000000e-01
5.370912124582870595e-01
6.023804226918798577e-01
6.905228031145717038e-01
7.911902113459399200e-01
6.961735261401558184e-01
5.722080088987764324e-01
5.893381535038931807e-01
4.798553948832035565e-01
5.321134593993326334e-01
5.109955506117909163e-01
5.780867630700778914e-01
4.969966629588431495e-01
6.897441601779754627e-01
4.789265850945494951e-01
6.690266963292548219e-01
9.153281423804227046e-01
4.967741935483870885e-01
7.608231368186874066e-01
5.854560622914348755e-01
5.000000000000000000e-01
4.588431590656285031e-01
6.965684093437152224e-01
5.000000000000000000e-01
8.642269187986653112e-01
7.058175750834261297e-01
7.468298109010012009e-01
5.052335928809789101e-01
7.505672969966629138e-01
5.689933259176863656e-01
5.000000000000000000e-01
5.936651835372636077e-01
5.216907675194661920e-01
9.179087875417130116e-01
5.447052280311457384e-01
5.000000000000000000e-01
6.550389321468298442e-01
6.547552836484982208e-01
8.340600667408232249e-01
8.687875417130145328e-01
6.700778642936596752e-01
9.170300333704115570e-01
7.495884315906563566e-01
8.225027808676307339e-01
6.705339265850945862e-01
5.000000000000000000e-01
9.389321468298108542e-01
9.315461624026696308e-01
5.001390433815350312e-01
5.000000000000000000e-01
8.463403781979976781e-01
6.571190211345940835e-01
9.318131256952169039e-01
7.016295884315907339e-01
5.000000000000000000e-01
8.349610678531702579e-01
5.887764182424917170e-01
6.899777530589543684e-01
6.935928809788654004e-01
5.600889877641823666e-01
5.514682981090099911e-01
8.309566184649610499e-01
4.769911012235817926e-01
9.360400444938821174e-01
9.372302558398220018e-01
5.085873192436040080e-01
7.314238042269187723e-01
6.753003337041156851e-01
9.393159065628476911e-01
9.361735261401556984e-01
8.199054505005561877e-01
7.607675194660734608e-01
5.026418242491657029e-01
9.374193548387097508e-01
7.063181312569521975e-01
7.405784204671856941e-01
9.211012235817575000e-01
9.260845383759733762e-01
6.245717463848721174e-01
7.497719688542825445e-01
5.482146829810901068e-01
7.805005561735260944e-01
5.000000000000000000e-01
9.360734149054504849e-01
5.000000000000000000e-01
5.084760845383760053e-01
5.000000000000000000e-01
9.381201334816462456e-01
6.795550611790879270e-01
6.770022246941045374e-01
9.428476084538376378e-01
5.000000000000000000e-01
5.306006674082314190e-01
5.000000000000000000e-01
6.967908787541713389e-01
5.601167964404893951e-01
7.230144605116797241e-01
9.322358175750835585e-01
5.000000000000000000e-01
5.000000000000000000e-01
5.016129032258064280e-01
9.252280311457174999e-01
5.000000000000000000e-01
5.000945494994437635e-01
9.264627363737485410e-01
5.000000000000000000e-01
5.000000000000000000e-01
5.000000000000000000e-01
6.940489432703003114e-01
4.981201334816462989e-01
7.019911012235817704e-01
6.937041156840935141e-01
6.949165739710789769e-01
5.644605116796440614e-01
7.217130144605117259e-01
6.425695216907674201e-01
5.965739710789766947e-01
5.524416017797553202e-01
6.803893214682981139e-01
5.515684093437152047e-01
6.840044493882091459e-01
6.941379310344828468e-01
6.864516129032256497e-01
6.773971078976641635e-01
4.667408231368186944e-01
8.193882091212458807e-01
7.904560622914349466e-01
7.998776418242492525e-01
7.493548387096774510e-01
6.401001112347052269e-01
7.779310344827586876e-01
7.638042269187985678e-01
7.326140155728587677e-01
7.919688542825361610e-01
7.864293659621801602e-01
7.050945494994438345e-01
7.559399332591768550e-01
7.992324805339264815e-01
8.162291434927697598e-01
8.167741935483870952e-01
8.362625139043381450e-01
8.876974416017797687e-01
9.059288097886539770e-01
8.610122358175752444e-01
9.137374860956618550e-01
9.142046718576195552e-01
8.758731924360401155e-01
8.797664071190212098e-01
8.935038932146829316e-01
8.891768631813126156e-01
8.754171301446050935e-01
8.929254727474973397e-01
8.785205784204670465e-01
8.788209121245827982e-01
8.711902113459399910e-01
8.588320355951055696e-01
8.609121245828699198e-01
8.464182424916574243e-01
9.218020022246941059e-01
8.980533926585094751e-01
9.224360400444939767e-01
9.083092324805339679e-01
9.196774193548387100e-01
9.086429365962179761e-01
8.926362625139043772e-01
8.985650723025584430e-01
9.111012235817574911e-01
9.193993325917685366e-01
8.779421579532813436e-01
9.196329254727475533e-01
9.047497219132369928e-01
9.045050055617354090e-01
9.157842046718576157e-01
9.413236929922136342e-01
9.248164627363737456e-01
8.984760845383760186e-01
9.410456062291434609e-01
9.338820912124583540e-01
9.342714126807564190e-01
9.301112347052280516e-01
9.265072302558398087e-01
9.364738598442714501e-01
9.226028921023359253e-01
9.237152391546162855e-01
9.010567296996663256e-01
9.173081201334817303e-01
9.136262513904337412e-01
9.384093437152392081e-01
9.331256952169078023e-01
9.257508342602891460e-01
9.278086763070078069e-01
9.434705228031146085e-01
9.419911012235817616e-01
9.377975528364850266e-01
9.387430478309232162e-01
9.421023359288098753e-01
9.349721913236930249e-01
9.302669632925474330e-01
9.339822024471636785e-01
9.177864293659622197e-01
9.363959955506118149e-01
9.376863181312570239e-01
9.291657397107897509e-01
9.278754171301445419e-01
9.385205784204672108e-01
9.263292547274749600e-01
9.386540600667407919e-01
9.283759733036707207e-01
9.275862068965516904e-01
9.259065628476083054e-01
9.281979977753059829e-01
9.266629588431589681e-01
9.190656284760845285e-01
9.361290322580644307e-01
9.342602892102336298e-01
9.381646273637376243e-01
9.428364849833147376e-01
9.397552836484983629e-01
9.309677419354839278e-01
9.347497219132369084e-01
9.300778642936596841e-01
9.326028921023359342e-01
9.279644048943270773e-01
9.348498331479421219e-01
9.360400444938820064e-01
9.372858731924360587e-01
9.258398220244715704e-01
9.382313681868743593e-01
9.330700778642937454e-01
9.348164627363737544e-01
9.291212458286987053e-01
9.349388209121245463e-01
9.335261401557286565e-01
9.366852057842046664e-01
9.258731924360399379e-01
9.293437152391545997e-01
9.290433815350389590e-01
6.311902113459399999e-01
5.816017797552837099e-01
6.573748609566185674e-01
5.014349276974415792e-01
6.840378197997775134e-01
6.903448275862069661e-01
6.974638487208009163e-01
4.827975528364850666e-01
7.138820912124581586e-01
6.674860956618464680e-01
5.871968854282536565e-01
5.537541713014461076e-01
7.005005561735260233e-01
6.337430478309232784e-01
5.000000000000000000e-01
6.832869855394883007e-01
7.627363737486094752e-01
8.071523915461624732e-01
7.242380422691880870e-01
5.035595105672969751e-01
5.354949944382647598e-01
8.255172413793103736e-01
6.386874304783092260e-01
8.412347052280311210e-01
8.214460511679644306e-01
7.987319243604005248e-01
8.129143492769744794e-01
8.059844271412681671e-01
8.510678531701889593e-01
5.009733036707453291e-01
7.573081201334816992e-01
8.237931034482759429e-01
8.776640711902112812e-01
8.623692992213571884e-01
8.995105672969966326e-01
9.017130144605116637e-01
9.099999999999999201e-01
9.099555061179087634e-01
8.806674082313681318e-01
9.077196885428253648e-01
8.905450500556173488e-01
8.961179087875417171e-01
9.033592880978865702e-01
8.581535038932147641e-01
8.706785317018910231e-01
6.586874304783092438e-01
9.032591768631812457e-01
4.952391546162403513e-01
9.262958843159065925e-01
8.873637374860955385e-01
9.172413793103448842e-01
9.210122358175750756e-01
4.998832035595105472e-01
9.218353726362625844e-01
9.220912124582869573e-01
9.161067853170189457e-01
9.208787541713014946e-01
9.070634037819800266e-01
9.146496106785317881e-01
9.203225806451613700e-01
9.105005561735262098e-01
9.216573971078976246e-01
9.139488320355951823e-01
9.253058954393771351e-01
9.354505005561735143e-01
9.307897664071190791e-01
9.380756395995549779e-01
9.349610678531702357e-01
9.333481646273636967e-01
9.162736373748608942e-01
9.406451612903226067e-01
8.598331479421579271e-01
9.351724137931034520e-01
9.253615127919911920e-01
9.312791991101223577e-01
9.283092324805338746e-01
9.337597330367075621e-01
9.308453837597330249e-01
9.281757508342602936e-01
9.351279199110122953e-01
9.408565072302559340e-01
9.397107897664072063e-01
9.431590656284761787e-01
9.326362625139043017e-01
9.368075639599555693e-01
9.353281423804227224e-01
9.362068965517242880e-01
9.321468298109009121e-01
9.351390433815350844e-01
9.373526140155729047e-01
9.379977753058954537e-01
9.352614015572859874e-01
9.342491657397109517e-01
9.348275862068966546e-01
9.444382647385984875e-01
9.367964404894325581e-01
5.000000000000000000e-01
9.343826473859844217e-01
9.335372636262514456e-01
9.354171301446051467e-01
9.387430478309233273e-01
9.383982202447163079e-01
9.384538375973303648e-01
9.361067853170189634e-01
9.290322580645161699e-01
9.316017797552836877e-01
9.334260289210233319e-01
9.236373748609565393e-01
9.328809788654059965e-01
9.366295884315907205e-01
9.360289210233592172e-01
9.315795328142381093e-01
9.328921023359287856e-01
9.243270300333704670e-01
9.390211345939932785e-01
9.369966629588432072e-01
9.398220244716350980e-01
9.283092324805338746e-01
9.339710789766407784e-01
9.276863181312570150e-01
9.361401557285873309e-01
9.263848720800890169e-01
9.386651835372636921e-01
9.364516129032258718e-01
9.341824249165739946e-01
9.351056729699667169e-01
9.343604004449388434e-01
9.369632925472748397e-01
6.755895439377085365e-01
6.687208008898775091e-01
6.510066740823137188e-01
6.869132369299221219e-01
4.875250278086763478e-01
4.887319243604004715e-01
6.574972191323693593e-01
5.184037819799777180e-01
4.725973303670745196e-01
4.929977753058953915e-01
5.066685205784204893e-01
6.788097886540600534e-01
6.670800889877641637e-01
5.238987764182425622e-01
6.914794215795327936e-01
6.661735261401557917e-01
8.373859844271411834e-01
6.231590656284761165e-01
8.281646273637374156e-01
7.999221357063404092e-01
8.475083426028920952e-01
5.190378197997775889e-01
5.601724137931034520e-01
8.298331479421579004e-01
7.962291434927697420e-01
8.146829810901001778e-01
7.963292547274750666e-01
8.044938820912126420e-01
8.186206896551724288e-01
8.171746384872081714e-01
5.107619577308120107e-01
8.205116796440490301e-01
9.010122358175751689e-01
8.933259176863181938e-01
8.975528364849834073e-01
9.136151279199109521e-01
8.980422691879867969e-01
9.036707452725251111e-01
8.926473859844270553e-01
9.113793103448276645e-01
9.074193548387097241e-01
9.118020022246940970e-01
9.027363737486095996e-01
8.947274749721912945e-01
9.103781979977753069e-01
8.868854282536152711e-01
8.932369299221357695e-01
9.150055617352614856e-01
9.182758620689654983e-01
9.232258064516128959e-01
7.857953281423805114e-01
9.263626251390434385e-01
9.030144605116796619e-01
9.287208008898776290e-01
9.255728587319245193e-01
6.078531701890990124e-01
9.256395995550612543e-01
9.207897664071190702e-01
9.183982202447162901e-01
9.181979977753058630e-01
9.203559510567297375e-01
7.137931034482758452e-01
9.203003337041156806e-01
9.233926585094549555e-01
9.221468298109010142e-01
9.376084538375973887e-01
9.372191323692992126e-01
9.345161290322581138e-01
9.325472747497218773e-01
9.399888765294772686e-01
9.344605116796440569e-01
9.281090100111234475e-01
8.884204671857620639e-01
9.319577308120133852e-01
9.308342602892101247e-01
9.269855394883204092e-01
9.358843159065628470e-01
9.342380422691879405e-01
9.390322580645161787e-01
9.259176863181312056e-01
9.423359288097887809e-01
9.442825361512791060e-01
9.278309232480532742e-01
9.417241379310344884e-01
9.411234705228030961e-01
9.283982202447164100e-01
5.000000000000000000e-01
9.215016685205783542e-01
9.347719688542825978e-01
9.247385984427142214e-01
9.399888765294771575e-01
9.301223581757508407e-01
9.422691879866518239e-01
9.394771968854283006e-01
9.337597330367074511e-01
9.405339265850946040e-01
9.374082313681868506e-01
9.362291434927698663e-01
9.384538375973303648e-01
5.049666295884316369e-01
9.349499443826474465e-01
4.892658509454950178e-01
6.405506117908787989e-01
9.389766407119020108e-01
8.920912124582869307e-01
9.416573971078976424e-01
9.403003337041155874e-01
9.387875417130144839e-01
9.460845383759733940e-01
9.296662958843158187e-01
9.360177975528364280e-01
9.351724137931034520e-01
9.386985539488320596e-01
9.406674082313681851e-01
9.342269187986652623e-01
9.294215795328142349e-01
9.391991101223581273e-01
9.360400444938821174e-01
9.313459399332590927e-01
9.195216907675194395e-01
9.336484983314794484e-01
9.402335928809788523e-01
9.384538375973303648e-01
9.305784204671857518e-01
9.403781979977753336e-01
9.303225806451612678e-01
9.414794215795327936e-01
9.342714126807563080e-01
6.310567296996663078e-01
6.012903225806451868e-01
6.780533926585095017e-01
5.970634037819799733e-01
6.744048943270299912e-01
6.893214682981090302e-01
5.750500556173525624e-01
5.237486095661847418e-01
5.380756395995550667e-01
6.600667408231368771e-01
7.147052280311457784e-01
6.309010011123470374e-01
5.815127919911012855e-01
6.988431590656284387e-01
6.363848720800889813e-01
6.573192436040045106e-01
6.983648498331478383e-01
7.564849833147941904e-01
7.834593993325917882e-01
8.220912124582868685e-01
7.426251390433815658e-01
7.937263626251391813e-01
8.045717463848722772e-01
7.958175750834260986e-01
8.107007786429366591e-01
7.309899888765294396e-01
8.010789766407119261e-01
7.901668520578419841e-01
8.142157953281423666e-01
7.472191323692991549e-01
7.261624026696329448e-01
7.925027808676307073e-01
8.897997775305894752e-01
8.469187986651836031e-01
8.785428253615127359e-01
8.654060066740824064e-01
8.667964404894327179e-01
8.701223581757508985e-01
8.820912124582869218e-01
8.820689655172413435e-01
8.874972191323692305e-01
8.645939933259176868e-01
8.721468298109009698e-01
8.885205784204670554e-01
9.086095661846496085e-01
8.495439377085650667e-01
8.784315906562847331e-01
8.982091212458286344e-01
9.181423804226918062e-01
9.001001112347051247e-01
9.124805339265851245e-01
9.199666295884315614e-01
9.062402669632925178e-01
9.091434927697441548e-01
9.224694104560622332e-01
9.096551724137931227e-01
9.239265850945495018e-01
8.969076751946608583e-01
8.630812013348164724e-01
9.236373748609566503e-01
9.004004449388208764e-01
9.210233592880978648e-01
9.177308120133481628e-01
8.992880978865405162e-01
9.231145717463848932e-01
9.321023359288097554e-01
9.256284760845384652e-01
9.259510567296996841e-01
9.338598442714126646e-01
9.361179087875417526e-01
9.024360400444939589e-01
9.275973303670744796e-01
9.248275862068965347e-01
9.201001112347051425e-01
9.049721913236931092e-01
9.263292547274749600e-01
9.338487208008898754e-01
9.386095661846496352e-01
9.279755283648498665e-01
9.340711902113458809e-01
9.243715239154616237e-01
9.359955506117909607e-01
9.311679644048942439e-01
9.329365962180199423e-01
9.329810901001112100e-01
9.249276974416017483e-01
9.314126807563959387e-01
9.352169076751947197e-01
9.311123470522802981e-01
9.394994438264738790e-01
9.359510567296995820e-01
9.256729699666295108e-01
9.337931034482758186e-01
9.234371523915461122e-01
9.287875417130144751e-01
9.291268075639600443e-01
9.372080088987763125e-01
9.209899888765294973e-01
9.131924360400445195e-01
9.345939933259177490e-01
9.335038932146828561e-01
9.108008898776417395e-01
9.301557285873192082e-01
9.278754171301445419e-01
9.241824249165739857e-01
9.331145717463849021e-01
9.331479421579532696e-01
9.215239154616240436e-01
9.338932146829811431e-01
9.354171301446051467e-01
9.248164627363737456e-01
9.097997775305896040e-01
9.253170189098999243e-01
9.350500556173527711e-01
9.339265850945495107e-01
9.342602892102336298e-01
9.326140155728587233e-01
9.415239154616240613e-01
9.341268075639600488e-01
9.290211345939932697e-01
9.319243604004450177e-01
9.293325917686319215e-01
9.305339265850945951e-01
9.272969966629588390e-01
9.314460511679644172e-01
9.342046718576195730e-01
9.246051167964404183e-01
9.330033370411567883e-01
6.722246941045606494e-01
6.707119021134594350e-01
6.806006674082313301e-01
6.237041156840934519e-01
6.337374860956618283e-01
6.673192436040044084e-01
6.639599555061178604e-01
6.427586206896550580e-01
7.014682981090100133e-01
6.801890989988876868e-01
6.196551724137930872e-01
7.169744160177975445e-01
7.119021134593992439e-01
7.223804226918797422e-01
7.124916573971078471e-01
6.731701890989989501e-01
7.798109010011124997e-01
7.936151279199110675e-01
8.297330367074526869e-01
7.997664071190211388e-01
8.163515016685206627e-01
8.186985539488320640e-01
8.042936596218018819e-01
7.934705228031143642e-01
8.388320355951055518e-01
7.900222469410456139e-01
8.286651835372635944e-01
7.722691879866517839e-01
7.864404894327028384e-01
8.121690767519467169e-01
8.245383759733038165e-01
8.333036707452725622e-01
8.889877641824248666e-01
9.106229143492770017e-01
8.747719688542825445e-01
9.078642936596218460e-01
9.090322580645162631e-01
8.765850945494995106e-01
8.951390433815350489e-01
8.645050055617352625e-01
9.003448275862069305e-01
9.032591768631813567e-01
9.027030033370412321e-01
8.855061179087875267e-01
9.048053392658510496e-01
8.822358175750834031e-01
8.923136818687429361e-01
8.656284760845384119e-01
9.186318131256951958e-01
8.745717463848721174e-01
9.125917686318131272e-01
9.112569521690767615e-01
8.752725250278086122e-01
9.048720800889877847e-01
9.091879866518355335e-01
9.101001112347052446e-01
9.173971078976641547e-01
9.145828698553948310e-01
9.182313681868743416e-01
9.172525027808676734e-01
9.134482758620690035e-01
9.132703003337041547e-01
9.003559510567297197e-01
9.215461624026696219e-01
9.283759733036707207e-01
9.325472747497218773e-01
9.364516129032258718e-01
9.330589543937708452e-01
9.202224694104561564e-01
9.354616240266963034e-01
9.286874304783092615e-01
9.371746384872080560e-01
9.325917686318131450e-01
9.352725250278086655e-01
9.271635150166852579e-01
9.239265850945495018e-01
9.383759733036708406e-01
9.357953281423804226e-01
9.138820912124583362e-01
9.335038932146830781e-01
9.111012235817574911e-01
9.387208008898776379e-01
9.132369299221356762e-01
9.346162402669633273e-01
9.305672969966629626e-01
9.304560622914349599e-01
9.384204671857619973e-01
9.377530589543937589e-01
9.288431590656284209e-01
9.364961067853170285e-01
9.371857619577307341e-01
9.343937708565072109e-01
9.298665183537263568e-01
9.222580645161291280e-01
9.392880978865406627e-01
9.384315906562847864e-01
9.219911012235818548e-01
9.368186874304783585e-01
9.273192436040044173e-01
9.264293659621801735e-01
9.365739710789766637e-01
9.300778642936596841e-01
9.437374860956618816e-01
9.380311457174638212e-01
9.367853170189098799e-01
9.316351501668520552e-01
9.365628476084539855e-01
9.402669632925473309e-01
9.366852057842046664e-01
9.370522803114572641e-01
9.266073414905451333e-01
9.324360400444938746e-01
9.379199110122358185e-01
9.325583982202447775e-01
9.352169076751947197e-01
9.342825361512793192e-01
9.367964404894327801e-01
9.333370411568410185e-01
9.339822024471635675e-01
9.305672969966629626e-01
9.290322580645162809e-01
9.263959955506118060e-01
9.329699666295884208e-01
9.361624026696330203e-01
9.411457174638486745e-01
9.286763070077864723e-01
9.247942157953281672e-01
9.348053392658510763e-01
6.799332591768630918e-01
6.868520578420467260e-01
7.034705228031146174e-01
6.917797552836486563e-01
6.691546162402670639e-01
5.598109010011123043e-01
6.909788654060067259e-01
7.028476084538375357e-01
6.857397107897663657e-01
5.557063403781979938e-01
6.488654060066740836e-01
6.931256952169078112e-01
7.002113459399332829e-01
7.162291434927697820e-01
7.160400444938821440e-01
6.731924360400445284e-01
8.180756395995549823e-01
8.469744160177976600e-01
7.887541713014460942e-01
8.305005561735261388e-01
7.764182424916574732e-01
8.176307007786429715e-01
8.297330367074526869e-01
8.061624026696329048e-01
8.234260289210233452e-01
7.771412680756396574e-01
8.211345939933258897e-01
8.204783092324805516e-01
8.307563959955506228e-01
8.342714126807564412e-01
7.944605116796440436e-01
8.392769744160177847e-01
8.854949944382648486e-01
8.918687430478309253e-01
9.007452725250277847e-01
9.085761957730813521e-01
9.130255839822024599e-01
9.033926585094549377e-01
9.022469410456062100e-01
9.084872080088988167e-01
8.922580645161289903e-01
8.978642936596219482e-01
8.708676307007785500e-01
8.906006674082314056e-01
8.885650723025584341e-01
8.967853170189099554e-01
9.043715239154616059e-01
8.782981090100111521e-01
9.160177975528365213e-01
9.222135706340378603e-01
9.223915461624027090e-01
9.171078976640711922e-01
9.203003337041156806e-01
9.205005561735261077e-01
8.996551724137931139e-01
8.923136818687430472e-01
9.216017797552835678e-01
9.240044493882091370e-01
9.160177975528365213e-01
8.855394883203560052e-01
9.191546162402669529e-01
9.157953281423804048e-01
9.203893214682981050e-01
9.267519466073415035e-01
9.340489432703003025e-01
9.299666295884315703e-01
9.277864293659623396e-01
9.348053392658510763e-01
9.421913236929921887e-01
9.338932146829811431e-01
9.396774193548387277e-01
9.322580645161290258e-01
9.363292547274749689e-01
9.399332591768632117e-01
9.381535038932146131e-01
9.365962180200222420e-01
9.251390433815349645e-01
9.283314794215795640e-01
9.365183537263626068e-01
9.335150166852057563e-01
9.353170189098999332e-01
9.382869855394884162e-01
9.418687430478309697e-01
9.307675194660733897e-01
9.359733036707452714e-01
8.894215795328141994e-01
9.310011123470524064e-01
9.365962180200222420e-01
9.279310344827587098e-01
9.357730812013348443e-01
9.381423804226918239e-01
9.332925472747497508e-01
9.298665183537263568e-01
9.290767519466074376e-01
9.291434927697441726e-01
9.347052280311457517e-01
9.309010011123469708e-01
9.365962180200222420e-01
9.375973303670745995e-01
9.312347052280312010e-01
9.321468298109010231e-01
9.270522803114571442e-01
9.300556173526139947e-01
9.295884315906561834e-01
9.347052280311456407e-01
9.331145717463850131e-01
9.328364849833147288e-01
9.409010011123470907e-01
9.239265850945496128e-01
9.380978865406007783e-01
9.347830923248053869e-01
9.408787541713015123e-01
9.350500556173526601e-01
9.391212458286986031e-01
9.379199110122358185e-01
9.384649610678531539e-01
9.399555061179087900e-01
9.273526140155728958e-01
9.298220244716352001e-01
9.368520578420467260e-01
9.267185761957730250e-01
9.244938820912125266e-01
9.294883203559510809e-01
9.387541713014460054e-01
9.229477196885429446e-01
9.276863181312570150e-01
9.292658509454949645e-01
9.427586206896552135e-01
4.833426028921023465e-01
4.968687430478309075e-01
6.134482758620689591e-01
5.191935483870968593e-01
5.426251390433814992e-01
6.321690767519465570e-01
5.064516129032258229e-01
6.824694104560622421e-01
5.958620689655171887e-01
6.208676307007786610e-01
5.241379310344828069e-01
5.274694104560623265e-01
5.124193548387097064e-01
4.972525027808676334e-01
5.420300333704115570e-01
6.048053392658510052e-01
6.899777530589543684e-01
6.286484983314793995e-01
6.884427141268074646e-01
7.702447163515016015e-01
6.078197997775306449e-01
5.455116796440490079e-01
6.242046718576195197e-01
6.904338153503892794e-01
5.181535038932146842e-01
5.968965517241379137e-01
5.927085650723025179e-01
6.811624026696330159e-01
6.538042269187986921e-01
7.268743047830923398e-01
5.184427141268075356e-01
4.976807563959955716e-01
5.030033370411568505e-01
5.724026696329254094e-01
8.131590656284761742e-01
6.820355951056729094e-01
7.731924360400445062e-01
6.759065628476084164e-01
7.779644048943270551e-01
5.083147942157952848e-01
7.377419354838710142e-01
6.847163515016685409e-01
6.479199110122357830e-01
7.866184649610676871e-01
7.201557285873192438e-01
8.220189098998889055e-01
7.072914349276975265e-01
6.868075639599555693e-01
9.082758620689656004e-01
7.836151279199110586e-01
8.610456062291435009e-01
6.827864293659621220e-01
7.200222469410455517e-01
6.672135706340378558e-01
6.778086763070078069e-01
6.930923248053393326e-01
6.759510567296996841e-01
6.550500556173526334e-01
5.083036707452726066e-01
7.217797552836484609e-01
7.551390433815350356e-01
6.823804226918799287e-01
6.674082313681868328e-01
7.003003337041158183e-01
8.687986651835373220e-01
7.454393770856507784e-01
8.252057842046719438e-01
8.835595105672969796e-01
5.612124582869855161e-01
7.305116796440488391e-01
6.556562847608453648e-01
8.688654060066740570e-01
7.842769744160178469e-01
8.550723025583982784e-01
8.943604004449388079e-01
7.390878754171300580e-01
5.976418242491657873e-01
8.594660734149055514e-01
7.516240266963293282e-01
8.719021134593993860e-01
9.046273637374862009e-01
8.768186874304783052e-01
7.131813125695216637e-01
7.115461624026696574e-01
8.761179087875415883e-01
6.043047830923247155e-01
5.042269187986651025e-01
7.174527252502780339e-01
7.365739710789767081e-01
7.424860956618465346e-01
9.276418242491656363e-01
5.000000000000000000e-01
9.396885428253615169e-01
9.312680756395996795e-01
8.023692992213571351e-01
7.408787541713014457e-01
9.365850945494994528e-01
7.176307007786428827e-01
5.551835372636262367e-01
9.276362625139042972e-01
5.000000000000000000e-01
5.000000000000000000e-01
9.280200222469410232e-01
6.673859844271412545e-01
9.388542825361512190e-01
7.415016685205784164e-01
7.311457174638487100e-01
6.992436040044494039e-01
6.458954393770856006e-01
7.173303670745272420e-01
6.832313681868742439e-01
5.142880978865406183e-01
9.048887652947719129e-01
8.364849833147942615e-01
5.914238042269188700e-01
9.170856507230256138e-01
9.161179087875417348e-01
9.336262513904338700e-01
7.128253615127919662e-01
7.074694104560621533e-01
7.784649610678531229e-01
9.276529477196886475e-01
8.871412680756394220e-01
9.265850945494994439e-01
5.085539488320355295e-01
9.331145717463849021e-01
8.394215795328143770e-01
9.232258064516128959e-01
5.000000000000000000e-01
6.765739710789766548e-01
5.880533926585094218e-01
5.047274749721912812e-01
6.534593993325917838e-01
7.120689655172413035e-01
5.731368186874304937e-01
6.380867630700779447e-01
4.910122358175750823e-01
5.175250278086762634e-01
5.255728587319243861e-01
6.670856507230256138e-01
4.984260289210233896e-01
5.000000000000000000e-01
4.973748609566184253e-01
6.441268075639599022e-01
4.846162402669632607e-01
5.654616240266963079e-01
5.000000000000000000e-01
6.942380422691880604e-01
5.593214682981091368e-01
6.509454949944382118e-01
6.778309232480533852e-01
6.845717463848721707e-01
4.678809788654060275e-01
6.618242491657396753e-01
5.001056729699666636e-01
6.666462736373748310e-01
4.686929922135706361e-01
5.000000000000000000e-01
5.054060066740823087e-01
5.059899888765294618e-01
7.511012235817575711e-01
5.527975528364849067e-01
7.900222469410456139e-01
5.000000000000000000e-01
6.840711902113458809e-01
6.672525027808675624e-01
8.425695216907674867e-01
5.000000000000000000e-01
7.175194660734148799e-01
6.885650723025584785e-01
7.234037819799777891e-01
7.090211345939931853e-01
5.016129032258064280e-01
7.479922135706340569e-01
6.718576195773081627e-01
5.000000000000000000e-01
5.581757508342602980e-01
6.590433815350389413e-01
7.397886540600667749e-01
7.720467185761958895e-01
4.976418242491658095e-01
7.541546162402670284e-01
5.000000000000000000e-01
6.876251390433814059e-01
5.165183537263625668e-01
8.286985539488320729e-01
7.342491657397107740e-01
7.078976640711902579e-01
7.935595105672970107e-01
6.815350389321468416e-01
4.852558398220244706e-01
5.017241379310344307e-01
7.902113459399332518e-01
7.186651835372637187e-01
8.516796440489433628e-01
6.915628476084538789e-01
8.544048943270299290e-01
8.692213570634036435e-01
6.458286985539487546e-01
8.627474972191323532e-01
8.967519466073414769e-01
6.322302558398220640e-01
7.030255839822023844e-01
9.386540600667407919e-01
9.276418242491658583e-01
9.287430478309233184e-01
6.879699666295883143e-01
6.843159065628475757e-01
6.059566184649610721e-01
5.000000000000000000e-01
8.689988876529477491e-01
5.016129032258064280e-01
6.262958843159065481e-01
5.000000000000000000e-01
5.055617352614014681e-01
5.000000000000000000e-01
5.000000000000000000e-01
9.419132369299221264e-01
8.759176863181312722e-01
8.849721913236929804e-01
7.251279199110122198e-01
5.000000000000000000e-01
6.949388209121245552e-01
5.000000000000000000e-01
5.000000000000000000e-01
9.327363737486095152e-01
9.270634037819800444e-01
5.432981090100110766e-01
7.221913236929922153e-01
7.187541713014461431e-01
9.357508342602892659e-01
6.962291434927697642e-01
5.015906562847608496e-01
9.385094549499444216e-01
7.556840934371523710e-01
8.893103448275861966e-01
7.566518353726362500e-01
5.000000000000000000e-01
8.795995550611790392e-01
8.834482758620689768e-01
5.000000000000000000e-01
9.338820912124583540e-01
5.016129032258064280e-01
9.331590656284760588e-01
7.262625139043380473e-01
6.739599555061177583e-01
7.991323692992213790e-01
5.000000000000000000e-01
9.317797552836485364e-01
5.000000000000000000e-01
9.330255839822024777e-01
8.114682981090100000e-01
6.339488320355951556e-01
4.953003337041156362e-01
4.983870967741935720e-01
6.068520578420467659e-01
5.075194660734149155e-01
5.410901001112347064e-01
6.784315906562847776e-01
5.540823136818687766e-01
6.688264738598441728e-01
5.840489432703003247e-01
4.861345939933259253e-01
6.164682981090100489e-01
4.944605116796441102e-01
5.000000000000000000e-01
4.962736373748609653e-01
5.212347052280311699e-01
5.000000000000000000e-01
4.910789766407119283e-01
4.701001112347051869e-01
6.793381535038931496e-01
5.888542825361512412e-01
5.194438264738598932e-01
4.828698553948832517e-01
6.174694104560622954e-01
6.548998887652948131e-01
6.737374860956618638e-01
4.964460511679644195e-01
6.377252502780867971e-01
4.914627363737485988e-01
5.572246941045605473e-01
6.910456062291434609e-01
4.585150166852056675e-01
5.000000000000000000e-01
6.426918798665183230e-01
5.000000000000000000e-01
6.375583982202446265e-01
5.123081201334815926e-01
6.502335928809788168e-01
5.000000000000000000e-01
6.334983314794215836e-01
8.130589543937709607e-01
6.817130144605116904e-01
6.729254727474971443e-01
7.050556173526140169e-01
8.113793103448275756e-01
6.891935483870967882e-01
6.885595105672970284e-01
6.871635150166852668e-01
5.376195773081201557e-01
5.000000000000000000e-01
7.323025583982201159e-01
6.989098998887652847e-01
5.000000000000000000e-01
5.000000000000000000e-01
5.000000000000000000e-01
8.281535038932148485e-01
5.704894327030033407e-01
5.000000000000000000e-01
5.889766407119021441e-01
5.080645161290322509e-01
9.045494994438265657e-01
6.058064516129032517e-01
8.146607341490545995e-01
5.000000000000000000e-01
6.348998887652947953e-01
4.874638487208008963e-01
6.644048943270299823e-01
6.513459399332591770e-01
5.000000000000000000e-01
6.670634037819800355e-01
4.466629588431590969e-01
5.000000000000000000e-01
7.591323692992214545e-01
7.557285873192435277e-01
7.181757508342603291e-01
7.089098998887652936e-01
7.277919911012235010e-01
7.462569521690768370e-01
4.965517241379310276e-01
7.077196885428254092e-01
6.410344827586207384e-01
6.897441601779754627e-01
6.995328142380422554e-01
5.235817575083425712e-01
5.236040044493881496e-01
5.000000000000000000e-01
8.892992213570635185e-01
8.937597330367075266e-01
6.861345939933259919e-01
5.000000000000000000e-01
5.260956618464961432e-01
5.935261401557285765e-01
9.256395995550611433e-01
6.467741935483870552e-01
8.296607341490545018e-01
4.916740823136818705e-01
5.000000000000000000e-01
5.274582869855394263e-01
5.000000000000000000e-01
5.334983314794216058e-01
8.419577308120134163e-01
7.814182424916573666e-01
5.000000000000000000e-01
9.325250278086762989e-01
5.243993325917686299e-01
5.249721913236929938e-01
7.374416017797552625e-01
5.000000000000000000e-01
4.708398220244715549e-01
7.140266963292547509e-01
5.000000000000000000e-01
5.000000000000000000e-01
4.799499443826473755e-01
5.000000000000000000e-01
5.889877641824249332e-01
5.000000000000000000e-01
6.314071190211345552e-01
4.959677419354838745e-01
5.503337041156840526e-01
7.239599555061180247e-01
7.134371523915461477e-01
7.483704115684094438e-01
7.141991101223581495e-01
8.520467185761957385e-01
8.826140155728587899e-01
5.027975528364849733e-01
5.180812013348163880e-01
5.000000000000000000e-01
7.388876529477197419e-01
7.173470522803113703e-01
9.207842046718576201e-01
5.000000000000000000e-01
6.872747497219131585e-01
5.227641824249165126e-01
6.984760845383759520e-01
6.779866518353725446e-01
6.668520578420467082e-01
5.004171301446052045e-01
6.846496106785318059e-01
6.496440489432703247e-01
6.929477196885427404e-01
7.188654060066741458e-01
6.873637374860956939e-01
6.149944382647385410e-01
6.733147942157953203e-01
6.315183537263625579e-01
5.439822024471635542e-01
6.819577308120132741e-01
8.053948832035593419e-01
6.235205784204671531e-01
7.571412680756396396e-01
7.749165739710790479e-01
8.406340378197998398e-01
7.675862068965516594e-01
7.464849833147942926e-01
7.758175750834260809e-01
7.244382647385984031e-01
6.795773081201335053e-01
6.946273637374861254e-01
7.951612903225806495e-01
8.380645161290323220e-01
4.901835372636262345e-01
7.649888765294772242e-01
8.074638487208010140e-01
8.928809788654059609e-01
9.128809788654060897e-01
8.974860956618464503e-01
8.770634037819800000e-01
7.815572858731925088e-01
7.190656284760845729e-01
9.084427141268075490e-01
9.006562847608453604e-01
6.111067853170188968e-01
8.985984427141269215e-01
9.021913236929922641e-01
8.859176863181312811e-01
7.421579532814237545e-01
8.232146829810900179e-01
8.755951056729700532e-01
8.673748609566185319e-01
9.002669632925472953e-01
8.762513904338153914e-01
9.112569521690767615e-01
9.171968854282537276e-01
9.162180200222470594e-01
6.864961067853170285e-01
9.226807563959955605e-01
9.100556173526139769e-01
9.201001112347052535e-01
9.189432703003337366e-01
8.977085650723025667e-01
9.233592880978865880e-01
9.269076751946606629e-01
9.234037819799777447e-01
9.076084538375973620e-01
8.966963292547274200e-01
9.181868743047830739e-01
9.313014460511679360e-01
9.389432703003338654e-01
9.312347052280312010e-01
9.182091212458286522e-01
9.320689655172413879e-01
9.353058954393770330e-01
9.381201334816462456e-01
9.350945494994439278e-01
9.230478309232481582e-01
9.328364849833148398e-01
9.261512791991101112e-01
9.078309232480533675e-01
9.286651835372635722e-01
9.246384872080088968e-01
9.276084538375973798e-01
9.317575083426028471e-01
9.335372636262513346e-01
4.906840934371523577e-01
9.342825361512792082e-01
9.397441601779754627e-01
9.338820912124582430e-01
9.420912124582869751e-01
9.415127919911012722e-01
9.358954393770856361e-01
9.347052280311457517e-01
9.249388209121245374e-01
9.280088987764183450e-01
9.345828698553948488e-01
9.390989988876529138e-01
9.408453837597330338e-01
9.278865406006674421e-01
9.377419354838709697e-01
9.323025583982201825e-01
9.409899888765295151e-01
9.370522803114571531e-01
8.673637374860956317e-01
9.253837597330367704e-01
9.355283648498331495e-01
9.311345939933259874e-01
9.368743047830923043e-01
9.088876529477196708e-01
9.351390433815350844e-01
9.349610678531702357e-01
9.251390433815349645e-01
9.385539488320355783e-01
9.398553948832035765e-01
9.247163515016685320e-01
9.352169076751946086e-01
9.297441601779756759e-01
9.303114571746384787e-01
9.354171301446051467e-01
9.208120133481645375e-01
4.792380422691879804e-01
9.371857619577308451e-01
9.347608453837598086e-01
9.426473859844272107e-01
7.344104560622914946e-01
9.301112347052280516e-01
9.189321468298110585e-01
9.269187986651834521e-01
9.179087875417130116e-01
9.361179087875417526e-01
9.316907675194661120e-01
5.883982202447163301e-01
6.975750834260290301e-01
5.270522803114571220e-01
4.933926585094549622e-01
5.000000000000000000e-01
6.057285873192435055e-01
6.708120133481646485e-01
5.208231368186874155e-01
6.831813125695216371e-01
6.436040044493881451e-01
6.084093437152391370e-01
6.002780867630701511e-01
5.558954393770856317e-01
6.883092324805338835e-01
4.907897664071190769e-01
5.158787541713014679e-01
5.000000000000000000e-01
7.540934371523915214e-01
8.172969966629589633e-01
6.349833147942157696e-01
7.990433815350389546e-01
5.000000000000000000e-01
5.648609566184649156e-01
8.182091212458286744e-01
6.768353726362624778e-01
6.069076751946607118e-01
6.736929922135705961e-01
7.702892102335928692e-01
7.246718576195773087e-01
8.382647385984427491e-01
6.841379310344827269e-01
6.860845383759732741e-01
8.007897664071190746e-01
9.136373748609565304e-01
8.478754171301446929e-01
8.695105672969967170e-01
8.625695216907673935e-01
8.581423804226919749e-01
5.000000000000000000e-01
8.764404894327031403e-01
7.455839822024471486e-01
8.780978865406007250e-01
8.547385984427140482e-01
8.614905450500556228e-01
8.703003337041157472e-01
7.116017797552836033e-01
7.005228031145717127e-01
5.017241379310344307e-01
9.121690767519465837e-01
8.942602892102337053e-01
9.008676307007786876e-01
9.085094549499443950e-01
9.191212458286985854e-01
8.803781979977752803e-01
9.257174638487207785e-01
8.764738598442713968e-01
8.942714126807564945e-01
9.062847608453837855e-01
9.186540600667408851e-01
9.225250278086762901e-01
8.663848720800889636e-01
5.102614015572859429e-01
8.648720800889877491e-01
9.146607341490545773e-01
9.362958843159066014e-01
9.365294771968853960e-01
9.337931034482758186e-01
9.165406006674081674e-01
8.840155728587320016e-01
9.378086763070078158e-01
9.351390433815350844e-01
9.362625139043381228e-01
9.313125695216907252e-01
9.398442714126806763e-01
5.026251390433815747e-01
9.371857619577308451e-01
9.276974416017798042e-01
9.029032258064516592e-01
9.121913236929921620e-01
9.334593993325916994e-01
9.413459399332592126e-01
7.109010011123469974e-01
9.324026696329256181e-01
9.402780867630701200e-01
9.003503893214683806e-01
9.387652947719689056e-01
5.195773081201334742e-01
9.419799777530589724e-01
9.424360400444938834e-01
8.863070077864293461e-01
9.376307007786429670e-01
9.185428253615128824e-01
9.096218020022247552e-01
9.404226918798664903e-01
9.368186874304782474e-01
9.316351501668519441e-01
9.320022246941045418e-01
9.378865406006674510e-01
9.106451612903226911e-01
4.676974416017797842e-01
9.066963292547274289e-01
9.241045606229144616e-01
9.293882091212458674e-01
9.351056729699666059e-01
9.317018909899889012e-01
5.000000000000000000e-01
9.293214682981090213e-01
9.372191323692992126e-01
9.362736373748609120e-01
9.386095661846495242e-01
9.306006674082313301e-01
9.335928809788655025e-01
9.317575083426028471e-01
9.283759733036707207e-01
9.329922135706341102e-01
9.318020022246942258e-01
9.398665183537263657e-01
9.334705228031145996e-01
6.377308120133481362e-01
9.358286985539487901e-01
9.303781979977753247e-01
9.374416017797553291e-01
9.334705228031145996e-01
4.892046718576196218e-01
9.406562847608453959e-01
9.358398220244716903e-01
5.255172413793103292e-01
9.290878754171302267e-01
5.489210233592880517e-01
7.052057842046718372e-01
4.969632925472747820e-01
4.998832035595105472e-01
6.907341490545051421e-01
5.405061179087875534e-01
5.000000000000000000e-01
5.288765294771968772e-01
5.000000000000000000e-01
6.259454949944383007e-01
6.713904338153503515e-01
5.324193548387097241e-01
4.688487208008899065e-01
6.588987764182425710e-01
6.778865406006673311e-01
7.017241379310343863e-01
5.000000000000000000e-01
8.253058954393770463e-01
7.241268075639599733e-01
5.091935483870968504e-01
7.776640711902114145e-01
6.990767519466074553e-01
5.315072302558399020e-01
6.777419354838709609e-01
6.721078976640711966e-01
6.911735261401557029e-01
6.643047830923248798e-01
5.000000000000000000e-01
7.617686318131257073e-01
7.009343715239155781e-01
6.776974416017798042e-01
5.000000000000000000e-01
5.305839822024471797e-01
8.972747497219132340e-01
7.684760845383760142e-01
9.148609566184651154e-01
5.888765294771968195e-01
8.708120133481647152e-01
8.758175750834260587e-01
7.671857619577306941e-01
6.457675194660733586e-01
6.970745272525027403e-01
6.353058954393770996e-01
8.685984427141268949e-01
6.223470522803113969e-01
5.000000000000000000e-01
9.130812013348164058e-01
8.169521690767518329e-01
9.165294771968854892e-01
8.014126807563961563e-01
7.675750834260289812e-01
7.546718576195773354e-01
5.297942157953281495e-01
9.225027808676308227e-01
7.131813125695216637e-01
8.967074527252503202e-01
8.399332591768631229e-01
9.213681868743047731e-01
9.251056729699665970e-01
9.014238042269188123e-01
9.151501668520578558e-01
9.272080088987764146e-01
9.212569521690767704e-01
5.260678531701891147e-01
7.998331479421578738e-01
9.446051167964405471e-01
8.637708565072301781e-01
9.386985539488319485e-01
9.379532814238041860e-01
7.896218020022245376e-01
9.206451612903225890e-01
5.000000000000000000e-01
9.317575083426029581e-01
9.365406006674082962e-01
9.287096774193549509e-01
5.000000000000000000e-01
9.382091212458286700e-01
4.967575083426029048e-01
9.360400444938821174e-01
9.411902113459399422e-01
9.398553948832036875e-01
9.348832035595106005e-01
9.343381535038932650e-01
5.000000000000000000e-01
6.361123470522802581e-01
9.355394883203559386e-01
7.716017797552836566e-01
9.346941045606229626e-01
9.412791991101223665e-01
5.100389321468298265e-01
9.435595105672970329e-01
9.273859844271412634e-01
9.347608453837596976e-01
4.920522803114572019e-01
9.313570634037819929e-01
9.434260289210234518e-01
9.402558398220244307e-01
5.495161290322581049e-01
6.611957730812013656e-01
9.356618464961068415e-01
9.313570634037819929e-01
9.336929922135706050e-01
9.421134593993326645e-01
7.355116796440490656e-01
9.390989988876530248e-01
5.257730812013348132e-01
9.350500556173525490e-01
9.332258064516129048e-01
6.915239154616240613e-01
5.000000000000000000e-01
5.519855394883204092e-01
9.340489432703004136e-01
8.752725250278086122e-01
5.000000000000000000e-01
9.427919911012235810e-01
9.333815350389321752e-01
9.336151279199110808e-01
5.515127919911011478e-01
5.000000000000000000e-01
9.372969966629588479e-01
9.400222469410457471e-01
9.374304783092325399e-01
9.365294771968855070e-01
9.359844271412681715e-01
9.285984427141268371e-01
9.382091212458286700e-01
9.391101223581758140e-01
9.387541713014460054e-01
5.593659621802001825e-01
6.914126807563959476e-01
6.919911012235817616e-01
6.210567296996662989e-01
6.102892102335929492e-01
6.109788654060066548e-01
6.563737486095662099e-01
6.160622914349277446e-01
6.286429365962180604e-01
6.868854282536150935e-01
6.696551724137930206e-01
6.249388209121246041e-01
7.249165739710788925e-01
6.889766407119021219e-01
6.713236929922136165e-01
7.035372636262513524e-01
7.461957730812013301e-01
7.814126807563959165e-01
8.181979977753059963e-01
8.292992213570635762e-01
8.203670745272525489e-01
6.160177975528364769e-01
8.233036707452725533e-01
7.306451612903225312e-01
8.468631813125695462e-01
7.136262513904337856e-01
8.076307007786429626e-01
7.775862068965516682e-01
8.212680756395995818e-01
7.815350389321468194e-01
8.267964404894327934e-01
8.116017797552836921e-01
8.954282536151279004e-01
8.573081201334816770e-01
8.655839822024471442e-01
8.593548387096775487e-01
8.707786429365962366e-01
8.909677419354838923e-01
9.057285873192436609e-01
8.987541713014459699e-01
8.699999999999998845e-01
8.953392658509455870e-01
9.089321468298109385e-01
8.798442714126807340e-01
9.005116796440489901e-01
8.608453837597330738e-01
8.544605116796440969e-01
8.781646273637375710e-01
9.172302558398219841e-01
9.113904338153504536e-01
9.175417130144605249e-01
9.140823136818687633e-01
8.782869855394883629e-01
9.232591768631812634e-01
9.071523915461624510e-01
9.154727474972189638e-01
9.148609566184651154e-01
9.102224694104561475e-01
9.208565072302558052e-01
8.954282536151280114e-01
9.193325917686319126e-01
9.217018909899887813e-01
9.166518353726362811e-01
9.127030033370411299e-01
9.186651835372636743e-01
9.254060066740823487e-01
9.023248053392658452e-01
9.017797552836486208e-01
9.296996662958842972e-01
9.419243604004450265e-01
9.218798665183537411e-01
9.393103448275862410e-01
9.173081201334816193e-01
9.289543937708564236e-01
9.393993325917686654e-01
9.331256952169078023e-01
9.367741935483870908e-01
9.326473859844272019e-01
9.327808676307006719e-01
9.269299221357063523e-01
9.403225806451612767e-01
9.166852057842047596e-01
9.358286985539489011e-01
9.322246941045606583e-01
9.279644048943269663e-01
9.340044493882090348e-01
9.242491657397108318e-01
9.308787541713015035e-01
9.379087875417130293e-01
9.353281423804227224e-01
9.396106785317018817e-01
9.377975528364850266e-01
9.348832035595106005e-01
9.394660734149055115e-01
9.358954393770856361e-01
9.392324805339266058e-01
9.224026696329253872e-01
9.292547274749721753e-01
9.433147942157953381e-01
9.306340378197996976e-01
9.366629588431590880e-01
9.368075639599554583e-01
9.325806451612903558e-01
9.263959955506118060e-01
9.343381535038931540e-01
9.348609566184649111e-01
9.288097886540600534e-01
9.191546162402668418e-01
9.440378197997775223e-01
9.306006674082314412e-01
9.413459399332592126e-01
9.262180200222469573e-01
9.352947719688543549e-01
9.361846496106784876e-01
9.237597330367075532e-01
9.421134593993325534e-01
9.293993325917686565e-01
9.357508342602892659e-01
9.310122358175750845e-01
9.342825361512792082e-01
9.394994438264738790e-01
9.377085650723024912e-01
9.375973303670744885e-01
9.351501668520578736e-01
9.358731924360400578e-01
9.355394883203560497e-01
9.247497219132370105e-01
9.302447163515015216e-01
7.145272525027810406e-01
6.990878754171301335e-01
5.347608453837597864e-01
6.785205784204672019e-01
6.908008898776417661e-01
6.695884315906562856e-01
6.890322580645161787e-01
6.754949944382647731e-01
5.789877641824249244e-01
6.842157953281423621e-01
7.022914349276974111e-01
6.618242491657397863e-01
6.865850945494994528e-01
6.788431590656284209e-01
7.174193548387097774e-01
6.663848720800890080e-01
7.733926585094548223e-01
7.913793103448276689e-01
8.139933259176863611e-01
8.077753058954393328e-01
8.341268075639599600e-01
8.271746384872080693e-01
7.945494994438264680e-01
8.010567296996663478e-01
7.918576195773080473e-01
7.637486095661847330e-01
7.952947719688542305e-01
7.743826473859845017e-01
8.321357063403781451e-01
8.198998887652948486e-01
7.968075639599555560e-01
8.240044493882090482e-01
9.120689655172413701e-01
8.777530589543938166e-01
8.941824249165739591e-01
9.052725250278087499e-01
9.112903225806451291e-01
8.996106785317018462e-01
9.118353726362625755e-01
8.942380422691880160e-01
8.860289210233592838e-01
8.668298109010010855e-01
9.077753058954394216e-01
8.964627363737487364e-01
9.108787541713014857e-01
8.639265850945495595e-01
8.958398220244716548e-01
8.925583982202447419e-01
8.946051167964405026e-01
9.219243604004448978e-01
9.183092324805338658e-01
9.157730812013348265e-01
9.102224694104559255e-01
9.092102335928808898e-01
8.991434927697441459e-01
9.199110122358176156e-01
9.058398220244716637e-01
9.159955506117909430e-01
9.211679644048944571e-01
9.152391546162402802e-01
9.283982202447162990e-01
9.179644048943270684e-01
9.227252502780868282e-01
9.209788654060067081e-01
9.269187986651835631e-01
9.357953281423804226e-01
9.389321468298109652e-01
9.220578420467185898e-01
9.191991101223582206e-01
9.309232480533926601e-01
9.347497219132369084e-01
9.315239154616240524e-01
9.299332591768632028e-01
9.390211345939933896e-01
9.361067853170188524e-01
9.399666295884315792e-01
9.319354838709676958e-01
9.323915461624026069e-01
9.173192436040045195e-01
9.308898776418244037e-01
9.341156840934371486e-01
9.360177975528365391e-01
9.439488320355950979e-01
9.436596218020022464e-01
9.367408231368188343e-01
9.346162402669633273e-01
9.313793103448275712e-01
9.317018909899890122e-01
9.414571746384872153e-01
9.274638487208008986e-01
9.344271412680756894e-01
9.394660734149054004e-01
9.347497219132369084e-01
9.422914349276975132e-01
9.388876529477196975e-01
9.358843159065628470e-01
9.336707452725250267e-01
9.287764182424916859e-01
9.396662958843159386e-01
9.378531701890990835e-01
9.354060066740823576e-01
9.322580645161291368e-01
9.355172413793104713e-01
9.378531701890989725e-01
9.330923248053393237e-01
9.314905450500556849e-01
9.409232480533926690e-01
9.352836484983315657e-01
9.354505005561735143e-01
9.350611790878755603e-01
9.285317018909899911e-01
9.276418242491656363e-01
9.421802002224693995e-01
9.278531701890990746e-01
9.378420467185762943e-01
9.378754171301446618e-01
9.331256952169076913e-01
9.389210233592881760e-01
9.351724137931034520e-01
9.316462736373748443e-01
9.292769744160178647e-01
9.335928809788653915e-01
9.333370411568410185e-01
9.398331479421579981e-01
9.381646273637375133e-01
9.320800889877642881e-01
9.348387096774194438e-01
9.386874304783091594e-01
7.255617352614014415e-01
7.295884315906562279e-01
7.187319243604004537e-01
7.311790878754171885e-01
6.124137931034483451e-01
7.451501668520579269e-01
6.943270300333703737e-01
6.457619577308120196e-01
7.230478309232479806e-01
7.040378197997774201e-01
7.276974416017797376e-01
6.587208008898777223e-01
7.234705228031146351e-01
5.552780867630701112e-01
6.859176863181312145e-01
6.899777530589544794e-01
8.446384872080088257e-01
8.449721913236929449e-01
8.289543937708565569e-01
8.220022246941045552e-01
8.279532814238043104e-01
8.320467185761957207e-01
8.177864293659622419e-01
7.984427141268076733e-01
8.333370411568409297e-01
8.238375973303668776e-01
8.122246941045607738e-01
7.893882091212459651e-01
8.322580645161290480e-01
8.197775305895439457e-01
8.204671857619578734e-01
8.101668520578420019e-01
9.076640711902113079e-01
9.082647385984427002e-01
9.036262513904339544e-01
9.155506117908787100e-01
8.863403781979977136e-01
9.034927697441601513e-01
9.106896551724138478e-01
8.787541713014460631e-01
9.036818687430477892e-01
9.053615127919910632e-01
9.070634037819799156e-01
9.090878754171300979e-01
9.094104560622914279e-01
8.734593993325917571e-01
9.011012235817574823e-01
9.019354838709678912e-01
9.190989988876530070e-01
9.177308120133481628e-01
9.215684093437152002e-01
9.261846496106784787e-01
9.234037819799777447e-01
9.088876529477196708e-01
9.253948832035594485e-01
9.253170189098998133e-01
9.293325917686318105e-01
9.193770856507229583e-01
9.237708565072303424e-01
9.217575083426028382e-01
9.225027808676307117e-01
9.260956618464961654e-01
9.183203559510567660e-01
9.242491657397108318e-01
9.374749721913238076e-01
9.394438264738598221e-01
9.356840934371524199e-01
9.288654060066739993e-01
9.370189098998887856e-01
9.392547274749720732e-01
9.294771968854281807e-01
9.317575083426027360e-01
9.310678531701892524e-01
9.366407119021135097e-01
9.327030033370411477e-01
9.363070077864293905e-01
9.309566184649611387e-01
9.337597330367074511e-01
9.313348164627364145e-01
9.256952169076752002e-01
9.328364849833147288e-01
9.377196885428253914e-01
9.353726362625138790e-01
9.334927697441601779e-01
9.422135706340378780e-01
9.381090100111234564e-01
9.357285873192436876e-01
9.389766407119021219e-01
9.321134593993326556e-01
9.435928809788654004e-01
9.335372636262514456e-01
9.352725250278086655e-01
9.311123470522802981e-01
9.381757508342603025e-01
9.375973303670745995e-01
9.374304783092325399e-01
9.365517241379310853e-01
9.313570634037819929e-01
9.339154616240267215e-01
9.360734149054504849e-01
9.342602892102336298e-01
9.297775305895439324e-01
9.380756395995549779e-01
9.292769744160178647e-01
9.313793103448275712e-01
9.386763070077864812e-01
9.377864293659622374e-01
9.057397107897665611e-01
9.351946607341490303e-01
9.392324805339266058e-01
9.334593993325918104e-01
9.384093437152392081e-01
9.292769744160178647e-01
9.352725250278086655e-01
9.335817575083426023e-01
9.328587319243604181e-01
9.367630700778644126e-01
9.368075639599554583e-01
9.415016685205784830e-01
9.278309232480533852e-01
9.304894327030034384e-01
9.363181312569520687e-01
9.344605116796440569e-01
9.322135706340378691e-01
9.349499443826474465e-01
9.322246941045606583e-01
9.388987764182424867e-01
9.303448275862068462e-01
