6.089247013059182478e-01
5.007946651847735575e-01
5.062239510975270473e-01
5.017949430397332655e-01
6.387107529869409106e-01
5.261016949152542699e-01
6.268296749096970988e-01
6.043901083634342086e-01
4.867741039177549411e-01
5.551653237010281128e-01
5.136593498193943175e-01
5.034065018060571717e-01
5.090358432898026697e-01
5.411892192275632452e-01
5.325868296749096675e-01
5.458849680466796306e-01
5.000000000000000000e-01
4.897138093914976120e-01
6.658960822450681327e-01
7.074965268130035678e-01
7.720922478466238914e-01
5.986940816893582262e-01
6.058016115587663286e-01
7.134759655459850247e-01
6.955432064462350183e-01
7.443734370658514621e-01
6.763989997221451222e-01
5.860183384273409679e-01
5.000000000000000000e-01
6.652403445401500193e-01
5.530091692136704928e-01
5.017504862461794612e-01
7.577660461239233980e-01
4.804612392331203408e-01
7.661461517088080653e-01
7.804834676298970653e-01
7.040789108085581116e-01
7.175104195609891544e-01
7.857738260627952220e-01
6.109030286190608727e-01
7.857904973603778709e-01
7.237343706585162018e-01
7.044401222561822440e-01
7.859071964434565238e-01
7.301472631286468618e-01
6.051792164490137349e-01
7.744818005001388173e-01
7.469741594887467917e-01
8.089580439010836121e-01
8.045901639344262835e-01
8.084912475687692224e-01
7.294804112253403527e-01
8.133926090580716473e-01
8.132258960822449367e-01
7.994609613781605839e-01
7.885523756599055467e-01
7.782828563489857521e-01
7.820394554042788826e-01
7.937204779105306862e-01
7.101861628230062840e-01
8.240288969158099386e-01
7.816949152542373991e-01
7.949541539316475891e-01
8.125923867741040585e-01
7.641789385940539470e-01
7.681355932203390857e-01
7.498193942761879338e-01
7.114976382328423998e-01
8.192831342039456066e-01
7.795054181717143704e-01
8.191053070297305005e-01
8.108919144206723217e-01
7.958877465962769238e-01
7.803612114476242700e-01
7.734481800500138116e-01
7.486801889413725597e-01
8.002389552653514926e-01
8.030341761600443551e-01
8.009335926646290460e-01
8.007113086968602467e-01
8.064351208669073845e-01
7.786940816893581641e-01
7.770436232286745959e-01
8.076021116976939140e-01
7.958988607946652083e-01
7.727146429563768182e-01
5.000000000000000000e-01
8.049569324812446691e-01
7.714365101417060000e-01
7.897082522923033476e-01
8.138371769936092459e-01
7.930647402056125728e-01
7.912086690747430762e-01
7.737482634065018239e-01
7.909752709085857703e-01
7.939205334815226944e-01
7.821950541817171976e-01
7.651403167546539930e-01
8.007891080855794597e-01
7.257126979716587156e-01
7.802056126701861771e-01
6.237732703528757749e-01
5.195887746596276058e-01
7.714809669352598043e-01
5.271186440677966267e-01
7.862795220894692738e-01
4.737149208113364263e-01
7.957432620172270044e-01
7.892081133648234381e-01
7.975326479577660166e-01
7.834065018060571983e-01
7.862406223951098339e-01
5.126590719644344984e-01
7.906529591553208558e-01
7.964323423173103045e-01
7.714253959433177155e-01
7.968880244512366318e-01
7.865907196443457927e-01
7.941983884412335826e-01
7.333592664629065005e-01
8.050903028619061930e-01
8.050347318699638821e-01
7.792497916087802734e-01
5.000000000000000000e-01
7.310752986940816101e-01
7.771492081133648533e-01
7.951208669074742996e-01
5.294026118366212952e-01
5.000000000000000000e-01
5.007613225896081488e-01
5.889636010002778921e-01
5.066073909419283039e-01
5.286357321478187821e-01
5.651236454570713885e-01
5.318143928869130121e-01
5.202500694637399725e-01
5.035621005834954866e-01
5.966101694915254550e-01
5.284801333703806892e-01
5.441289247013059160e-01
5.128869130313976621e-01
5.446179494303973190e-01
4.985218116143372846e-01
4.957154765212559155e-01
6.122145040288968776e-01
5.829174770769658398e-01
5.774659627674354478e-01
5.639899972214503787e-01
7.260127813281467279e-01
5.795776604612392635e-01
5.076021116976938696e-01
4.564212281189219400e-01
5.000000000000000000e-01
5.065184773548208064e-01
4.675187552097805344e-01
5.000611280911363421e-01
5.628674631842178755e-01
4.588552375659905591e-01
5.114976382328424442e-01
7.237565990552932149e-01
5.016949152542372614e-01
7.987329813837176218e-01
4.880133370380661528e-01
5.383161989441511697e-01
7.645512642400666969e-01
5.237843845512641927e-01
6.898805223673243336e-01
7.950652959155320998e-01
6.061128091136426255e-01
4.961100305640455677e-01
5.675465407057516121e-01
5.956432342317310447e-01
7.425395943317588676e-01
4.956043345373715159e-01
7.833175882189495898e-01
4.947040844679077565e-01
5.000000000000000000e-01
7.880744651292024283e-01
8.004667963323144342e-01
5.048013337038065318e-01
8.075576549041399987e-01
7.829730480689081062e-01
7.450013892747986421e-01
5.397110308419005298e-01
8.029786051681022663e-01
5.651347596554598951e-01
5.219227563212004428e-01
7.892747985551542556e-01
6.773437065851625194e-01
8.123034176160044417e-01
7.744929146985274349e-01
7.911697693803834142e-01
7.871631008613504399e-01
5.000000000000000000e-01
6.527535426507362626e-01
8.169936093359266849e-01
7.977660461239233225e-01
8.118255070853014344e-01
8.081133648235621081e-01
5.000000000000000000e-01
5.504195609891636698e-01
8.194498471797720951e-01
5.000000000000000000e-01
7.967879966657405166e-01
8.117254792998054302e-01
8.053348152264516724e-01
7.958933036954708440e-01
5.000000000000000000e-01
5.167379827729924324e-01
7.999110864128924359e-01
7.840122256182273652e-01
8.014115031953319424e-01
5.000000000000000000e-01
8.062572936926922784e-01
8.009224784662407615e-01
8.028896915809946577e-01
7.713198110586274581e-01
5.000000000000000000e-01
5.291247568769101850e-01
7.992442345095859269e-01
7.687246457349263817e-01
5.458849680466795196e-01
5.317199222006112613e-01
8.162267296471242828e-01
5.000611280911363421e-01
6.018449569324813009e-01
5.312364545707141117e-01
5.024062239510975747e-01
5.032786885245901232e-01
5.000000000000000000e-01
8.055348707974437916e-01
7.985440400111142312e-01
7.772825784940260441e-01
8.112920255626563382e-01
4.945929424840233013e-01
7.705084745762711407e-01
7.884301194776326405e-01
5.764767991108641354e-01
7.835065295915533135e-01
7.524645734926367346e-01
7.985218116143373290e-01
5.000000000000000000e-01
7.708919144206723972e-01
7.992220061128092468e-01
7.902083912197832571e-01
7.859627674353988347e-01
5.000000000000000000e-01
8.032898027229786742e-01
5.144873575993331727e-01
7.732703528757988165e-01
5.016949152542372614e-01
7.838844123367603167e-01
7.497749374826341295e-01
6.668296749096971343e-01
7.967768824673520101e-01
4.651847735482078638e-01
5.009502639622117615e-01
5.956654626285079468e-01
4.823895526535147971e-01
5.550986385106975174e-01
4.829452625729370174e-01
6.215393164767991641e-01
5.028118921922756224e-01
6.405445957210336161e-01
4.967213114754098213e-01
5.495304251180883615e-01
5.016949152542372614e-01
4.889135871075298567e-01
6.176938038343984250e-01
5.417282578494025946e-01
4.971492081133647711e-01
5.076521255904419272e-01
6.041289247013058583e-01
5.412781328146707427e-01
5.129813837176993019e-01
5.741817171436509604e-01
5.000000000000000000e-01
5.100861350375104353e-01
5.000000000000000000e-01
5.675354265073632165e-01
5.000000000000000000e-01
5.000000000000000000e-01
5.190608502361766519e-01
5.307918866351764020e-01
6.211614337315920498e-01
5.357766046123922932e-01
5.135871075298693578e-01
5.187329813837175951e-01
7.772270075020838442e-01
5.452070019449847260e-01
7.551986662961933661e-01
6.662183939983329362e-01
5.000000000000000000e-01
5.696582383995554277e-01
4.903250903028618657e-01
4.841900527924423159e-01
5.000000000000000000e-01
7.529091414281745553e-01
4.984384551264239849e-01
4.390830786329535940e-01
5.000000000000000000e-01
6.492025562656293936e-01
6.364601278132815398e-01
5.760655737704918344e-01
4.771825507085301621e-01
5.000000000000000000e-01
5.635898860794665843e-01
5.770269519310919915e-01
8.170269519310918716e-01
6.237176993609335751e-01
5.325312586829674677e-01
5.165545984995831841e-01
7.000166712975826044e-01
5.363489858293971624e-01
7.861850514031675230e-01
7.995220894692971481e-01
6.208724645734926550e-01
6.288191164212281192e-01
5.371214226173937067e-01
5.000000000000000000e-01
4.924868018894137389e-01
8.220727979994444379e-01
5.000000000000000000e-01
8.192164490136149002e-01
5.628230063906640712e-01
4.769547096415670540e-01
8.071797721589329955e-01
5.368991386496249074e-01
4.970325090302862292e-01
7.805723812170046738e-01
7.979772158933037263e-01
7.808502361767157840e-01
5.273242567379827772e-01
6.416226729647124261e-01
8.105362600722423316e-01
7.746707418727425409e-01
5.046901917199222432e-01
5.335982217282577711e-01
4.194720755765490861e-01
6.021116976938037935e-01
4.885357043623229090e-01
7.836732425673798019e-01
8.054237288135592809e-01
6.044956932481244660e-01
8.130814115031952394e-01
5.339761044734647744e-01
5.000000000000000000e-01
7.661683801055847454e-01
4.803612114476243367e-01
8.132370102806335543e-01
8.000111141983885510e-01
5.120033342595164960e-01
5.125534870797443521e-01
7.826062795220894985e-01
5.985662684078910667e-01
5.000000000000000000e-01
5.510086135037510768e-01
7.953098082800778013e-01
8.130369547096415461e-01
7.934870797443733803e-01
7.672575715476521729e-01
6.111530980828008275e-01
5.188496804667963591e-01
5.740705751597666717e-01
5.000000000000000000e-01
4.756487913309253024e-01
5.000000000000000000e-01
5.000000000000000000e-01
7.891080855793276561e-01
5.000000000000000000e-01
7.790941928313419584e-01
7.912420116699082628e-01
5.000000000000000000e-01
4.917143651014170835e-01
5.443789941650458708e-01
7.561100305640455765e-01
5.000000000000000000e-01
7.642011669908307381e-01
4.656015559877743626e-01
7.482634065018061165e-01
7.862850791886633051e-01
6.829341483745484664e-01
4.707863295359822065e-01
4.819116421228119007e-01
5.176771325368157983e-01
4.893192553487080154e-01
5.761656015559878385e-01
6.220394554042789625e-01
5.584106696304529383e-01
6.038010558488469126e-01
6.434287302028340871e-01
5.150541817171436776e-01
6.262850791886636070e-01
5.784495693248123960e-01
5.868074465129202721e-01
5.078744095582106155e-01
5.189997221450401987e-01
6.134037232564601982e-01
5.678688524590164155e-01
6.309308141150320459e-01
7.016282300639067326e-01
6.165601555987774152e-01
6.299194220616838313e-01
6.435898860794664333e-01
6.252625729369268859e-01
6.488357877188106748e-01
6.496360100027785967e-01
5.581550430675187302e-01
6.891358710752986116e-01
6.819560989163656606e-01
6.828452347874409689e-01
5.900972492358989019e-01
6.798888580161155382e-01
7.153542650736315345e-01
6.557377049180328488e-01
6.572047791053070576e-01
7.510641844956932323e-01
7.185329258127257646e-01
7.321033620450125845e-01
7.212447902195053828e-01
7.178105029174770557e-01
7.087746596276742750e-01
7.206890803000833845e-01
6.929035843289801377e-01
7.070853014726312669e-01
7.346818560711309010e-01
7.415615448735759507e-01
7.305696026674075583e-01
6.961489302584051853e-01
6.863573214781883980e-01
6.921033620450124380e-01
6.730091692136703774e-01
7.673242567379828794e-01
7.547318699638787542e-01
7.100305640455683021e-01
7.603445401500417145e-01
7.606112809113643181e-01
7.279799944429007352e-01
7.097860516810224896e-01
7.633231453181439363e-01
7.424062239510975658e-01
6.898471797721588139e-01
7.447179772158932787e-01
7.202333981661572793e-01
7.588552375659907145e-01
7.299249791608781734e-01
7.112197832731314007e-01
7.369269241455960184e-01
6.884912475687691158e-01
7.045846068352319413e-01
7.441178105029175871e-01
7.491636565712697093e-01
7.807613225896081754e-01
7.448402333981662959e-01
7.359488746874132126e-01
7.312920255626562671e-01
7.656682411781050579e-01
7.422617393720478685e-01
7.385273687135315290e-01
7.384384551264239205e-01
6.027896637954988091e-01
7.286246179494303421e-01
7.139205334815226234e-01
7.107307585440401088e-01
7.418060572381217632e-01
7.186774103917754619e-01
7.841066963045290050e-01
7.613337038066130269e-01
7.391831064184495315e-01
7.675020839121977634e-01
7.749152542372881314e-01
6.930147263128647594e-01
6.774993053626007233e-01
6.944929146985272528e-01
6.986940816893580930e-01
6.898916365657128402e-01
7.367046401778271081e-01
7.411392053348152542e-01
7.813392609058070759e-01
7.233676021116977051e-01
7.300250069463739555e-01
6.774659627674353146e-01
6.194943039733259438e-01
7.672464573492637774e-01
7.417616004445678479e-01
6.999277577104752179e-01
7.531647679911086524e-01
7.221116976938039000e-01
7.569769380383439827e-01
7.318921922756320697e-01
7.020394554042790336e-01
7.544540150041678661e-01
7.497193664906919297e-01
7.389608224506807321e-01
6.775104195609893409e-01
6.607168657960544866e-01
7.441511530980828848e-01
7.393275909974992288e-01
7.481078077243679125e-01
6.351986662961932595e-01
6.184829119199777292e-01
6.644290080577939239e-01
7.127868852459016136e-01
6.673631564323422305e-01
7.374604056682412256e-01
6.691747707696582559e-01
7.172436787996665508e-01
5.953320366768546368e-01
5.890191719922199809e-01
7.624562378438455301e-01
6.864573492636844021e-01
4.966990830786329192e-01
5.179327590997498953e-01
6.244067796610168752e-01
6.367879966657404855e-01
6.048457904973604249e-01
5.444512364545707195e-01
6.296193387051959300e-01
6.303751041956098256e-01
6.299527646568491290e-01
4.813170325090303514e-01
5.589441511530981455e-01
6.458905251458738617e-01
5.422172825784939976e-01
5.998555154209501694e-01
6.271408724645735067e-01
6.287635454292859194e-01
5.002278410669629416e-01
6.898138371769935162e-01
6.615837732703527818e-01
7.047402056126701453e-01
6.231286468463461681e-01
7.035509863851069356e-01
6.614059460961376757e-01
7.239899972214504098e-01
6.957043623228673646e-01
7.260572381217005322e-01
6.649624895804391311e-01
6.981494859683243792e-01
6.694303973325924639e-01
6.203723256460127455e-01
7.219116421228118918e-01
6.775993331480967274e-01
6.779772158933037307e-01
7.488746874131703146e-01
7.213337038066129914e-01
7.403056404556821457e-01
7.158988607946651372e-01
7.116976938038344080e-01
6.546596276743540388e-01
7.511308696860238276e-01
7.112753542650736005e-01
7.225673798277298943e-01
7.499527646568491246e-01
7.213225896082244848e-01
7.106085023617672025e-01
7.425173659349819655e-01
7.343373159210891954e-01
7.384606835232008226e-01
7.361267018616282076e-01
7.495748819116421213e-01
7.467185329258128057e-01
7.650125034731869444e-01
7.501972770213949371e-01
7.395498749652680281e-01
7.641789385940539470e-01
7.803389830508473679e-01
7.621561544873576288e-01
7.647902195054181451e-01
7.320366768546817671e-01
7.253125868296748102e-01
7.373381494859684304e-01
7.626674076132258229e-01
7.460627952208946922e-01
7.460961378160598789e-01
7.621116976938038245e-01
7.426840789108085650e-01
7.565879410947484729e-01
7.174993053626008699e-01
7.651569880522367528e-01
7.291247568769103626e-01
7.308141150319533708e-01
7.717810502917477056e-01
7.416282300639065461e-01
7.593831619894415574e-01
7.650458460683524642e-01
7.269908307863295338e-01
7.621450402889692333e-01
7.871297582661850312e-01
7.839733259238677032e-01
7.781272575715476592e-01
7.635787718810780333e-01
7.571992220061128931e-01
7.040955821061405384e-01
7.442622950819670624e-01
7.331925534870797900e-01
7.570102806335092804e-01
7.716587941094747993e-01
7.570102806335092804e-01
7.541872742428452625e-01
7.662350652959155628e-01
7.660238955265350480e-01
7.489747151986663187e-01
7.805445957210335184e-01
7.240233398166155965e-01
7.704806890803002073e-01
7.400722422895248398e-01
7.347929980550154117e-01
7.845957210336205190e-01
7.382383995554320233e-01
7.563212003334258693e-01
7.582550708530146899e-01
7.507529869408168244e-01
7.656460127813280447e-01
7.190441789385940696e-01
7.087190886357319641e-01
7.664573492636843621e-01
7.488080022228396082e-01
7.563656571269796736e-01
7.344484579049734840e-01
7.528646846346207511e-01
7.209558210614059881e-01
7.450291747707695755e-01
7.802167268685746837e-01
7.526646290636287429e-01
7.066407335370936682e-01
7.274242845234787369e-01
6.984051125312585873e-01
7.763823284245624512e-01
6.555709919422061382e-01
7.404612392331203496e-01
7.695470964156710947e-01
7.099638788552375956e-01
7.640233398166157430e-01
7.134426229508197270e-01
7.361822728535705185e-01
6.786551819949986353e-01
7.019283134203946339e-01
7.143539872186718265e-01
7.664351208669075710e-01
6.031786607390942079e-01
6.018560711308698075e-01
6.364879133092525842e-01
6.357210336204501822e-01
6.172825784940261240e-01
5.465907196443456906e-01
6.269408168935814984e-01
6.106474020561266647e-01
5.438288413448180147e-01
6.117810502917476745e-01
5.505307029730480695e-01
5.000000000000000000e-01
6.535704362322867222e-01
5.415448735759933463e-01
5.015671019727702129e-01
6.381217004723533925e-01
5.114754098360655421e-01
7.044178938594054529e-01
6.610169491525423879e-01
6.608391219783271708e-01
6.751097527090859085e-01
7.075298694081689765e-01
6.628174492914699067e-01
7.205112531258682784e-01
6.778105029174770202e-01
4.917421505973881835e-01
6.753209224784662013e-01
6.473242567379827728e-01
6.797999444290080406e-01
6.980494581828284861e-01
7.146318421783828256e-01
7.178771881078076511e-01
7.436510141706029753e-01
7.448068908030007762e-01
7.276021116976938430e-01
7.131536537927201103e-01
7.546985273687135676e-01
7.797499305362601829e-01
5.710419560989163923e-01
7.494859683245345128e-01
7.465518199499860952e-01
7.264462350652958200e-01
7.719588774659627006e-01
7.491747707696583269e-01
7.610002778549597169e-01
7.512864684634620316e-01
7.405279244234509450e-01
7.758710752986941461e-01
7.734481800500139226e-01
7.551986662961933661e-01
7.525534870797443432e-01
7.851847735482078150e-01
7.579549874965267886e-01
7.737704918032786150e-01
7.525979438732981475e-01
7.713031397610446982e-01
7.676465684912475718e-01
7.501972770213948261e-01
7.749374826340649225e-01
7.485301472631286090e-01
7.418282856348985543e-01
7.589663795498748922e-01
7.575993331480965765e-01
7.716587941094747993e-01
7.759933314809669413e-01
7.812058905251458851e-01
7.609669352597944192e-01
7.644123367602111419e-01
7.514531814392886311e-01
7.456515698805222803e-01
7.717254792998055057e-01
7.318810780772436742e-01
7.756265629341484447e-01
7.903528757988329545e-01
7.684801333703806803e-01
7.675354265073630611e-01
7.619449847179772251e-01
7.550430675187552731e-01
7.716699083078631949e-01
7.978105029174771268e-01
7.830730758544038883e-01
7.641900527924423425e-01
7.755932203389831470e-01
7.672353431508753818e-01
7.545429285912754747e-01
7.648013337038065407e-01
7.499861072520145333e-01
7.778160600166712513e-01
7.736037788274520155e-01
7.604890247290914118e-01
7.531647679911086524e-01
7.744373437065852350e-01
7.562656293414837805e-01
7.639455404278967521e-01
7.508419005279243219e-01
7.848513475965546160e-01
7.728368991386497244e-01
7.582328424562378988e-01
7.414281744929146489e-01
7.671130869686023646e-01
7.432064462350653766e-01
7.424284523478743569e-01
7.714031675465407023e-01
7.623895526535149347e-01
7.448624617949430871e-01
7.866407335370936282e-01
7.715587663239789062e-01
7.671019727702138580e-01
7.567546540705751834e-01
7.929980550152820884e-01
5.000000000000000000e-01
7.716921367046400970e-01
7.376493470408447273e-01
6.736537927201999842e-01
7.605112531258683140e-01
7.418393998332870609e-01
7.503973325923867232e-01
7.736926924145596240e-01
7.286690747429841464e-01
7.303139761044734612e-01
7.475743262017227053e-01
7.656793553764935645e-01
7.639121978327313434e-01
7.265573770491803307e-01
7.531536537927201458e-01
7.388052236732425282e-01
7.758821894970826527e-01
7.060516810225063722e-01
5.708585718255071439e-01
5.233231453181439452e-01
5.072297860516810086e-01
5.266462906362878726e-01
5.882300639066407877e-01
5.318032786885246166e-01
5.106751875520978423e-01
6.061906085023617274e-01
4.907029730480688690e-01
6.309308141150319349e-01
5.257571547652125643e-01
5.167435398721866857e-01
6.011558766323977787e-01
5.929535982217282175e-01
5.095915532092247791e-01
6.232064462350652700e-01
6.303084190052792302e-01
5.742817449291469645e-01
6.373103639899972972e-01
6.162711864406780204e-01
6.160155598777438124e-01
5.069908307863295605e-01
5.258071686579606219e-01
6.530925257015838259e-01
6.650402889691580111e-01
5.839399833287024499e-01
6.182161711586551256e-01
6.392886913031397000e-01
6.652070019449847216e-01
6.679077521533759443e-01
6.114920811336481687e-01
5.770380661294803870e-01
6.407891080855793176e-01
6.685857182550708488e-01
6.378771881078076911e-01
6.534704084467908292e-01
6.564490136148930510e-01
6.340427896637954586e-01
5.799944429008057067e-01
6.202167268685746526e-01
6.293970547374270197e-01
6.017449291469851858e-01
6.579716587941094597e-01
6.657182550708529156e-01
6.288302306196166258e-01
6.822672964712419574e-01
6.796999166435121476e-01
7.039510975270908411e-01
6.572381217004723553e-01
6.321756043345374554e-01
7.520088913587108514e-01
6.751430953042512062e-01
6.318532925812726520e-01
6.692970269519311621e-01
5.870186162823006759e-01
6.295304251180883215e-01
6.164267852181161134e-01
5.920755765490414158e-01
5.853737149208113610e-01
6.241956098916365825e-01
6.479577660461238731e-01
6.866796332314532014e-01
6.377215893303695982e-01
6.667185329258127346e-01
5.732592386774103543e-01
6.682078355098638456e-01
6.256626840789107913e-01
6.868241178105027878e-01
7.003056404556822212e-01
6.499472075576548935e-01
6.439233120311197434e-01
6.408557932759100240e-01
5.883189774937482852e-01
6.865018060572380953e-01
6.216949152542373680e-01
6.932370102806335588e-01
6.197388163378716452e-01
6.450569602667407532e-01
5.169547096415670895e-01
6.612948041122534981e-01
6.445457071408724481e-01
6.053348152264518278e-01
6.512364545707141072e-01
5.939538760766880365e-01
6.141706029452624893e-01
4.823673242567379504e-01
5.157543762156153733e-01
5.985662684078911777e-01
4.709530425118088059e-01
6.231397610447346747e-01
6.043456515698806264e-01
6.708419005279244729e-01
6.272409002500693997e-01
7.026840789108085295e-01
5.309141428174493083e-01
6.405668241178106292e-01
6.069130313976105473e-01
6.239066407335370767e-01
4.648180050013892561e-01
4.340094470686302053e-01
4.940038899694359498e-01
5.625618227285357209e-01
5.111919977771602897e-01
6.066796332314532414e-01
4.890691858849680607e-01
6.938371769936092504e-01
5.008391219783272508e-01
6.402111697693804171e-01
4.848902472909141781e-01
6.360544595721033811e-01
5.287857738260628437e-01
5.904862461794943007e-01
5.061517088080021987e-01
5.982328424562377567e-01
4.764990275076410597e-01
5.281411503195332369e-01
6.181606001667129258e-01
5.854070575159766587e-01
4.650069463739927578e-01
5.654570714087246985e-01
5.255515420950264138e-01
5.079744373437066196e-01
4.995498749652681481e-01
6.157154765212559111e-01
6.032564601278131988e-01
5.594053903862183930e-01
5.014837454848568576e-01
4.900027785495971178e-01
5.791608780216725982e-01
6.119033064740205807e-01
6.496915809947207965e-01
5.808835787718811261e-01
6.319088635732148518e-01
5.158933036954709284e-01
6.150708530147263042e-01
5.715476521255904441e-01
5.774048346762989947e-01
5.428174492914699112e-01
5.518421783828841853e-01
5.434843011947763092e-01
5.842956376771325511e-01
4.884245623784383983e-01
5.304918032786885007e-01
6.261628230063907008e-01
6.529369269241455109e-01
6.528702417338150266e-01
6.359433175882189815e-01
6.472242289524867687e-01
6.285968324534592089e-01
6.342539594331758623e-01
6.827452070019449648e-01
5.817838288413448300e-01
5.248958043901084114e-01
6.554042789663794277e-01
6.152264517921645082e-01
7.070297304806891781e-01
6.820227841066962560e-01
6.846457349263683767e-01
6.489469297026952965e-01
6.270964156710197024e-01
6.456237843845512581e-01
6.611503195332036897e-01
5.926090580716865119e-01
7.249347040844678070e-01
6.811781050291747519e-01
6.388441233676021014e-01
7.139649902750764277e-01
6.961378160600166787e-01
6.379216449013613843e-01
7.183106418449569652e-01
6.348318977493747628e-01
6.535148652403445224e-01
6.985162545151430979e-01
6.427229786051680271e-01
7.093192553487079888e-01
6.708307863295359663e-01
6.837899416504584771e-01
6.726979716587939695e-01
6.889580439010837276e-01
7.105973881633786959e-01
6.984051125312586983e-01
6.967935537649346811e-01
6.972270075020838842e-01
7.045290358432898525e-01
5.870853014726312713e-01
7.154987496526814539e-01
7.073409280355653639e-01
6.793887190886357397e-01
7.196999166435120721e-01
6.347207557654903631e-01
6.548152264517921317e-01
6.564156710197277533e-01
6.182495137538204233e-01
6.948930258405112692e-01
7.006279522089469136e-01
6.797777160322311385e-01
6.324201166990830458e-01
7.032175604334537367e-01
6.584273409280355649e-01
7.113864962489580002e-01
7.081300361211446681e-01
7.246568491247569188e-01
7.102417338149485948e-01
6.795220894692970415e-01
4.978938594053904376e-01
6.403111975548764212e-01
6.850569602667406777e-01
6.866685190330646948e-01
6.752875798833009036e-01
6.267296471242012057e-01
6.245846068352319813e-01
6.214615170880799511e-01
6.275076410113920033e-01
6.246068352320088835e-01
6.694637399277576506e-01
5.224506807446512857e-01
6.606612948041121758e-01
6.429230341761600354e-01
6.462461794943038518e-01
6.521922756321201220e-01
6.649958321756043178e-01
6.085357043623228490e-01
6.539149763823284278e-01
5.320200055570991626e-01
6.138260627952208948e-01
6.241178105029174805e-01
6.123256460127813883e-01
4.774103917754932147e-01
6.159822172825785147e-01
6.431786607390942434e-01
5.778382884134480868e-01
4.769491525423728562e-01
6.059572103362045326e-01
5.910308419005279035e-01
6.059683245345929281e-01
6.591053070297304695e-01
4.756321200333426535e-01
4.990608502361767451e-01
5.119977771603223538e-01
6.443789941650458486e-01
6.078577382606279444e-01
5.804278966379550209e-01
4.783217560433453697e-01
5.597110308419005475e-01
5.893192553487079932e-01
6.477910530702972736e-01
5.725701583773270542e-01
5.170880800222283913e-01
6.197943873298139561e-01
5.556432342317310091e-01
6.600722422895248798e-01
5.684467907752152049e-01
5.642345095859961912e-01
6.620950263962210869e-01
5.063739927757709980e-01
6.222839677688246640e-01
6.303417616004445279e-01
5.559877743817727147e-01
6.274298416226730124e-01
6.022228396776883041e-01
5.776160044456793985e-01
6.060794665184774388e-01
5.131981105862739589e-01
5.231230897471520480e-01
5.242456237843845512e-01
5.783495415393163919e-01
5.756710197277021823e-01
6.187552097804945861e-01
6.192609058071687489e-01
5.205668241178105227e-01
5.072686857460405596e-01
5.466296193387051305e-01
6.702528480133370659e-01
6.276410113920534162e-01
6.844123367602111818e-01
6.584273409280355649e-01
6.922700750208391485e-01
6.768102250625174232e-01
6.658627396499028350e-01
6.392220061128091046e-01
6.870352875798833026e-01
6.623506529591554060e-01
6.734315087524311849e-01
6.889135871075298123e-01
6.461350375104195631e-01
6.764767991108642242e-01
6.816449013614892527e-01
6.448013337038065451e-01
6.976604612392331983e-01
6.947929980550152651e-01
6.619616560155598961e-01
7.167324256737982457e-01
7.028841344818005377e-01
6.946262850791886656e-01
7.092859127535426911e-01
6.936704640177826509e-01
6.995165323701028059e-01
7.206779661016949889e-01
7.042178382884134447e-01
7.150208391219783355e-01
6.697415948874687608e-01
6.850458460683523931e-01
7.489413726035009100e-01
6.667629897193663169e-01
7.347374270630731008e-01
6.981939427618781835e-01
7.119644345651570116e-01
6.527146429563768226e-01
6.539594331758822321e-01
7.308696860238954596e-01
6.676187829952764385e-01
7.281022506251736415e-01
7.191219783273130606e-01
6.420338983050848380e-01
7.347040844679076921e-01
6.706751875520977624e-01
7.046290636287857456e-01
6.820672409002500602e-01
6.865462628507918996e-01
6.965823839955542773e-01
6.667629897193665389e-01
6.928702417338150621e-01
6.989608224506806966e-01
6.730536260072241816e-01
7.084078910808557783e-01
7.327924423450958846e-01
6.455682133926089472e-01
7.217338149485967858e-01
6.108030008335649796e-01
6.179605445957210286e-01
6.908363434287301263e-01
7.155765490414003338e-01
6.415671019727702262e-01
7.304695748819116652e-01
7.193109196999166732e-01
7.081744929146985834e-01
6.702973048068907591e-01
6.576826896360100649e-01
6.711308696860238676e-01
5.438288413448180147e-01
7.160211169769380435e-01
6.642845234787441155e-01
6.648513475965545094e-01
5.891525423728813937e-01
6.983495415393164985e-01
6.298860794665184226e-01
6.806001667129757404e-01
6.008446790775214819e-01
6.720533481522645847e-01
6.236176715754375710e-01
7.054515143095303475e-01
5.049402611836620869e-01
6.320088913587107449e-01
6.320978049458182424e-01
6.712420116699082673e-01
6.573492636843567549e-01
6.326535148652403517e-01
6.423895526535148282e-01
6.475131981105862744e-01
5.913642678521811025e-01
4.799999999999999822e-01
6.115809947207557773e-01
6.412114476243401251e-01
6.088913587107529501e-01
5.809280355654349304e-01
5.754376215615448764e-01
6.152931369824951036e-01
6.172714642956376174e-01
6.192497916087801313e-01
6.395554320644623036e-01
5.649680466796331846e-01
6.187051958877466395e-01
6.025451514309529966e-01
6.116032231175325684e-01
6.189497082522923410e-01
6.110141706029452724e-01
5.429174770769658043e-01
5.025840511253125698e-01
5.619672131147541716e-01
5.616226729647124660e-01
6.197832731314254495e-01
4.655515420950263605e-01
5.848958043901083537e-01
5.807835509863851220e-01
5.016393442622950616e-01
5.449069185884967137e-01
4.964267852181161733e-01
6.005001389274797763e-01
5.240011114198388498e-01
6.321311475409836511e-01
6.153042511808836101e-01
5.291803278688524959e-01
5.606557377049179447e-01
6.255404278966378850e-01
5.763100861350375359e-01
6.188830230619617456e-01
5.000000000000000000e-01
5.054181717143650943e-01
5.169658238399554850e-01
5.279466518477354819e-01
6.206501806057238557e-01
7.708919144206723972e-01
6.195776604612391880e-01
7.212892470130591871e-01
5.000000000000000000e-01
6.497360377882744897e-01
5.000000000000000000e-01
5.302028341205891060e-01
5.947207557654903276e-01
6.810225062517365480e-01
6.009224784662405838e-01
6.934592942484023581e-01
6.775882189497082209e-01
5.086135037510419732e-01
6.713642678521811735e-01
5.080577938316198638e-01
7.476632397888303139e-01
5.260350097249235635e-01
7.694581828285635972e-01
7.125034731869963611e-01
5.585773826062795377e-01
6.693637121422617575e-01
5.496360100027785078e-01
7.486635176437899108e-01
7.511808835787718852e-01
5.011614337315921652e-01
5.000000000000000000e-01
7.492081133648236246e-01
7.123423173103640149e-01
7.804834676298970653e-01
7.236565712697970998e-01
7.468407891080854899e-01
5.792720200055569979e-01
6.285634898582940222e-01
6.038899694359545212e-01
7.854515143095304186e-01
7.275743262017226876e-01
4.983606557377049384e-01
7.888746874131702391e-01
7.993553764934704375e-01
5.478744095582106510e-01
5.287357599333147862e-01
7.596888024451236010e-01
7.647124201166989321e-01
5.000000000000000000e-01
5.473631564323422349e-01
7.781828285634897480e-01
5.056126701861628492e-01
8.162711864406779760e-01
7.870853014726314489e-01
7.845846068352320124e-01
6.579383161989440509e-01
8.005779383161988338e-01
8.147151986662961587e-01
7.785495971103084667e-01
7.777938316198944602e-01
7.874965268130035279e-01
7.573770491803279992e-01
7.647290914142818030e-01
7.919644345651568607e-01
8.037454848569046684e-01
5.960544595721033456e-01
5.624617949430397168e-01
5.160100027785495813e-01
5.395943317588218768e-01
7.704251180883578964e-01
8.040900250069464850e-01
7.618560711308697275e-01
4.755543206446234961e-01
7.947207557654903942e-01
7.831286468463463102e-01
7.961322589608226252e-01
5.048402333981661938e-01
7.975659905529313143e-01
7.781161433731590416e-01
8.095359822172825126e-01
8.021783828841344555e-01
7.657571547652124444e-01
5.000000000000000000e-01
7.825284801333705076e-01
7.989886079466518298e-01
5.837621561544873439e-01
8.183273131425395919e-01
7.552875798833009746e-01
5.185106974159489068e-01
8.075409836065573499e-01
7.530202834120590660e-01
8.025006946373992589e-01
7.797943873298138762e-01
6.775993331480967274e-01
8.080689080300084148e-01
7.316810225062517770e-01
7.763045290358433492e-01
7.704918032786884918e-01
7.590108363434286964e-01
7.846735204223396209e-01
6.821561544873575578e-01
7.683634342873020273e-01
7.890747429841622473e-01
7.299416504584606002e-01
6.148596832453460115e-01
7.567213114754098857e-01
7.602778549597111191e-01
5.234565156988052470e-01
5.902917477076965458e-01
7.976215615448735141e-01
7.739260905807168189e-01
7.937315921089191928e-01
5.000000000000000000e-01
7.759711030841900392e-01
5.031619894415114702e-01
7.843956654626286218e-01
5.939094192831342323e-01
5.515532092247846796e-01
5.231953320366767857e-01
5.163045290358433403e-01
5.000000000000000000e-01
5.441011392053348716e-01
4.768046679633231033e-01
5.000000000000000000e-01
5.048513475965545894e-01
6.639177549319255078e-01
5.265573770491802641e-01
5.143373159210892220e-01
6.502472909141427948e-01
5.026562934148375295e-01
5.202056126701861682e-01
5.000000000000000000e-01
5.873964990275075682e-01
5.000000000000000000e-01
5.931425395943317191e-01
6.174270630730759324e-01
6.978382884134481934e-01
5.000000000000000000e-01
5.000000000000000000e-01
5.511808835787718186e-01
5.000500138927479465e-01
5.712864684634620938e-01
5.098360655737704805e-01
5.578271742150597845e-01
5.988996943595443767e-01
6.225951653237010719e-01
6.081355932203390546e-01
6.177882745207001758e-01
7.796776882467352232e-01
5.522923034176160373e-01
5.000000000000000000e-01
5.524145595998889435e-01
5.153598221728257212e-01
7.110086135037509969e-01
5.393220338983051310e-01
7.519088635732148473e-01
5.000000000000000000e-01
5.092636843567657223e-01
5.000611280911363421e-01
6.891525423728813715e-01
5.327590997499306313e-01
4.988719088635731325e-01
7.699360933592663825e-01
7.600277854959710533e-01
7.699583217560432846e-01
5.200666851903306132e-01
7.487635454292859150e-01
7.044178938594053418e-01
5.112142261739371918e-01
5.854626285079188586e-01
5.684412336760211737e-01
7.566101694915254861e-01
6.245734926368435858e-01
5.373881633787164214e-01
7.888080022228396437e-01
5.203945540427896699e-01
5.215337593776048219e-01
5.752820227841066725e-01
5.018005001389275188e-01
4.911475409836065231e-01
7.874465129202555813e-01
8.154598499583218807e-01
8.123478744095582460e-01
6.197277021394831387e-01
5.000000000000000000e-01
5.016949152542372614e-01
5.041956098916364759e-01
6.407057515976659623e-01
5.365601555987773441e-01
5.228285634898582890e-01
7.991442067240900338e-01
8.001000277854959375e-01
8.012892470130592582e-01
5.158266185051403330e-01
7.966768546818561170e-01
6.566546262850792015e-01
4.905362600722423250e-01
4.928424562378438401e-01
5.000000000000000000e-01
4.889691580994720566e-01
8.078355098638509979e-01
5.026173937204778674e-01
4.841844956932480626e-01
8.058127257571547908e-01
5.784328980272297471e-01
8.190608502361765852e-01
7.811169769380382766e-01
8.098471797721589205e-01
4.983606557377049384e-01
7.575882189497081809e-01
6.703084190052792657e-01
6.939316476799111122e-01
7.990219505418171275e-01
5.090691858849680784e-01
4.984273409280354783e-01
5.000611280911363421e-01
5.285912753542650888e-01
5.000000000000000000e-01
5.724034454015003437e-01
8.075020839121979099e-01
6.066462906362877217e-01
7.881189219227562326e-01
4.649847179772158556e-01
5.000000000000000000e-01
7.154876354542927253e-01
8.088246735204223103e-01
4.994109474854125374e-01
4.802389552653514859e-01
5.000000000000000000e-01
5.691247568769102205e-01
4.983606557377049384e-01
5.428118921922755469e-01
7.593220338983051043e-01
5.194943039733259660e-01
6.949708252292303712e-01
7.406724090025005314e-01
7.944095582106140974e-01
5.000000000000000000e-01
4.913142539594331781e-01
6.575715476521255543e-01
6.564490136148930510e-01
5.000000000000000000e-01
5.368935815504307651e-01
5.000000000000000000e-01
5.861239233120310033e-01
5.276799110864128783e-01
5.645901639344261813e-01
4.971436510141705734e-01
5.709585996110030370e-01
5.449124756876910780e-01
4.845179216449013726e-01
5.175937760489024431e-01
4.883189774937483074e-01
5.226285079188663918e-01
5.980994720755765659e-01
5.179383161989441486e-01
5.041844956932480804e-01
5.355098638510696896e-01
5.335093081411502736e-01
5.000000000000000000e-01
4.973603778827452304e-01
5.404890247290914385e-01
5.000000000000000000e-01
5.387774381772714172e-01
5.264017782717421712e-01
5.826896360100027872e-01
5.282689636010002854e-01
5.442233953876076669e-01
6.285968324534592089e-01
5.498360655737705160e-01
7.473520422339539060e-01
5.321811614337316199e-01
6.475354265073631765e-01
5.357821617115865465e-01
5.000000000000000000e-01
7.295359822172826636e-01
5.390664073353709229e-01
5.106418449569325446e-01
6.208057793831619486e-01
5.121200333425952600e-01
6.412614615170881827e-01
4.929869408168935374e-01
6.481689358155043879e-01
6.411447624340094187e-01
5.000000000000000000e-01
5.458460683523200796e-01
6.725201444845790855e-01
4.954709641567101586e-01
5.325145873853848189e-01
6.456071130869686092e-01
5.257349263684356622e-01
5.192720200055570556e-01
5.379938871908863662e-01
5.416615726590719992e-01
5.000000000000000000e-01
5.819783273131424739e-01
5.327590997499306313e-01
5.000000000000000000e-01
5.000000000000000000e-01
5.590441789385940385e-01
5.142206168380105691e-01
5.000000000000000000e-01
7.760933592664629455e-01
6.250958599611002864e-01
5.000000000000000000e-01
6.010669630452903922e-01
5.587885523756599415e-01
5.312364545707140007e-01
7.922756321200332685e-01
7.057071408724645556e-01
5.126368435676577073e-01
5.033731592108918740e-01
6.458738538482912128e-01
6.416893581550431325e-01
5.203334259516532168e-01
5.179938871908863485e-01
5.560655737704918167e-01
7.953098082800778013e-01
5.176882467352041939e-01
7.772825784940261551e-01
6.525368157821617165e-01
5.054737427063072941e-01
5.265240344540149664e-01
7.975771047513198209e-01
5.911642122811892053e-01
5.037343706585163394e-01
5.000000000000000000e-01
5.407946651847735930e-01
5.312531258682967605e-01
4.696693525979439010e-01
8.023784384551264637e-01
5.959210891914421548e-01
5.052514587385384948e-01
5.107974437343706375e-01
5.220116699083078293e-01
8.109585996110031392e-01
5.708752431230897928e-01
6.430675187552097327e-01
5.472353431508751864e-01
5.014003889969436134e-01
5.230286190608502972e-01
5.753598221728257744e-01
5.016393442622950616e-01
5.032120033342595278e-01
4.983050847457627386e-01
5.474298416226730524e-01
5.823784384551263793e-01
6.007224228952486866e-01
5.000000000000000000e-01
5.051681022506251395e-01
5.000000000000000000e-01
5.324590163934426190e-01
5.000000000000000000e-01
5.000000000000000000e-01
7.751597666018339439e-01
5.150764101139205797e-01
5.150319533203667755e-01
4.553098082800777768e-01
5.011614337315921652e-01
5.000000000000000000e-01
4.880744651292026060e-01
7.956210058349542091e-01
4.916310086135037283e-01
7.750263962211725310e-01
5.314920811336482087e-01
5.147874409558210740e-01
4.836732425673798685e-01
5.164267852181161356e-01
5.000000000000000000e-01
6.222228396776882109e-01
7.840400111141984096e-01
6.030341761600443995e-01
5.855626562934148627e-01
6.469463739927758805e-01
5.716032231175326439e-01
6.361100305640455810e-01
5.062128368991386518e-01
5.943762156154487331e-01
5.573437065851625238e-01
6.170380661294803115e-01
4.938260627952208992e-01
5.750041678243956733e-01
5.577438177271463182e-01
6.132147818838566966e-01
5.901305918310641996e-01
5.384940261183661647e-01
4.906529591553209224e-01
6.297749374826340230e-01
7.209669352597942726e-01
7.200889135871075819e-01
6.170936371214226224e-01
7.383050847457627297e-01
6.949263684356765669e-01
6.858016115587663997e-01
7.245901639344261014e-01
7.413614893025840535e-01
6.896693525979438189e-01
7.492081133648236246e-01
7.007835509863851176e-01
6.663628785773826335e-01
7.626896360100028360e-01
7.072075576549041731e-01
7.484190052792443204e-01
7.095637677132536902e-01
7.666351764378993572e-01
6.970269519310919870e-01
7.857515976660184309e-01
7.785495971103084667e-01
7.890525145873854562e-01
7.957432620172271154e-01
7.276799110864129450e-01
7.949541539316478111e-01
7.648124479021951583e-01
7.363601000277855135e-01
7.910975270908586765e-01
7.817393720477910923e-01
6.909697138093914281e-01
6.845123645457071859e-01
7.817504862461794879e-01
7.705918310641843849e-01
7.523645457071409526e-01
7.837954987496527082e-01
7.710363989997222056e-01
8.036232286746318731e-01
8.109363712142261260e-01
7.916310086135036617e-01
7.893414837454848509e-01
8.161711586551819719e-01
7.825729369269242008e-01
8.013448180050013470e-01
8.195943317588219035e-01
8.102139483189774172e-01
8.028341205890525689e-01
7.851403167546540107e-01
5.619616560155598073e-01
7.936760211169768819e-01
8.128091136426787156e-01
7.934759655459848737e-01
7.911975548763545696e-01
8.086913031397611196e-01
8.157154765212557557e-01
6.705973881633787714e-01
7.221450402889691977e-01
7.519533203667684296e-01
7.878188385662685533e-01
7.896415671019728633e-01
7.936204501250346821e-01
8.089247013059183145e-01
8.131703250903028479e-01
8.070464017782716937e-01
7.989663795498749277e-01
8.244178938594054484e-01
7.856404556821339202e-01
7.974437343706584080e-01
8.091469852736870028e-01
8.045012503473187859e-01
7.724479021950541036e-01
7.405723812170048603e-01
7.996443456515698323e-01
7.836176715754377131e-01
8.002445123645456349e-01
8.040011114198388764e-01
8.027007502083911561e-01
7.921756043345373755e-01
8.091358710752986072e-01
8.026118366212837696e-01
7.921311475409834602e-01
7.440733537093637828e-01
7.995665462628508413e-01
8.085023617671576179e-01
7.763934426229508468e-01
7.900639066407335598e-01
7.795165323701027660e-01
7.894859683245346593e-01
7.691914420672408825e-01
8.086468463462073153e-01
7.725590441789386142e-01
8.130925257015838570e-01
7.826173937204780051e-01
8.022339538760767663e-01
7.944540150041679016e-01
7.974215059738816169e-01
8.039455404278966766e-01
7.961433731592109098e-01
7.338927479855514857e-01
8.003778827452070477e-01
7.709697138093914992e-01
7.963878855237566112e-01
7.828841344818003867e-01
7.330925257015837859e-01
7.731814392886913190e-01
8.093136982495137133e-01
7.762045012503473451e-01
6.910475131981105301e-01
7.971214226173937156e-01
7.744595721033620261e-01
7.360600166712973902e-01
7.776938038343984561e-01
6.886690747429842219e-01
7.763156432342317448e-01
5.657682689636009954e-01
6.258849680466795906e-01
5.951430953042511351e-01
5.078744095582106155e-01
6.283745484856904095e-01
6.209947207557655613e-01
6.241066963045289739e-01
5.347707696582383319e-01
6.056682411781050268e-01
4.851125312586829219e-01
5.026674076132258140e-01
6.382995276465684986e-01
6.233398166157265718e-01
4.850069463739927755e-01
6.263406501806056959e-01
6.016115587663239950e-01
6.074687413170325456e-01
7.138316198944151258e-01
7.306251736593498691e-01
5.466629619338705393e-01
6.249402611836620824e-01
7.432509030286191809e-01
5.053181439288692012e-01
7.577104751319811982e-01
7.366601833842734148e-01
5.362823006390664560e-01
5.000000000000000000e-01
7.579549874965267886e-01
6.578494026118366644e-01
7.113086968602388982e-01
7.334926368435675803e-01
5.237288135593221039e-01
8.151153098082799531e-01
7.754487357599333386e-01
7.805723812170046738e-01
7.739372047791053255e-01
7.817838288413447856e-01
7.805056960266740784e-01
7.456626840789108979e-01
8.010113920533481480e-01
6.033342595165324118e-01
7.729146985273686044e-01
5.203223117532648212e-01
7.727368713531537203e-01
8.062572936926923894e-01
6.373103639899971862e-01
7.958321756043345019e-01
7.918866351764378697e-01
8.110919699916643300e-01
8.026896360100028716e-01
8.369547096415671517e-01
8.274076132258961769e-01
7.762156154487357407e-01
8.020005557099193494e-01
7.773492636843567505e-01
8.104028896915809188e-01
8.182939705473744052e-01
5.705696026674076382e-01
8.119588774659628472e-01
8.021561544873574423e-01
7.971325368157822222e-01
7.836065573770492065e-01
4.840900250069464228e-01
7.889413726035010566e-01
8.030786329535981594e-01
8.207057515976659001e-01
7.935815504306751311e-01
8.035120866907474735e-01
7.952208946929704148e-01
8.124812447902195478e-01
8.045345929424840836e-01
8.012114476243400452e-01
8.048902472909140737e-01
8.094137260350096064e-01
7.873186996387886438e-01
7.902639622117254570e-01
8.104028896915809188e-01
8.183495415393164940e-01
8.113698249513753291e-01
8.064351208669073845e-01
8.142595165323701645e-01
7.933981661572658828e-01
7.976993609335926161e-01
7.944762434009446928e-01
7.935648791330924823e-01
8.048457904973604915e-01
5.505696026674076204e-01
8.058571825507083730e-01
8.011781050291747475e-01
8.088246735204223103e-01
8.122811892192275396e-01
7.559322033898305815e-01
8.022339538760765443e-01
7.811058627396498810e-01
8.132258960822449367e-01
7.696471242011670988e-01
8.067352042233953968e-01
7.912864684634619561e-01
7.092970269519310866e-01
7.837399277577103973e-01
5.143984440122256752e-01
8.115476521255904352e-01
7.650236176715755620e-01
8.025784940261183609e-01
7.512753542650736360e-01
7.914976382328424709e-01
8.145040288969157549e-01
7.896304529035842457e-01
8.059683245345929947e-01
7.928646846346207866e-01
7.951542095026395973e-01
8.002667407613226480e-01
7.921311475409835712e-01
7.570102806335092804e-01
7.916310086135038837e-01
4.556821339260905823e-01
7.887524312308974439e-01
7.799722145040288712e-01
7.859961100305641324e-01
7.953987218671852988e-01
8.041455959988885738e-01
7.779605445957209486e-01
7.762156154487358517e-01
5.000000000000000000e-01
7.791164212281189716e-01
7.764490136148930466e-01
7.786718532925812619e-01
7.828841344818004977e-01
4.991442067240900449e-01
5.214170602945262800e-01
6.209169213670464593e-01
5.304640177827173453e-01
6.159933314809669103e-01
4.906251736593498225e-01
4.987163100861350395e-01
5.091692136704639715e-01
5.831064184495692304e-01
6.261294804112252921e-01
5.000000000000000000e-01
5.886857460405667819e-01
6.329258127257570976e-01
4.911919977771603274e-01
6.391553209224785093e-01
5.037121422617393263e-01
6.242734092803556845e-01
5.976104473464850519e-01
7.833731592108917896e-01
7.055737704918031428e-01
5.724979160878020945e-01
7.528869130313975422e-01
4.989830508474576432e-01
7.606668519033066289e-01
4.793831619894415308e-01
7.143095304251181332e-01
5.000000000000000000e-01
7.636899138649624330e-01
5.481522645179216502e-01
7.724367879966658190e-01
7.853070297304807212e-01
7.804501250347318786e-01
5.710808557932759433e-01
8.144595721033620617e-01
7.919310919699916740e-01
7.840955821061406095e-01
7.838732981383718101e-01
7.690025006946373809e-01
7.940094470686303030e-01
5.073575993331481682e-01
6.160933592664628033e-01
7.929424840233398886e-01
7.844067796610167953e-01
7.949763823284244912e-01
7.812281189219227873e-01
5.662517365934982561e-01
7.912197832731315827e-01
8.031230897471519636e-01
7.978994165045846243e-01
5.950430675187551310e-01
7.958544040011114040e-01
8.152486801889413659e-01
8.039344262295081700e-01
8.011003056404555345e-01
8.393442622950819665e-01
5.410891914420672411e-01
8.144151153098082574e-01
8.063462072797999980e-01
5.016949152542372614e-01
8.022895248680188551e-01
8.044345651569879685e-01
4.885579327590997556e-01
6.233398166157266829e-01
8.286079466518477821e-01
8.195721033620451124e-01
8.043678799666573731e-01
7.995220894692971481e-01
5.065240344540149486e-01
7.835065295915532024e-01
8.197721589330368985e-01
5.000000000000000000e-01
8.101583773270353284e-01
8.197165879410948097e-01
6.145151430953043059e-01
8.137704918032786505e-01
7.986774103917755330e-01
8.133259238677410519e-01
8.110252848013337346e-01
8.079688802445124107e-01
8.215615448735759108e-01
5.582772992497915254e-01
7.894637399277576462e-01
7.617004723534316346e-01
4.978494026118366333e-01
8.176938038343984916e-01
4.811225340372324855e-01
5.905251458738538517e-01
5.000000000000000000e-01
5.342539594331759956e-01
7.978660739094192156e-01
5.594943039733258905e-01
8.109141428174492239e-01
8.058571825507085951e-01
8.413448180050014935e-01
8.122033898305084376e-01
8.137593776048902550e-01
8.004445679355376431e-01
4.697527090858572008e-01
5.248124479021950561e-01
5.000000000000000000e-01
8.047902195054181806e-01
7.849958321756043134e-01
5.298694081689357960e-01
4.998999722145040514e-01
5.352320088913586904e-01
8.130036121144761374e-01
5.000000000000000000e-01
5.452292303417616282e-01
4.859905529313697792e-01
7.737593776048903305e-01
7.843400944706861999e-01
8.044567935537648706e-01
5.082578494026117610e-01
7.994998610725200239e-01
7.769269241455960540e-01
8.084912475687691114e-01
7.845512642400668257e-01
5.099972214504029377e-01
7.995776604612391258e-01
7.813281467074186804e-01
7.606335093081411092e-01
7.683023061961655742e-01
7.982106140594609212e-01
7.717921644901362122e-01
4.860961378160600921e-01
7.932092247846624922e-01
7.917421505973882834e-01
5.000000000000000000e-01
5.396554598499583300e-01
5.802500694637400258e-01
5.761044734648513854e-01
6.287746596276744260e-01
5.192442345095860112e-01
5.917310363989997102e-01
5.614226173937204578e-01
5.439955543206446142e-01
6.344429008057792529e-01
5.441178105029175205e-01
5.713920533481522401e-01
6.024562378438454990e-01
5.560989163656571144e-01
5.664128924701306023e-01
5.910975270908586099e-01
6.138816337871630946e-01
6.632509030286189988e-01
6.392220061128091046e-01
7.025062517365934234e-01
6.662850791886634205e-01
6.800722422895248975e-01
6.577160322311752516e-01
7.032731314253959365e-01
6.731203111975547770e-01
6.884579049736038181e-01
6.516365657126979016e-01
6.694637399277576506e-01
6.074020561267019502e-01
7.060072242289524569e-01
7.072964712420116706e-01
6.535482078355099311e-01
6.767991108641289166e-01
7.492525701583773179e-01
7.298027229786051562e-01
7.272131147540983331e-01
7.446624062239513009e-01
7.459294248402335015e-01
7.130313976104473150e-01
7.666574048346763703e-01
7.204667963323145852e-01
7.759266462906362349e-01
7.976660183384274294e-01
7.496082245068074190e-01
7.548096693525979672e-01
7.318699638788552786e-01
7.632898027229785276e-01
7.404834676298971408e-01
7.641678243956655514e-01
7.579661016949152952e-01
7.815837732703528884e-01
7.497415948874687208e-01
7.889969435954432564e-01
7.390052792442345364e-01
7.594998610725202104e-01
7.620338983050847226e-01
6.865684912475688018e-01
7.878077243678799357e-01
7.537427063073076638e-01
7.889302584051125500e-01
7.713920533481523067e-01
7.569991664351207739e-01
7.886524034454016618e-01
7.627452070019449248e-01
7.243123089747152132e-01
7.590441789385939941e-01
7.571992220061130041e-01
7.730369547096416216e-01
7.772270075020839553e-01
7.526868574604056450e-01
7.729924979160878173e-01
7.851847735482079260e-01
7.241900527924423070e-01
7.873409280355654349e-01
7.753820505696026322e-01
7.508196721311475308e-01
7.830841900527923949e-01
7.780161155876632595e-01
7.803278688524589723e-01
7.902750764101139636e-01
7.667240900250068547e-01
7.728924701305919243e-01
7.812614615170880850e-01
7.825395943317587921e-01
6.346985273687134610e-01
7.665240344540149575e-01
5.847735482078354474e-01
7.508641289247014461e-01
7.350486246179495087e-01
6.654959711030841163e-01
7.266574048346763348e-01
7.584106696304528938e-01
7.819060850236178029e-01
7.819171992220059764e-01
7.994998610725202459e-01
7.703584328980273011e-01
7.714142817449292089e-01
7.986551819949985198e-01
7.643123089747152488e-01
7.393387051958877354e-01
6.625284801333704010e-01
7.401389274798555462e-01
7.562322867463184828e-01
7.932203389830508877e-01
7.475854404001112119e-01
6.735926646290635311e-01
7.537315921089190462e-01
7.860183384273409235e-01
7.510864128924701344e-01
6.620727979994442958e-01
6.694970825229230593e-01
6.599499861072519735e-01
7.403278688524590478e-01
7.428730202834121776e-01
7.705029174770769984e-01
7.744706863017505327e-01
6.664517921644901310e-01
7.463851069741593847e-01
7.242789663795499155e-01
5.299360933592663914e-01
6.277966101694916201e-01
6.124145595998888858e-01
6.779661016949152241e-01
7.667907752153376721e-01
7.181772714642956634e-01
7.344484579049735951e-01
7.122867463184219261e-01
6.724645734926368856e-01
7.009502639622116060e-01
5.200777993887191197e-01
4.900361211447623599e-01
5.649013614893025892e-01
6.205390386218394561e-01
6.341983884412336625e-01
5.851625451514309573e-01
6.439677688246735476e-01
6.269074742984162008e-01
6.485579327590996757e-01
5.780272297860515884e-01
5.621894970825229709e-01
5.664017782717420957e-01
5.770825229230341913e-01
6.305751597666018338e-01
5.932314531814393277e-01
6.581939427618782590e-01
6.612948041122532761e-01
7.355598777438177027e-01
7.308252292303417663e-01
6.782661850514032365e-01
7.440177827174215830e-01
7.046846346207280565e-01
7.557654904140038710e-01
7.563878855237565757e-01
7.085968324534592799e-01
7.121756043345374154e-01
7.277577104751320469e-01
7.513309252570158359e-01
7.177549319255349669e-01
6.991497638232843093e-01
7.398055015282023472e-01
6.642178382884135202e-01
7.541094748541261605e-01
7.586329535982216932e-01
7.758821894970824307e-01
7.621672686857461354e-01
7.122089469297027131e-01
7.664684634620728687e-01
7.826285079188664007e-01
7.572659071964433775e-01
7.654015004167824543e-01
7.431064184495693725e-01
7.848291191997776028e-01
7.903195332036677678e-01
7.877299249791609448e-01
7.680577938316199837e-01
7.492859127535427266e-01
7.475520978049458032e-01
7.496082245068074190e-01
8.051903306474020861e-01
7.704473464851349096e-01
7.887635454292858395e-01
7.935315365379271846e-01
7.585218116143374045e-01
8.007891080855792376e-01
7.943206446235065998e-01
7.920311197554876781e-01
7.803056404556820702e-01
7.990330647402056341e-01
7.746707418727424299e-01
7.652459016393442504e-01
7.430508474576271727e-01
7.750152820227841355e-01
8.060794665184773944e-01
7.616004445679354085e-01
7.785607113086969733e-01
7.702361767157543948e-01
7.720477910530703092e-01
7.843178660739095198e-01
7.535871075298694599e-01
7.841400388996944137e-01
7.600222283967768000e-01
7.471964434565158131e-01
7.884523478744095426e-01
7.395054181717142239e-01
7.691247568769102871e-01
8.221394831897750333e-01
7.920755765490414824e-01
7.664128924701305579e-01
7.736815782161712285e-01
7.987552097804946349e-01
8.142928591275354622e-01
7.871853292581273420e-01
7.872853570436232351e-01
7.779160878021673664e-01
7.891858849680466470e-01
7.763378716310085359e-01
7.975548763545430297e-01
7.870853014726312269e-01
7.873520422339538305e-01
7.709808280077800058e-01
7.884078910808558494e-01
7.964879133092526153e-01
7.849069185884967048e-01
7.730369547096413996e-01
7.786496248958044708e-01
7.562656293414837805e-01
7.960989163656571055e-01
6.957488191164211688e-01
7.768713531536539652e-01
7.714253959433177155e-01
7.564212281189219844e-01
7.858405112531259284e-01
7.631008613503751370e-01
6.882133926090578946e-01
7.095304251180885036e-01
7.963212003334259048e-01
7.821283689913864912e-01
7.475409836065574076e-01
6.854792998055014852e-01
7.919533203667685761e-01
7.725701583773270098e-01
7.513864962489581467e-01
7.455404278966379916e-01
7.788607946651847636e-01
6.151264240066685041e-01
7.476632397888303139e-01
7.121644901361489088e-01
7.688580161155876835e-01
7.779160878021671444e-01
7.737371492081134283e-01
7.692247846624060692e-01
7.386829674909697330e-01
7.647235343150875497e-01
6.532258960822450167e-01
7.495415393164768236e-01
6.958377327035287774e-01
6.600722422895249908e-01
6.577493748263406603e-01
5.846290636287857501e-01
6.102695193109196614e-01
6.497249235898860942e-01
6.457682689636009554e-01
6.067796610169491345e-01
5.633009169213670786e-01
5.991775493192552648e-01
5.892747985551543000e-01
6.051236454570713130e-01
5.509752709085857791e-01
6.284523478744095115e-01
6.296304529035843256e-01
6.209947207557653392e-01
6.122589608224506819e-01
6.401667129758267238e-01
7.223450958599609839e-01
7.047457627118643986e-01
7.584328980272296850e-01
7.400611280911364442e-01
7.272131147540983331e-01
7.163323145318143403e-01
6.841233676021117871e-01
7.512531258682968449e-01
7.362489580439011139e-01
7.759377604890247415e-01
7.068074465129201567e-01
7.178438455126424644e-01
7.404501250347319541e-01
7.275465407057515321e-01
7.167101972770213436e-01
7.409280355654348504e-01
7.400055570991943554e-01
7.750263962211725310e-01
8.002889691580994391e-01
7.753931647679911388e-01
7.565990552931369795e-01
7.775382050569603631e-01
7.569213670464016719e-01
7.867741039177549300e-01
7.681800500138926679e-01
7.462739649902749850e-01
7.685801611558765734e-01
7.557210336204500667e-01
7.605334815226452161e-01
7.642122811892192447e-01
7.579438732981382820e-01
7.951097527090857930e-01
7.733926090580716117e-01
7.781494859683244503e-01
7.806168380105584781e-01
7.807168657960544822e-01
7.919533203667685761e-01
7.945762711864405858e-01
7.817616004445679945e-01
7.651569880522367528e-01
7.714809669352598043e-01
7.874298416226728214e-01
7.882967490969714497e-01
7.979883300916921218e-01
7.020616838010559357e-01
7.893748263406501486e-01
7.695693248124479968e-01
7.691247568769102871e-01
7.966657404834676104e-01
7.798610725201444716e-01
7.715476521255903997e-01
8.054237288135592809e-01
8.048013337038066872e-01
7.977438177271463093e-01
7.912531258682968804e-01
7.970547374270631202e-01
8.000666851903306398e-01
7.947652125590441985e-01
7.979883300916921218e-01
7.823173103639899928e-01
7.963323145318144114e-01
7.799611003056403646e-01
7.797388163378715653e-01
7.958432898027230085e-01
7.985329258127258356e-01
7.584884690191719958e-01
7.647124201166990431e-01
7.971547652125590133e-01
7.824506807446512946e-01
7.790275076410114741e-01
7.878410669630453445e-01
7.939872186718531788e-01
7.748707974437343271e-01
8.025451514309530632e-01
7.891080855793275450e-01
7.836510141706027888e-01
7.978216171158654113e-01
7.961878299527646030e-01
7.655348707974437561e-01
7.897527090858571519e-01
7.989997221450402254e-01
7.655570991942205472e-01
7.899083078632954669e-01
7.760377882745206346e-01
7.860072242289524169e-01
7.505862739649903359e-01
8.086023895526536220e-01
7.735815504306753354e-01
7.626118366212837341e-01
7.720922478466240024e-01
7.759377604890247415e-01
7.620005557099194249e-01
7.990886357321479450e-01
7.911530980828007653e-01
7.835176437899415980e-01
7.569324812447901785e-01
7.804834676298972873e-01
7.828174492914699023e-01
6.819560989163655496e-01
7.604556821339261141e-01
7.886746318421784530e-01
7.978883023061961177e-01
7.932981383717698787e-01
7.610225062517365080e-01
7.366379549874964017e-01
7.638121700472354503e-01
7.602778549597108970e-01
7.004834676298972163e-01
7.195443178660739791e-01
8.019672131147541627e-01
7.600333425951654176e-01
7.652347874409557438e-01
5.996110030564044679e-01
5.240233398166156409e-01
4.566990830786329392e-01
4.917088080022228858e-01
4.748763545429285360e-01
4.926590719644345917e-01
6.174826340650181322e-01
5.817838288413447190e-01
4.983050847457627386e-01
6.403667685468186210e-01
5.175382050569602432e-01
4.983050847457627386e-01
4.852792442345096324e-01
5.941094748541261295e-01
6.107474298416226688e-01
4.426007224228952208e-01
6.591275354265072606e-01
5.000000000000000000e-01
5.859460961378160082e-01
5.437732703528757039e-01
6.252014448457903217e-01
5.000000000000000000e-01
6.194831897749374372e-01
5.869852736871352672e-01
6.017560433453736923e-01
6.773992775771047192e-01
6.225507085301472676e-01
6.389997221450403053e-01
6.509474854126147125e-01
4.649902750764101644e-01
6.123923312031118726e-01
5.522200611280910776e-01
6.471575437621561733e-01
5.214504028896915777e-01
6.904362322867463320e-01
6.049569324812448246e-01
5.628730202834120178e-01
5.259349819394275594e-01
5.724090025006945970e-01
6.821783828841344599e-01
7.035954431786607399e-01
6.549597110308418291e-01
6.606835232008891889e-01
6.025284801333703477e-01
6.811447624340094542e-01
7.049736037788274512e-01
5.713920533481522401e-01
5.511253125868296188e-01
7.119755487635455182e-01
6.163489858293970114e-01
5.179994442900804907e-01
7.032842456237844431e-01
6.699861072520143512e-01
7.556098916365657781e-01
7.096526813003611878e-01
6.864851347596554465e-01
5.000000000000000000e-01
7.669130313976104674e-01
5.000000000000000000e-01
5.842289524868018447e-01
7.190664073353708607e-01
6.145984995832175501e-01
6.931036398999723680e-01
7.005834954153933314e-01
7.035176437899417490e-01
7.717143651014169992e-01
5.529424840233398974e-01
7.959099749930536039e-01
6.198444012225617916e-01
6.923256460127813483e-01
7.588996943595444078e-01
6.245179216449012749e-01
7.292081133648236069e-01
6.760878021672687144e-01
5.115143095304252041e-01
4.821617115865518000e-01
5.000000000000000000e-01
6.258293970547375018e-01
6.850458460683523931e-01
7.695804390108363924e-01
7.931203111975548836e-01
4.896749096971381165e-01
6.873131425395944127e-01
7.218116143373158877e-01
5.375382050569601500e-01
5.000000000000000000e-01
7.246790775215337099e-01
6.920033342595164338e-01
6.499472075576548935e-01
5.046068352320088879e-01
5.000000000000000000e-01
5.900027785495971511e-01
7.174548485690468436e-01
6.809113642678521483e-01
6.817171436510141014e-01
6.857126979716587911e-01
7.831953320366769056e-01
7.167213114754098502e-01
6.366212836899138861e-01
6.674076132258961458e-01
5.625395943317588188e-01
7.546373992775770034e-01
7.084301194776325694e-01
6.294637399277576151e-01
7.270130591831063249e-01
8.026896360100027605e-01
6.006001667129758914e-01
7.365045846068352109e-01
5.157654904140038798e-01
4.644956932481245082e-01
6.540205612670186852e-01
4.775937760489024630e-01
6.221172547929981755e-01
6.179605445957210286e-01
5.923756599055293171e-01
6.926590719644345473e-01
7.562767435398721760e-01
7.715254237288134975e-01
5.408391219783273973e-01
5.168324534592942943e-01
5.876854681856070739e-01
4.978827452070019310e-01
5.913253681578216625e-01
5.168157821617116454e-01
6.741094748541262005e-01
5.717032509030286480e-01
7.202167268685745194e-01
5.000000000000000000e-01
6.241178105029174805e-01
5.122033898305085042e-01
5.567657682689636234e-01
5.235954431786606911e-01
5.453459294248401701e-01
5.633842734092804339e-01
5.785495971103085111e-01
5.000000000000000000e-01
5.097082522923034320e-01
5.201278132814670663e-01
6.179994442900805796e-01
6.152375659905529037e-01
5.170047235343151470e-01
5.213670464017783335e-01
5.068296749096971032e-01
6.125368157821617920e-01
6.365657126979715752e-01
6.306751875520977269e-01
7.294248402333982639e-01
4.675409836065573810e-01
5.911364267852181609e-01
4.967213114754098213e-01
5.000000000000000000e-01
5.000000000000000000e-01
5.743651014170603197e-01
5.000000000000000000e-01
5.583161989441511874e-01
5.795498749652682191e-01
5.000000000000000000e-01
6.485245901639343780e-01
6.694415115309808595e-01
4.998999722145040514e-01
6.859683245345928881e-01
5.684356765768269204e-01
6.409780494581828192e-01
5.184384551264240582e-01
4.875020839121979033e-01
6.760989163656572210e-01
4.814448457904973444e-01
4.809058071686580504e-01
6.204390108363433409e-01
5.000000000000000000e-01
5.617893859405389545e-01
6.446568491247568478e-01
5.000000000000000000e-01
4.832231175326479611e-01
6.189052514587385367e-01
5.000000000000000000e-01
5.288858016115588478e-01
5.074742984162267101e-01
6.053070297304805614e-01
4.748930258405112403e-01
4.943150875243123021e-01
5.000000000000000000e-01
4.996888024451236476e-01
4.945540427896637503e-01
7.076854681856071805e-01
5.111808835787718941e-01
5.000000000000000000e-01
5.000000000000000000e-01
5.074020561267018614e-01
7.394609613781605306e-01
5.522867463184217840e-01
6.923701028063350416e-01
5.831453181439288924e-01
7.249791608780217222e-01
5.011058627396498544e-01
7.960655737704915857e-01
6.593498193942761709e-01
7.236565712697970998e-01
5.124034454015005124e-01
5.002945262572936480e-01
7.908641289247013706e-01
5.345929424840232258e-01
7.083578771881078318e-01
6.667296471242012412e-01
5.045512642400666881e-01
5.176604612392331495e-01
5.534704084467907403e-01
7.706585162545152023e-01
6.295637677132536192e-01
5.016949152542372614e-01
5.159488746874132392e-01
6.384940261183662535e-01
4.999388719088635469e-01
7.122756321200334195e-01
5.223339816615726328e-01
5.073242567379827594e-01
5.197832731314253607e-01
5.022506251736594818e-01
6.044734648513475639e-01
5.351986662961933927e-01
5.000000000000000000e-01
5.766824117810502859e-01
6.336204501250347620e-01
5.271075298694081201e-01
5.059627674353985860e-01
6.391942206168379492e-01
5.070630730758542981e-01
5.126701861628230050e-01
7.415170880800221465e-01
5.252459016393442592e-01
6.177382606279523403e-01
7.137704918032786727e-01
5.285801611558766933e-01
5.000000000000000000e-01
7.634898582939705358e-01
7.880855793275909349e-01
5.000000000000000000e-01
5.000000000000000000e-01
4.986162823006390910e-01
7.576104473464850830e-01
7.732759099749931808e-01
6.030841900527925681e-01
5.000000000000000000e-01
5.188385662684078525e-01
4.942428452347876200e-01
5.000000000000000000e-01
7.738482911919978280e-01
6.859127535426506883e-01
5.149819394276187179e-01
5.537482634065018505e-01
5.000000000000000000e-01
6.272631286468464129e-01
5.176771325368156873e-01
7.781939427618783656e-01
4.799166435120866825e-01
6.239899972214504320e-01
5.452292303417616282e-01
5.000000000000000000e-01
5.168769102528480985e-01
6.183773270352874718e-01
5.000000000000000000e-01
6.295748819116421258e-01
5.164767991108641931e-01
6.528480133370380134e-01
5.084690191719922758e-01
5.315143095304251109e-01
6.086135037510418400e-01
5.041066963045290894e-01
5.000000000000000000e-01
5.097026951931091787e-01
4.996443456515698989e-01
5.000000000000000000e-01
5.661128091136425899e-01
5.547929980550152518e-01
5.000000000000000000e-01
5.246290636287858078e-01
5.197388163378716675e-01
5.442567379827729646e-01
5.267518755209780190e-01
5.846235065295914968e-01
5.154153931647680320e-01
6.370936371214225291e-01
5.000000000000000000e-01
5.828396776882467378e-01
5.000000000000000000e-01
5.994665184773547706e-01
7.387440955821061861e-01
5.000000000000000000e-01
6.456904695748818535e-01
5.422895248680189573e-01
5.730036121144762573e-01
5.144706863017505238e-01
5.046401778271741856e-01
5.924534592942484190e-01
6.338205056960266592e-01
4.822728535704362551e-01
4.932258960822450966e-01
5.523145318143929394e-01
5.273909419283134836e-01
6.707529869408168643e-01
5.000000000000000000e-01
5.159488746874131282e-01
5.641122534037232850e-01
5.094859683245346327e-01
5.000000000000000000e-01
5.032786885245901232e-01
6.009113642678521883e-01
6.511475409836066097e-01
5.133314809669352607e-01
5.000000000000000000e-01
4.549263684356765758e-01
4.869019171992219341e-01
5.000000000000000000e-01
5.008446790775215041e-01
5.665629341483745529e-01
5.876521255904416652e-01
6.435565434843011356e-01
5.000000000000000000e-01
5.048902472909141403e-01
6.457682689636009554e-01
5.000000000000000000e-01
6.037232564601278106e-01
5.992220061128090691e-01
7.718032786885246077e-01
4.784606835232009248e-01
5.000000000000000000e-01
4.969991664351208760e-01
6.077132536815782471e-01
5.915309808280078130e-01
4.687635454292859438e-01
4.906362878577382736e-01
6.053125868296749257e-01
4.974881911642122789e-01
5.000000000000000000e-01
5.450736315643234242e-01
5.000000000000000000e-01
7.898971936649069603e-01
4.916087802167268261e-01
4.983050847457627386e-01
5.081300361211447125e-01
4.970213948318977226e-01
5.037121422617393263e-01
5.405445957210335273e-01
5.016393442622950616e-01
5.047402056126701897e-01
5.000000000000000000e-01
5.000000000000000000e-01
5.147763267574326784e-01
5.000000000000000000e-01
5.602556265629341503e-01
5.370102806335093071e-01
6.255070853014725873e-01
7.714031675465407023e-01
5.000000000000000000e-01
5.091303139761045315e-01
5.034398444012225804e-01
5.128646846346207600e-01
4.983606557377049384e-01
6.332536815782161543e-01
5.556321200333426136e-01
6.184940261183662358e-01
5.398833009169213826e-01
7.748041122534037317e-01
5.017060294526256570e-01
5.594998610725201438e-01
5.057460405668240400e-01
5.000000000000000000e-01
4.837010280633509129e-01
5.030063906640733773e-01
7.870964156710196225e-01
5.017616004445679678e-01
7.499527646568491246e-01
7.803723256460126656e-01
5.083634342873020184e-01
6.932258960822450522e-01
5.339594331758822365e-01
7.696582383995553833e-01
7.907418727424284643e-01
5.033898305084745228e-01
7.640844679077523072e-01
5.435843289802722023e-01
6.265518199499860996e-01
5.098527368713532404e-01
5.000000000000000000e-01
6.029674909697138041e-01
6.171380939149764266e-01
6.282634065018060099e-01
5.201667129758265062e-01
6.166046123923312194e-01
5.244123367602111507e-01
5.594887468741317482e-01
5.748152264517920607e-01
5.848180050013893627e-01
5.408557932759099351e-01
5.221783828841344288e-01
4.941817171436510003e-01
4.516532370102805949e-01
5.804945818282856163e-01
5.716699083078632393e-01
5.957543762156154443e-01
6.993720477910529976e-01
6.972603500972494039e-01
7.298805223673242581e-01
5.312253403723257161e-01
6.814781883856626532e-01
5.151153098082800197e-01
6.254404001111419920e-01
7.438732981383717746e-01
7.302250625173659637e-01
6.720866907474298824e-01
6.644290080577938129e-01
7.576160044456794473e-01
6.554487357599333430e-01
5.126368435676575963e-01
6.602167268685745771e-01
6.957377049180328843e-01
6.544373437065851284e-01
7.786273964990275687e-01
7.884968046679632359e-01
8.049235898860794824e-01
7.698805223673244047e-01
7.410614059460960412e-01
7.569880522367323783e-01
7.612336760211170228e-01
7.538205056960267658e-01
7.568880244512364852e-01
7.767046401778272546e-01
4.890247290914142564e-01
7.767046401778272546e-01
6.972714642956376885e-01
7.588885801611557902e-01
7.036287857738260376e-01
6.814893025840511598e-01
7.591664351208671224e-01
8.161155876632397721e-01
8.070130591831063960e-01
7.800388996943595776e-01
7.889969435954431454e-01
5.324201166990830680e-01
5.232453459294248432e-01
7.681244790219505791e-01
7.840844679077521029e-01
7.656904695748818490e-01
7.873186996387885328e-01
7.981439288691303258e-01
7.916754654070574659e-01
7.881744929146984324e-01
7.996387885523756900e-01
8.013003612114475427e-01
8.065907196443455884e-01
7.611336482356210187e-01
8.338427340928036280e-01
7.934203945540428959e-01
7.997777160322312451e-01
8.232397888302305233e-01
8.222172825784940242e-01
7.811614337315923029e-01
7.641344818005002537e-01
8.123478744095581350e-01
8.054348430119477875e-01
7.453181439288690813e-01
8.207502083912198154e-01
7.985773826062794178e-01
5.693414837454848776e-01
7.755709919422061338e-01
7.921422617393719667e-01
7.891414281744929538e-01
7.938316198944150859e-01
8.020672409002499448e-01
8.039344262295081700e-01
8.101583773270352173e-01
7.633787163100862472e-01
8.028230063906640623e-01
7.837843845512643126e-01
8.129258127257571465e-01
7.863851069741594202e-01
8.095804390108363169e-01
6.353542650736314634e-01
7.761933870519588385e-01
5.300861350375104530e-01
7.818282856348985899e-01
7.762267296471241362e-01
7.610447346485135212e-01
7.973159210891914705e-01
7.948430119477631894e-01
7.626562934148374273e-01
8.072353431508751953e-01
6.533036954709641186e-01
4.675687691025284809e-01
7.961989441511532206e-01
7.537427063073076638e-01
7.745373714920811281e-01
7.775493192553488697e-01
7.936204501250346821e-01
7.600777993887191109e-01
7.677910530702973801e-01
7.042956376771325466e-01
7.616449013614893238e-01
7.961656015559878119e-01
7.219005279244234963e-01
7.670130591831063605e-01
7.684245623784384804e-01
7.130313976104472040e-01
7.636232286746320597e-01
7.894859683245345483e-01
7.460516810225062967e-01
6.439177549319254901e-01
7.661794943039732519e-01
7.846624062239510033e-01
7.949430397332591935e-01
6.121811614337315799e-01
7.789385940539037545e-01
4.847290914142816654e-01
5.729924979160878618e-01
6.197832731314253385e-01
6.115254237288135775e-01
5.253292581272576145e-01
6.174659627674354834e-01
5.655015282022783918e-01
5.412670186162823471e-01
5.159655459849958881e-01
5.809502639622117215e-01
6.268519033064738899e-01
5.935204223395387224e-01
5.067741039177549034e-01
5.286913031397609819e-01
4.982939705473742875e-01
4.885579327590996446e-01
6.132703528757988964e-01
6.095304251180883037e-01
7.175993331480967630e-01
7.042511808835788534e-01
5.097082522923034320e-01
6.750541817171435977e-01
7.007057515976659046e-01
5.161267018616282343e-01
7.102750764101140035e-01
6.381883856626840990e-01
6.842345095859960757e-01
5.598110586273964406e-01
4.908585718255070729e-01
6.267352042233953480e-01
5.937149208113365884e-01
7.363378716310087224e-01
7.526312864684634452e-01
6.173159210891915327e-01
7.284245623784384449e-01
6.076465684912475407e-01
7.069630452903584716e-01
6.300972492358988264e-01
7.967879966657405166e-01
5.779216449013615531e-01
5.590830786329537005e-01
5.066963045290358014e-01
6.387218671853291951e-01
6.872686857460404974e-01
7.541317032509029517e-01
5.924201166990830103e-01
7.817060294526256836e-01
5.000000000000000000e-01
7.227396499027507470e-01
7.938983050847456813e-01
8.008891358710754638e-01
5.552709085857182592e-01
7.734704084467909357e-01
7.930536260072242882e-01
6.941039177549319650e-01
7.967546540705751079e-01
7.481522645179216058e-01
6.663962211725479312e-01
6.226507363156431607e-01
7.979105307029730199e-01
7.995109752709085305e-01
6.922811892192276551e-01
8.054459572103362941e-01
7.755487635454293427e-01
8.304862461794944029e-01
7.896415671019727522e-01
8.006112809113643536e-01
4.977882745207002357e-01
7.964656849124756022e-01
5.036176715754375754e-01
7.834843011947764113e-01
8.242400666851903424e-01
7.985106974159489335e-01
7.438621839399834901e-01
5.259016393442623727e-01
5.976660183384272518e-01
8.089580439010836121e-01
7.662906362878576516e-01
6.657738260627952265e-01
7.999888858016115378e-01
8.012336760211169473e-01
7.011280911364267121e-01
8.066685190330648014e-01
8.063462072797999980e-01
7.937204779105309083e-01
7.962322867463182963e-01
7.690358432898027896e-01
5.000000000000000000e-01
5.693136982495137222e-01
8.067129758266186057e-01
8.066351764378993927e-01
5.629008057793831732e-01
8.039233120311197744e-01
7.901639344262294529e-01
8.320644623506530113e-01
8.111253125868297387e-01
8.016226729647123461e-01
5.369991664351208005e-01
7.575326479577662031e-01
4.949208113364823580e-01
7.892081133648236602e-01
5.403723256460127855e-01
5.260461239233119590e-01
8.018894137260350607e-01
7.525590441789385965e-01
7.910530702973048722e-01
5.336371214226174331e-01
6.441567101972769382e-01
5.233953876076687939e-01
7.987774381772714261e-01
5.159266462906363371e-01
7.996332314531815477e-01
6.093136982495137577e-01
7.585329258127258001e-01
7.576993609335925806e-01
8.015559877743818618e-01
5.290691858849680962e-01
4.722367324256738219e-01
7.950430675187551977e-01
7.892303417616004513e-01
6.733759377604889851e-01
5.224506807446512857e-01
7.539427618782995610e-01
4.759210891914421038e-01
7.815059738816338974e-01
6.585718255070852623e-01
6.933036954709641542e-01
7.262906362878578381e-01
5.221894970825229354e-01
4.925868296749097430e-01
5.479799944429006864e-01
5.099861072520145422e-01
5.246123923312031589e-01
5.575382050569602788e-01
5.101028063350930841e-01
5.039233120311198411e-01
5.514198388441233778e-01
5.409058071686579927e-01
5.846735204223395543e-01
6.721867185329257754e-01
5.492136704640177003e-01
6.342595165323702266e-01
5.702139483189774261e-01
6.331758821894971634e-01
5.555432064462351160e-01
7.577104751319810871e-01
5.664795776604613087e-01
4.945373714920811570e-01
6.350097249235898689e-01
5.028730202834119645e-01
5.659905529313697947e-01
5.286301750486246398e-01
5.464406779661017399e-01
5.311308696860239653e-01
5.642011669908307825e-01
5.023284245623784727e-01
5.635843289802722200e-01
7.696137816060016901e-01
5.230397332592386928e-01
7.577660461239232870e-01
6.022339538760766997e-01
5.271353153653792756e-01
6.698193942761878628e-01
6.363212003334259848e-01
7.945207001944984970e-01
7.736037788274521265e-01
7.653014726312865612e-01
5.265684912475687707e-01
4.841289247013058628e-01
7.743928869130314308e-01
6.784440122256182315e-01
5.524923589886079345e-01
6.162156154487357096e-01
5.782550708530147521e-01
5.480800222283968015e-01
6.550819672131147353e-01
6.486801889413725819e-01
4.925979438732980831e-01
5.000000000000000000e-01
7.826507363156431918e-01
5.016949152542372614e-01
7.768157821617116543e-01
5.112697971658795026e-01
6.591719922200611759e-01
5.941317032509030316e-01
6.782884134481801386e-01
5.485801611558766000e-01
7.881856071130869390e-01
6.042345095859961157e-01
6.537093637121422773e-01
4.925090302861906411e-01
5.095915532092247791e-01
5.189886079466519142e-01
8.038121700472352638e-01
5.098360655737704805e-01
7.792942484023339667e-01
5.013781606001667113e-01
5.605390386218394028e-01
8.032231175326479677e-01
6.423728813559321793e-01
8.141039177549318495e-01
6.183773270352875828e-01
8.178938594053903888e-01
5.000000000000000000e-01
5.164934704084467310e-01
5.237899416504584460e-01
7.899861072520145688e-01
5.200611280911364709e-01
7.795832175604333614e-01
7.423728813559322681e-01
5.000000000000000000e-01
7.318477354820782654e-01
4.946707418727425143e-01
6.113698249513753735e-01
4.898694081689358715e-01
7.944095582106140974e-01
7.965212559044180241e-01
5.337816060016671305e-01
8.112809113642678316e-01
7.568880244512364852e-01
4.999444290080578557e-01
5.017838288413448700e-01
6.287079744373436085e-01
7.951875520978050060e-01
5.000000000000000000e-01
6.038121700472353082e-01
5.388052236732425726e-01
8.026785218116143650e-01
5.232120033342595455e-01
8.000444567935538487e-01
6.511697693803835119e-01
5.129313698249513553e-01
8.032453459294247589e-01
7.968435676576826054e-01
8.003000833564879457e-01
5.208168935815504774e-01
7.825395943317587921e-01
5.412725757154766004e-01
7.946540705751597988e-01
7.628674631842178311e-01
7.362711864406779050e-01
7.795165323701028770e-01
7.912642400666851650e-01
7.749041400388997358e-01
5.032786885245901232e-01
5.280411225340372328e-01
5.170991942206167868e-01
7.939983328702417964e-01
7.648791330925257537e-01
5.139594331758822188e-01
5.000000000000000000e-01
7.623562100583496370e-01
5.000000000000000000e-01
7.679688802445122642e-01
7.781828285634898590e-01
5.117532647957766523e-01
5.633898305084745761e-01
5.589219227563212433e-01
6.341205890525145605e-01
6.279299805501528109e-01
6.113920533481522757e-01
5.958099472075576442e-01
5.380272297860517750e-01
5.294692970269520016e-01
6.365212559044179930e-01
5.339260905807168278e-01
6.368880244512364897e-01
5.139427618782994589e-01
6.125479299805501876e-01
5.482078355098638500e-01
6.095026396221172593e-01
5.170602945262572359e-01
7.212781328146706805e-01
7.301806057238121594e-01
7.234009447068630028e-01
7.184217838288413649e-01
6.535370936371214245e-01
6.819449847179772650e-01
6.238955265351485702e-01
7.030508474576270261e-01
7.368491247568769165e-01
7.007613225896082154e-01
6.733314809669352918e-01
6.935259794387329535e-01
7.303473186996387589e-01
6.987274242845233907e-01
7.416504584606835593e-01
7.042622950819672489e-01
7.629786051681022307e-01
7.630564045568213327e-01
7.520422339538761491e-01
7.826062795220896096e-01
7.337038066129480951e-01
7.916087802167267595e-01
7.970658516254516268e-01
7.288913587107530567e-01
7.646235065295914346e-01
7.719699916643512072e-01
7.513309252570159469e-01
7.143873298138372352e-01
7.840288969158100141e-01
7.291914420672409580e-01
7.453959433175880722e-01
6.986940816893580930e-01
8.087135315365380217e-01
7.847846624062240206e-01
8.076687968880243984e-01
7.944317866073908885e-01
8.088913587107529057e-01
7.773937204779105548e-01
8.137149208113365617e-01
6.503917754931926032e-01
7.663906640733537667e-01
7.864629063628786332e-01
8.049235898860793714e-01
8.116587941094748349e-01
7.874298416226730435e-01
7.556098916365657781e-01
7.766601833842734504e-01
7.640677966101694363e-01
7.917421505973882834e-01
8.008557932759099440e-01
7.944984717977215949e-01
7.330814115031953904e-01
7.855848846901916094e-01
7.784717977215893647e-01
7.278577382606280510e-01
7.837288135593221128e-01
7.965657126979717173e-01
7.308252292303416553e-01
7.993331480966935354e-01
6.674076132258960348e-01
7.779049736037788598e-01
8.066796332314531970e-01
7.853959433175882188e-01
7.868852459016394407e-01
8.012559044178937384e-01
8.083912197832732183e-01
6.348318977493747628e-01
7.895971103084189480e-01
8.161378160600166742e-01
7.292803556543485666e-01
8.039010836343427613e-01
7.937427063073074773e-01
7.949430397332593046e-01
8.006001667129758470e-01
7.952431230897470948e-01
7.874298416226729325e-01
7.796832453459293655e-01
7.291469852736871538e-01
7.926201722700750851e-01
7.333259238677409808e-01
7.505751597666017183e-01
7.697026951931091876e-01
8.025451514309529522e-01
7.426173937204779696e-01
7.969547096415670051e-01
7.982772992497915165e-01
7.933537093637120785e-01
7.765601555987774463e-01
7.644345651569881550e-01
7.792275632120033713e-01
7.718143928869130033e-01
7.750930814115031264e-01
7.842845234787442221e-01
7.908530147263128640e-01
7.728480133370380090e-01
7.099749930536259912e-01
8.019227563212003584e-01
7.202667407613224659e-01
7.611892192275633295e-01
7.313475965545983559e-01
7.674909697138094788e-01
7.808057793831619797e-01
7.386051681022506310e-01
7.781272575715477702e-01
7.565434843011947796e-01
7.774159488746873459e-01
7.966990830786327971e-01
5.792831342039455045e-01
7.398833009169214492e-01
6.177716032231175269e-01
7.740038899694360319e-01
7.740261183662128230e-01
5.938983050847458367e-01
5.115087524312308398e-01
5.443623228674632220e-01
6.405001389274798118e-01
6.103917754931926787e-01
5.528313420394553868e-01
5.146985273687135765e-01
5.484190052792443648e-01
6.065684912475688417e-01
6.123478744095581794e-01
5.938427340928036369e-01
6.483912197832731872e-01
6.454459572103361520e-01
6.382995276465686096e-01
6.369435954431785785e-01
5.810502917477076146e-01
7.104751319811059007e-01
7.655348707974437561e-01
6.685412614615171556e-01
7.476632397888303139e-01
7.564101139205334778e-01
7.255015282022783119e-01
7.119977771603223093e-01
7.603111975548761947e-01
7.551208669074742641e-01
7.403056404556822567e-01
7.701472631286467863e-01
7.004834676298972163e-01
7.513420394554042314e-01
7.023839955543205171e-01
7.436954709641567796e-01
7.230564045568214082e-01
7.638566268407891435e-01
7.857738260627953331e-01
7.835398721867185001e-01
7.542650736315641424e-01
7.851958877465963216e-01
7.461628230063908074e-01
7.766268407891080416e-01
7.868852459016393297e-01
7.548041122534036029e-01
7.472631286468462974e-01
7.828841344818004977e-01
7.986440677966100132e-01
7.769713809391497472e-01
7.683578771881078850e-01
8.035232008891358690e-01
8.069797165879409873e-01
7.638232842456237348e-01
7.943317588218949954e-01
7.994554042789663306e-01
7.908419005279243574e-01
7.760266740761321280e-01
8.045790497360378879e-01
7.728035565434843157e-01
8.026340650180605607e-01
7.883078632953597342e-01
8.014337315921089555e-01
7.894859683245346593e-01
7.922422895248679708e-01
8.013003612114475427e-01
7.772158933036955597e-01
8.154376215615448675e-01
8.037232564601277662e-01
8.030119477632675640e-01
7.822728535704361885e-01
7.958655181994997996e-01
8.205612670186163138e-01
7.935759933314809889e-01
7.990997499305363405e-01
7.928757988330092932e-01
7.794943039733259749e-01
7.581883856626839835e-01
7.829508196721310931e-01
8.148819116421229802e-01
8.008224506807446463e-01
7.927535426507363869e-01
7.965101417060294064e-01
7.968769102528479031e-01
7.833953876076689138e-01
7.753042511808835302e-01
7.769269241455961650e-01
8.123701028063349261e-01
8.073353709363711994e-01
7.883300916921367474e-01
8.033231453181438608e-01
7.956765768268965200e-01
8.125034731869964499e-01
7.802167268685745727e-01
8.084801333703806048e-01
7.894303973325923485e-01
7.962545151430953094e-01
7.861072520144484210e-01
8.092358988607947223e-01
7.967991108641288012e-01
8.052459016393442859e-01
7.765934981939428550e-01
7.791497638232842693e-01
7.820394554042788826e-01
7.842845234787440001e-01
8.018560711308697631e-01
7.913976104473465778e-01
8.042122811892193912e-01
7.829730480689081062e-01
7.840066685190332230e-01
7.799055293136982758e-01
7.781939427618782545e-01
7.891191997777161626e-01
8.005890525145873404e-01
7.971547652125592354e-01
8.049347040844679890e-01
7.764712420116699487e-01
7.907529869408168599e-01
7.821950541817171976e-01
7.754376215615448320e-01
8.113698249513754401e-01
7.682578494026117699e-01
7.804056682411781853e-01
7.974881911642123233e-01
7.908641289247013706e-01
7.792609058071686690e-01
7.559099749930535683e-01
7.063073075854403582e-01
7.880522367324257482e-01
6.874687413170326167e-01
7.569213670464017829e-01
7.498305084745762183e-01
7.781939427618782545e-01
6.350986385106973664e-01
5.667129758266185036e-01
5.415448735759933463e-01
5.871631008613503733e-01
6.561378160600166431e-01
6.215726590719644618e-01
5.888191164212280837e-01
5.064017782717421534e-01
6.121811614337315799e-01
6.561044734648512344e-01
5.572881355932202130e-01
6.122033898305083710e-01
5.852292303417615527e-01
5.760044456793553813e-01
6.214392886913031600e-01
5.060516810225061946e-01
7.298249513753821693e-01
7.142761878299528355e-01
7.109974993053627124e-01
7.252459016393443259e-01
7.207779938871909930e-01
7.509974993053626369e-01
6.923478744095581394e-01
7.365379272020005086e-01
7.563878855237565757e-01
7.518310641844957454e-01
7.502417338149485193e-01
6.399666574048347156e-01
7.321589330369546733e-01
7.640233398166158540e-01
7.449069185884968913e-01
7.465184773548207975e-01
4.881633787163100480e-01
7.884523478744096536e-01
7.954098360655738054e-01
7.731814392886912080e-01
7.927535426507362759e-01
7.878521811614338510e-01
8.090247290914143186e-01
7.848402333981661094e-01
7.990997499305361185e-01
7.701806057238123060e-01
7.846068352320089145e-01
7.982439566546262188e-01
7.842400666851904179e-01
7.783606557377048540e-01
7.945984995832175990e-01
7.832620172270075010e-01
8.040233398166156675e-01
7.966990830786329081e-01
8.158155043067519818e-01
8.222061683801056287e-01
8.239955543206445299e-01
8.213614893025840136e-01
8.031342039455404702e-01
8.310086135037511035e-01
8.150041678243956644e-01
8.123145318143927263e-01
8.154153931647679654e-01
8.054681856071130852e-01
8.015448735759933552e-01
8.001333703806612352e-01
8.136704640177827574e-01
7.820727979994442913e-01
7.936982495137537841e-01
8.088802445123646212e-01
8.048124479021950828e-01
7.896193387051959611e-01
8.039566546262850721e-01
7.906418449569323492e-01
8.170380661294804892e-01
7.966546262850791038e-01
8.168824673520422852e-01
7.994887468741316283e-01
8.084690191719922092e-01
8.022672964712420640e-01
8.305751597666017894e-01
7.963878855237566112e-01
8.083134203945540053e-01
8.170158377327034760e-01
8.073909419283133992e-01
7.957877188107806976e-01
6.143706585162546085e-01
8.073798277299250037e-01
7.981328146707419302e-01
8.025006946373993699e-01
8.021450402889691578e-01
8.239844401222561343e-01
8.090691858849681228e-01
8.001555987774382483e-01
8.117921644901362477e-01
7.958544040011115150e-01
8.157488191164211644e-01
8.037343706585162728e-01
7.954209502639622009e-01
7.985773826062795289e-01
8.036787996665739620e-01
7.966101694915254106e-01
8.082689636010002010e-01
8.038343984440121659e-01
8.054126146151708854e-01
7.929313698249513820e-01
8.016004445679354440e-01
7.818616282300638876e-01
8.055015282022784939e-01
7.955432064462349961e-01
7.848846901917199137e-01
7.988107807724368348e-01
8.049791608780216823e-01
7.990108363434286209e-01
8.016004445679355550e-01
7.905751597666019759e-01
7.928980272297859733e-01
7.368713531536537076e-01
7.973325923867740084e-01
7.850847457627118109e-01
7.974881911642122123e-01
7.702472909141429014e-01
8.038343984440122769e-01
7.580994720755764860e-01
7.793387051958876599e-01
7.998110586273964318e-01
7.777382606279521493e-01
7.775604334537371543e-01
7.508974715198665217e-01
7.416504584606835593e-01
7.825729369269242008e-01
6.829786051681022707e-01
