8.414615170880799244e-01
7.641567101972770448e-01
8.295526535148650682e-01
8.444679077521534127e-01
8.384217838288413605e-01
8.334981939427618114e-01
8.230063906640734395e-01
6.280300083356487040e-01
7.529535982217283596e-01
8.437343706585163083e-01
7.767379827729925523e-01
8.104695748819117362e-01
8.324312308974715080e-01
6.827674353987218669e-01
8.110141706029452280e-01
8.327202000555710137e-01
8.203167546540705013e-01
8.171492081133647778e-01
8.415226451792163775e-01
8.114920811336483464e-01
8.163267574326200648e-01
8.041789385940539825e-01
7.420005557099194071e-01
7.933648235621004741e-01
8.356988052236733466e-01
7.467185329258126947e-01
8.156821339260906800e-01
8.192220061128090425e-01
7.192275632120033180e-01
8.228952486801889288e-01
8.163045290358433848e-01
8.478799666574048377e-01
8.169269241455959785e-01
8.405668241178104738e-01
7.056293414837455646e-01
8.190497360377884117e-01
7.524701305918310990e-01
8.139483189774936456e-01
8.348318977493747184e-01
8.417671575437621900e-01
8.289858293970546743e-01
8.089247013059183145e-01
8.164823562100582688e-01
8.389330369547095545e-01
7.966046123923311573e-01
8.198610725201445071e-01
8.107363156432343398e-01
8.358988607946651328e-01
8.352542372881356370e-01
8.385996110030564665e-01
8.111030841900528365e-01
8.258960822450680528e-01
8.052792442345095836e-01
8.241511530980827338e-01
8.110030564045567214e-01
8.346540705751597233e-01
8.229952764656849329e-01
8.257738260627951465e-01
8.111919977771604451e-01
8.113475965545984270e-01
8.279744373437065708e-01
8.128813559322034532e-01
6.434342873020284514e-01
8.105807168657961359e-01
8.158043901083635863e-01
8.282967490969714852e-01
8.118699638788551276e-01
8.116587941094748349e-01
8.238955265351485258e-01
7.980994720755765215e-01
7.978549597110309310e-01
7.761267018616282432e-01
7.814726312864683777e-01
8.371769936093359510e-01
8.136704640177827574e-01
8.073909419283133992e-01
7.991108641289247361e-01
8.102806335093081236e-01
6.844679077521533817e-01
8.061461517088079898e-01
8.213170325090302093e-01
7.984551264240067336e-01
8.077465962767435004e-01
5.400833564879132798e-01
7.838844123367603167e-01
8.238844123367602412e-01
8.009558210614058371e-01
8.202834120589053146e-01
8.115254237288136441e-01
7.228341205890526089e-01
8.213948318977493113e-01
8.069241455959990095e-01
6.709141428174493216e-01
8.143150875243123643e-01
7.790830786329535629e-01
8.214948596832452044e-01
8.173048068908030928e-01
8.140261183662128586e-01
7.184884690191719603e-01
7.367490969713809124e-01
7.636787996665739264e-01
8.065573770491804018e-01
7.813170325090303958e-01
7.967879966657406277e-01
8.187385384829118928e-01
8.088357877188108169e-01
7.980050013892747707e-01
8.124590163934425346e-01
7.984217838288412139e-01
7.896860238955265565e-01
8.143484301194776620e-01
7.317810502917476700e-01
8.057682689636009865e-01
7.681355932203390857e-01
7.966768546818561170e-01
8.124145595998888414e-01
7.963323145318144114e-01
6.896360100027785212e-01
7.829841622672965018e-01
8.075131981105863055e-01
7.746596276743538123e-01
7.977771603223117181e-01
8.014670741872742532e-01
8.161822728535703675e-01
8.044845790497361371e-01
7.987329813837177328e-01
8.012892470130592582e-01
8.050458460683522777e-01
8.395443178660737527e-01
8.365657126979716418e-01
8.283801055848846184e-01
7.178438455126423534e-01
8.078355098638509979e-01
8.468018894137259167e-01
8.087579883300917150e-01
8.161322589608224209e-01
6.189830508474576387e-01
8.204945818282857184e-01
8.494248402333981485e-01
8.295415393164768947e-01
8.116921367046401325e-01
8.227063073075854271e-01
8.179716587941094907e-01
8.342539594331759290e-01
5.000000000000000000e-01
8.368324534592942454e-01
8.415115309808279820e-01
8.158821894970824662e-01
8.307418727424284999e-01
8.296637954987496899e-01
8.327646568491247070e-01
8.459905529313697103e-01
8.370769658238399469e-01
8.384328980272297560e-01
8.365545984995832463e-01
8.289636010002777722e-01
8.150708530147263708e-01
6.768435676576827209e-01
8.172936926924145862e-01
8.045123645457071815e-01
8.496248958043900457e-01
8.080133370380661040e-01
8.144818005001389638e-01
8.485023617671576535e-01
8.146318421783829145e-01
8.225173659349818145e-01
8.194276187829951930e-01
8.393776048902472642e-01
8.260516810225062567e-01
8.353431508752431345e-01
8.354765212559044363e-01
8.097471519866628054e-01
8.438455126424007080e-01
8.395776604612391614e-01
8.235287579883299180e-01
8.364767991108642553e-01
7.987774381772716481e-01
8.297527090858571874e-01
8.137816060016672681e-01
8.202722978605168080e-01
8.311975548763543831e-01
8.227174215059738227e-01
8.240066685190329254e-01
8.007779938871908421e-01
8.336315643234230022e-01
8.146040566824117590e-01
8.125145873853847345e-01
8.142928591275355732e-01
8.339649902750765342e-01
8.171380939149763822e-01
8.095859961100305702e-01
5.000000000000000000e-01
8.200833564879133064e-01
8.204945818282857184e-01
4.891636565712698115e-01
8.099360933592664180e-01
8.089469297026951056e-01
8.281078077243678726e-01
8.226285079188663252e-01
5.000000000000000000e-01
8.153709363712142721e-01
8.244845790497359328e-01
8.261405946096138653e-01
8.095359822172825126e-01
8.166046123923312861e-01
8.176604612392331939e-01
8.105696026674076293e-01
5.651958877465963482e-01
8.340094470686301165e-01
8.144929146985273594e-01
8.130480689080301637e-01
8.072909141428173951e-01
8.115921089191442395e-01
5.000000000000000000e-01
8.048013337038064652e-01
6.803111975548763457e-01
8.239177549319256499e-01
8.217171436510141147e-01
7.973770491803278126e-01
8.156932481244789646e-01
8.215393164767991196e-01
5.000000000000000000e-01
8.044567935537649817e-01
8.193053626007222867e-01
4.843678799666573109e-01
8.063017504862461937e-01
7.971769936093360265e-01
8.114698527368712222e-01
8.245290358432898481e-01
8.138927479855515568e-01
8.059238677410391904e-01
7.973325923867740084e-01
8.115143095304251375e-01
7.953320366768547034e-01
8.181550430675188501e-01
8.078466240622395045e-01
8.038788552375659702e-01
7.816560155598777371e-01
8.216615726590720259e-01
8.015226451792164530e-01
7.968657960544595076e-01
7.796276743539871656e-01
7.994331758821895395e-01
8.074242845234786969e-01
8.151153098082801751e-01
5.232509030286189855e-01
8.054459572103360721e-01
7.978438455126424245e-01
8.054126146151707744e-01
8.134370658516254515e-01
8.043567657682690886e-01
8.002445123645457459e-01
7.906751875520978690e-01
4.967713253681578234e-01
8.087246457349264173e-01
7.846735204223395099e-01
8.375215337593776566e-01
8.461128091136427276e-01
8.276632397888302739e-01
8.207057515976661222e-01
8.549374826340649935e-01
8.286857460405667730e-01
8.254515143095304541e-01
8.427340928035564893e-01
8.222061683801055176e-01
8.139372047791053610e-01
8.342873020283412266e-01
8.520700194498471713e-01
8.227063073075854271e-01
8.348652403445401271e-01
8.150652959155321176e-01
8.409391497638232238e-01
8.262628507918867715e-01
8.219060850236177274e-01
8.396332314531813612e-01
6.883356487913308008e-01
8.158933036954709728e-01
8.420338983050847936e-01
8.308752431230896907e-01
8.332870241733815186e-01
8.430230619616561061e-01
8.434342873020281850e-01
8.018782995276465542e-01
8.461128091136426166e-01
8.413559322033898891e-01
8.224840233398167388e-01
5.016393442622950616e-01
8.459905529313698214e-01
8.325312586829675121e-01
8.324534592942482991e-01
5.811447624340093654e-01
8.282967490969713742e-01
5.000000000000000000e-01
8.281300361211447747e-01
8.242622950819672445e-01
8.276410113920533718e-01
8.318421783828843230e-01
8.168824673520422852e-01
8.371103084190052446e-01
8.400111141983883645e-01
8.199833287024171913e-01
8.370436232286746492e-01
8.237176993609336417e-01
8.383439844401222585e-01
8.044790219505417728e-01
8.314198388441234044e-01
8.463906640733538378e-01
8.046679633231452744e-01
8.303306474020560879e-01
8.118921922756321408e-01
7.999110864128924359e-01
8.199055293136982003e-01
8.424117810502916859e-01
8.216615726590720259e-01
8.201611558766322974e-01
8.152486801889413659e-01
8.273742706307307682e-01
7.096860238955264855e-01
8.269519310919700716e-01
8.411003056404555700e-01
8.317754931925536166e-01
5.622339538760766642e-01
8.222950819672130152e-01
8.304862461794942918e-01
5.624451236454570680e-01
8.098027229786051162e-01
8.217171436510142257e-01
8.270408446790775692e-01
8.224395665462629346e-01
8.096693525979440365e-01
8.147374270630729498e-01
8.176493470408445763e-01
5.175826618505140475e-01
8.419227563212003940e-01
8.023339816615726594e-01
8.156932481244789646e-01
8.039899972214503698e-01
8.231453181439289946e-01
5.177271464295638559e-01
8.241511530980827338e-01
8.335315365379272201e-01
7.938538482911919880e-01
5.188330091692137103e-01
8.291525423728813848e-01
8.407001944984717756e-01
8.086135037510419066e-01
8.129258127257571465e-01
8.000777993887191464e-01
6.238177271464295792e-01
6.591719922200610648e-01
5.238232842456238547e-01
7.946762989719367010e-01
8.104362322867463275e-01
7.843345373714920576e-01
8.140150041678244630e-01
8.095248680188941170e-01
5.000000000000000000e-01
7.994887468741316283e-01
5.000000000000000000e-01
6.331536537927201502e-01
4.590108363434287075e-01
4.960377882745206080e-01
4.677410391775492782e-01
8.095582106140595258e-01
8.195609891636566058e-01
8.103139761044735323e-01
8.111919977771603341e-01
4.769880522367324627e-01
6.441011392053348494e-01
5.003556543484301011e-01
8.110475131981106367e-01
8.028785773826062622e-01
5.289524868018894432e-01
5.000000000000000000e-01
5.828507918866352444e-01
8.045568213392607637e-01
8.096360100027786277e-01
8.153153653792719613e-01
8.000388996943594844e-01
5.000000000000000000e-01
7.988218949708251193e-01
7.936315643234232997e-01
8.044234509585994619e-01
8.040233398166157786e-01
7.807613225896082865e-01
8.191831064184497135e-01
6.708641289247012640e-01
8.064684634620727932e-01
7.006835232008892245e-01
7.601555987774382128e-01
8.222728535704361130e-01
8.021450402889691578e-01
7.934203945540427849e-01
7.993220338983050288e-01
7.322145040288968731e-01
7.315921089191441684e-01
7.725479299805502187e-01
8.094359544317867305e-01
7.871408724645735377e-01
7.539316476799110545e-01
7.934537371492080826e-01
7.881522645179215303e-01
8.029452625729367465e-01
7.470519588774658937e-01
7.964434565156987000e-01
7.547207557654904697e-01
7.939983328702417964e-01
7.970769658238399114e-01
7.650125034731869444e-01
7.664351208669074600e-01
7.773048068908030572e-01
6.928924701305918532e-01
7.995109752709085305e-01
8.097249235898860142e-01
7.559766601833841637e-01
8.048124479021949718e-01
7.802056126701860661e-01
7.975215337593777321e-01
8.174826340650180878e-01
7.133870519588774162e-01
7.528313420394554534e-01
7.943095304251180933e-01
7.950764101139204953e-01
7.621116976938038245e-01
8.047235343150875853e-01
8.226396221172548318e-01
7.749485968324534291e-01
7.842845234787441111e-01
7.760489024729091412e-01
7.729924979160878173e-01
7.265684912475687263e-01
7.967768824673520101e-01
7.577327035287578783e-01
7.865518199499859087e-01
7.981661572659071169e-01
6.794220616838011484e-01
7.932870241733815941e-01
7.672353431508751598e-01
7.852959155320922147e-01
7.824062239510976013e-01
7.874187274242845369e-01
7.913976104473464668e-01
7.825618227285358053e-01
7.823173103639899928e-01
7.142539594331758224e-01
7.137538205056960239e-01
8.143484301194777730e-01
7.864740205612671398e-01
7.644901361489303548e-01
7.565212559044178775e-01
7.804056682411781853e-01
7.344484579049735951e-01
7.684912475687691868e-01
7.860739094192832344e-01
7.888524590163934480e-01
7.700694637399277953e-01
7.637565990552931394e-01
7.904417893859405631e-01
7.981105862739649170e-01
7.749708252292304422e-01
7.876187829952763231e-01
7.565101417060295930e-01
7.577438177271464959e-01
7.870630730758544358e-01
7.632231175326480432e-01
7.833842734092804072e-01
7.867074187274243346e-01
7.693359266462905799e-01
7.804612392331203852e-01
7.899972214504029644e-01
7.745262572936927326e-01
7.551986662961933661e-01
7.624228952486801214e-01
7.511419838844124452e-01
7.740483467629896142e-01
7.659238677410390439e-01
7.473186996387884973e-01
7.693581550430674820e-01
7.784273409280356715e-01
7.737038066129480196e-01
7.665351486524033531e-01
7.621116976938038245e-01
7.611336482356210187e-01
7.743817727146429242e-01
7.948763545429287092e-01
7.928757988330090711e-01
7.931314253959433902e-01
7.661461517088079543e-01
7.926646290636287784e-01
7.800277854959710711e-01
6.995609891636564992e-01
7.910419560989163656e-01
7.611447624340094142e-01
7.578771881078077977e-01
7.507418727424284288e-01
7.625229230341763476e-01
7.486968602389552085e-01
7.648791330925257537e-01
7.472631286468464085e-01
7.378827452070019222e-01
7.586218393998332976e-01
7.536204501250346466e-01
7.493525979438733220e-01
7.717365934981940123e-01
7.558766323978882706e-01
7.758710752986941461e-01
6.783995554320645383e-01
7.732592386774104209e-01
7.883634342873020451e-01
7.470853014726313024e-01
7.781272575715476592e-01
7.538316198944150504e-01
7.909419283134203615e-01
7.557543762156154754e-01
7.869741594887469383e-01
7.658349541539317684e-01
7.511530980828007298e-01
7.837510419560987929e-01
7.954209502639622009e-01
7.725145873853849210e-01
7.954987496526813029e-01
7.875520978049457277e-01
7.632675743262017365e-01
7.945318143928870036e-01
7.962434009447068028e-01
7.479633231453182152e-01
7.661128091136426566e-01
7.759488746874131371e-01
7.973992775771046038e-01
8.010336204501251611e-01
8.004001111419838388e-01
7.828841344818006087e-01
7.854959711030842229e-01
7.874076132258961414e-01
7.924868018894136723e-01
8.194609613781606017e-01
8.094804112253403128e-01
7.851125312586830773e-01
8.043123089747152843e-01
8.135815504306751489e-01
7.899749930536260623e-01
7.932536815782161854e-01
7.775604334537371543e-01
7.987552097804945239e-01
7.846735204223393989e-01
7.747707696582384340e-01
8.157710475131980665e-01
7.941983884412338046e-01
7.692136704640176736e-01
8.066129480411224906e-01
8.048569046957487760e-01
7.721700472353432154e-01
8.067907752153375966e-01
7.860961378160600255e-01
8.075576549041399987e-01
8.098582939705474271e-01
7.948985829397055003e-01
7.815837732703527774e-01
7.903751041956097456e-01
7.943428730202833910e-01
7.930647402056126838e-01
8.046346207279799767e-01
7.768380105584884454e-01
7.926979716587941871e-01
7.820505696026673892e-01
7.850291747707696111e-01
7.950541817171435932e-01
7.823173103639899928e-01
7.886857460405667375e-01
8.053903862183938722e-01
7.573881633787165057e-01
7.787718810780772660e-01
7.812503473186995784e-01
8.013337038066129514e-01
8.029008057793831643e-01
8.059683245345929947e-01
7.336926924145596995e-01
7.708808002222840017e-01
7.794943039733258638e-01
7.998666296193386316e-01
7.745373714920811281e-01
7.951319811058626952e-01
7.855404278966380271e-01
8.074687413170325012e-01
7.942984162267295867e-01
7.967991108641290232e-01
7.842067240900248981e-01
7.962878577382606071e-01
7.988107807724367238e-01
7.796943595443177610e-01
7.672686857460405685e-01
7.777604890247290514e-01
7.963212003334259048e-01
7.941872742428452980e-01
7.827729924979160980e-01
7.968435676576827165e-01
7.813059183106418892e-01
7.719366490691859095e-01
7.987885523756599326e-01
7.757932759099750442e-01
7.957988330091693152e-01
7.843289802722978044e-01
7.708252292303416908e-01
7.875854404001112474e-01
7.701139205334814886e-01
7.615115309808280220e-01
7.975882189497083274e-01
7.908863573214781617e-01
7.834954153931648069e-01
7.828396776882466934e-01
7.924423450958599791e-01
7.964656849124756022e-01
7.854404001111421341e-01
7.683912197832731827e-01
7.660016671297582569e-01
7.444178938594054884e-01
6.897249235898861297e-01
7.652570158377327569e-01
7.715254237288136085e-01
7.626007224228952275e-01
7.787829952764657726e-01
7.582995276465684942e-01
7.875520978049457277e-01
7.617338149485968213e-01
7.691580994720755848e-01
7.777938316198943491e-01
7.060072242289524569e-01
7.931091969991663770e-01
6.933259238677409453e-01
7.690247290914142830e-01
7.775493192553486477e-01
7.590997499305361940e-01
7.736260072242290287e-01
7.627452070019449248e-01
7.781383717699360547e-01
7.967324256737984278e-01
7.664462350652958555e-01
7.619783273131426338e-01
7.494637399277577217e-01
7.767713253681578500e-01
7.894748541261462638e-01
8.053459294248401790e-01
7.832731314253958965e-01
7.626896360100029471e-01
7.955432064462351072e-01
7.777493748263406559e-01
7.355487635454291961e-01
7.875520978049459497e-01
7.822395109752708908e-01
8.043234231731035688e-01
8.025006946373993699e-01
8.148374548485690649e-01
7.854070575159763923e-01
8.003334259516532434e-01
7.916198944151153771e-01
7.915309808280077686e-01
8.117365934981939368e-01
8.035454292859127712e-01
7.966101694915255216e-01
7.905640455682134693e-01
7.826507363156434138e-01
8.194943039733258994e-01
7.783384273409279519e-01
8.017115865518200657e-01
8.110030564045567214e-01
8.010669630452904588e-01
8.021561544873575533e-01
8.130369547096415461e-01
8.019894415115309538e-01
7.999777716032232533e-01
8.211392053348153253e-01
8.143262017227007599e-01
7.788830230619616657e-01
8.159155320922477639e-01
7.893081411503195532e-01
8.163045290358433848e-01
7.864629063628785222e-01
7.768268963600999388e-01
7.912197832731315827e-01
8.188830230619617012e-01
8.098471797721588095e-01
7.976882467352042205e-01
8.072575715476522085e-01
8.079577660461240152e-01
7.792386774103916558e-01
8.001778271742150395e-01
8.127702139483190535e-01
7.894748541261460417e-01
8.053681578216170811e-01
8.012559044178937384e-01
7.983995554320644228e-01
7.914754098360656798e-01
7.783606557377048540e-01
7.786496248958042488e-01
8.026896360100028716e-01
7.899638788552376667e-01
8.006890803000834556e-01
8.172270075020841018e-01
8.021672686857459489e-01
8.195165323701028015e-01
8.168491247568769875e-01
8.088691303139761146e-01
7.937427063073076994e-01
8.054681856071130852e-01
8.019005279244234563e-01
7.852070019449847171e-01
7.930758544040010793e-01
7.889080300083357589e-01
7.853403723256459079e-01
8.071019727702140045e-01
7.930536260072242882e-01
7.887302028341206528e-01
8.033120311197553542e-01
7.787385384829119683e-01
7.973437065851625150e-01
8.093248124479022199e-01
7.935982217282578910e-01
7.672353431508752708e-01
7.994331758821894285e-01
7.997777160322312451e-01
8.001555987774381373e-01
8.088913587107529057e-01
7.750930814115031264e-01
7.767602111697693434e-01
8.010447346485135567e-01
7.813726035009723736e-01
8.073464851347595950e-01
7.840288969158100141e-01
7.955543206446233917e-01
8.011336482356208322e-01
7.952097804945817972e-01
7.894637399277576462e-01
7.909308141150320770e-01
8.158821894970824662e-01
7.800277854959711821e-01
7.904973603778828739e-01
7.923534315087524815e-01
7.962322867463182963e-01
8.010447346485135567e-01
7.839066407335371078e-01
7.752597943873298370e-01
7.850402889691580066e-01
8.016226729647124571e-01
7.909308141150319660e-01
7.765823839955543484e-01
8.011669908307864629e-01
7.926312864684634807e-01
7.846957488191164121e-01
7.565434843011948907e-01
7.908085579327590597e-01
8.164712420116698732e-01
7.887635454292859505e-01
7.691469852736870783e-01
7.886412892470129332e-01
7.770491803278688492e-01
7.659127535426506483e-01
7.775382050569602521e-01
7.845846068352320124e-01
7.739594331758821166e-01
7.652903584328980546e-01
7.684690191719922847e-01
7.612559044178937029e-01
7.928313420394552669e-01
7.604667963323145097e-01
7.881189219227563436e-01
7.771603223117532488e-01
7.910752986940817744e-01
5.000000000000000000e-01
7.144984717977217459e-01
7.600000000000001199e-01
7.523534315087524460e-01
7.446401778271742877e-01
7.468519033064738855e-01
7.413059183106418537e-01
7.229119199777715998e-01
7.291136426785217450e-01
7.369046957488191163e-01
7.251792164490136194e-01
7.105751597666019048e-01
6.468574604056682720e-01
7.398610725201445470e-01
7.361044734648514165e-01
6.892136704640177136e-01
7.133537093637121185e-01
7.148763545429285271e-01
7.060405668241178656e-01
6.370213948318977915e-01
6.959044178938593728e-01
7.463962211725478912e-01
7.403500972492358390e-01
7.492303417616004158e-01
7.292914698527369621e-01
7.265573770491802197e-01
7.131425395943318257e-01
7.662350652959155628e-01
7.356599055293137068e-01
7.500972492358987109e-01
7.538760766879689657e-01
6.515476521255904041e-01
7.610336204501249036e-01
7.515865518199500439e-01
6.707863295359823841e-01
7.384717977215893292e-01
7.033287024173382473e-01
6.574048346762989548e-01
7.031619894415115368e-01
6.945707140872464658e-01
7.131203111975548126e-01
7.479410947485412020e-01
7.038844123367602457e-01
6.434565156988052426e-01
7.182161711586553254e-01
7.406057238121700470e-01
7.445957210336204835e-01
7.403389830508475544e-01
7.889191442067240434e-01
7.289913864962489498e-01
7.396610169491524278e-01
7.192775771047514866e-01
7.622172825784940819e-01
6.985718255070851868e-01
7.179994442900805574e-01
7.053737149208114676e-01
6.626173937204780096e-01
7.507974437343706287e-01
7.477188107807725137e-01
7.104529035843289986e-01
7.388163378716310348e-01
6.657182550708529156e-01
6.752097804945819126e-01
7.114642956376771021e-01
6.369658238399555916e-01
7.238455126424006014e-01
7.076298971936648696e-01
6.888802445123645146e-01
5.771714365101416888e-01
6.929369269241456575e-01
7.228896915809948087e-01
7.280577938316198372e-01
7.484078910808559248e-01
6.995054181717142994e-01
7.081633787163101879e-01
6.933814948596832561e-01
5.091969991664351269e-01
6.858238399555431908e-01
6.144373437065853150e-01
6.657293692692414222e-01
7.123200889135870018e-01
6.279188663517644153e-01
6.950041678243956689e-01
6.672075576549041376e-01
6.250069463739927889e-01
6.840789108085578718e-01
6.621839399833288065e-01
6.144929146985274038e-01
6.946707418727423589e-01
6.344762434009447727e-01
6.336982495137538640e-01
7.108974715198665972e-01
6.862239510975270962e-01
6.960377882745205635e-01
6.244512364545706795e-01
6.900027785495972399e-01
6.360433453737148746e-01
6.355987774381772759e-01
5.107641011392053398e-01
6.332981383717699586e-01
6.819338705195887584e-01
6.736204501250346866e-01
6.521033620450125134e-01
6.493359266462905843e-01
6.100916921367046664e-01
6.740427896637954941e-01
6.667185329258127346e-01
6.251736593498193884e-01
6.162156154487357096e-01
6.694637399277576506e-01
5.163989997221450912e-01
6.356876910252847734e-01
6.311642122811891298e-01
4.947763267574326052e-01
5.110086135037510413e-01
5.962767435398721450e-01
5.828730202834120355e-01
6.397888302306196096e-01
6.308863573214782416e-01
6.320644623506529447e-01
5.622784106696304685e-01
5.956543484301195512e-01
6.330202834120588484e-01
6.042456237843846223e-01
4.796221172547929790e-01
4.905251458738538184e-01
5.722700750208391529e-01
6.503139761044735012e-01
4.862239510975271406e-01
7.107974437343705931e-01
7.266240622395109261e-01
7.137760489024729260e-01
7.560989163656571810e-01
7.329702695193108797e-01
7.318477354820782654e-01
7.673242567379827683e-01
6.885357043623229201e-01
7.509085857182551393e-01
7.576326757432619852e-01
7.370602945262572092e-01
7.523756599055293481e-01
7.639010836343429478e-01
7.456293414837454891e-01
7.271130869686023290e-01
7.464184495693247934e-01
7.722033898305084021e-01
7.142873020283411201e-01
7.686135037510419821e-01
7.249347040844679180e-01
7.327702139483189825e-01
7.019283134203946339e-01
7.480077799388717974e-01
7.488080022228396082e-01
7.548985829397054648e-01
7.237121422617394106e-01
7.625340372325646321e-01
7.441733814948596759e-01
7.653125868296749568e-01
7.379272020005558375e-01
7.680133370380661795e-01
7.447624340094471940e-01
7.502195054181718392e-01
7.137427063073076283e-01
7.263017504862462337e-01
7.342484023339815868e-01
7.611781050291746009e-01
7.742261739372047202e-01
7.616337871631009282e-01
7.415948874687412484e-01
7.300583495415392532e-01
7.448291191997777894e-01
7.476743539872185984e-01
7.390163934426228209e-01
7.549430397332592690e-01
7.731592108919143058e-01
7.357043623228674001e-01
7.339260905807168944e-01
6.596721311475409744e-01
7.470853014726313024e-01
7.547763267574327806e-01
7.314476243400944711e-01
7.513198110586274403e-01
7.488302306196166214e-01
7.332036676854681856e-01
7.669019171992220718e-01
7.620005557099194249e-01
6.966046123923312905e-01
7.560322311753265856e-01
7.449402611836620780e-01
7.063295359822172603e-01
7.697804945818282896e-01
7.262572936926924294e-01
7.155320922478466406e-01
7.171658794109474488e-01
7.471186440677966001e-01
7.144651292025562261e-01
6.999611003056404046e-01
7.335370936371214956e-01
7.400833564879132354e-01
7.501305918310642307e-01
7.044623506529591461e-01
7.139094192831343388e-01
6.600277854959710755e-01
7.575882189497082919e-01
7.247013059183107231e-01
7.153987218671853388e-01
7.142706307307585822e-01
7.429063628785774753e-01
7.196221172547929701e-01
7.028285634898583378e-01
6.788441233676021369e-01
6.917810502917477455e-01
7.307252014448457622e-01
6.597054737427062721e-01
6.500694637399277998e-01
7.018060572381217277e-01
7.256237843845513291e-01
6.938260627952208548e-01
6.787440955821061328e-01
6.660405668241178301e-01
7.214559599888858976e-01
6.609280355654348904e-01
7.050180605723812555e-01
6.965712697971658818e-01
6.140038899694360008e-01
6.857460405668240888e-01
6.663406501806057314e-01
6.826118366212836630e-01
6.826340650180605651e-01
6.530814115031953193e-01
6.479911086412892818e-01
6.535704362322867222e-01
6.807779938871908465e-01
6.391997777160322025e-01
6.867240900250068947e-01
6.674298416226730479e-01
6.105362600722423760e-01
6.601166990830785730e-01
6.312420116699083428e-01
6.613837176993608846e-01
6.278744095582106111e-01
5.802278410669630127e-01
6.229952764656849773e-01
6.324534592942483435e-01
6.405779383161989138e-01
6.294859683245346282e-01
5.768157821617115877e-01
5.926424006668518096e-01
6.515254237288135020e-01
6.100805779383162708e-01
6.532481244790219188e-01
5.140872464573492673e-01
6.105473742706306606e-01
6.957821617115865775e-01
6.480355654348429750e-01
6.272853570436232040e-01
6.335093081411503624e-01
7.478744095582106066e-01
7.453292581272576989e-01
7.607335370936370023e-01
7.368602389552653120e-01
7.500750208391219198e-01
7.684912475687690758e-01
7.330036121144763994e-01
7.513753820505695291e-01
7.340928035565434939e-01
7.412948041122534582e-01
7.374604056682411146e-01
7.278021672686857402e-01
7.537315921089191573e-01
7.432842456237842566e-01
7.254459572103361120e-01
7.460961378160599899e-01
7.492525701583774289e-01
7.340928035565434939e-01
7.602889691580994036e-01
7.523312031119755439e-01
7.475854404001111009e-01
7.501528202278410218e-01
7.405390386218394516e-01
7.542761878299528711e-01
7.403056404556821457e-01
7.649347040844679535e-01
7.651792164490136550e-01
7.604779105307030163e-01
7.556876910252849910e-01
7.539538760766879566e-01
7.484968046679633114e-01
7.570325090302860715e-01
7.745484856904695237e-01
7.650791886635175398e-01
7.479299805501529175e-01
7.366268407891080061e-01
7.525757154765213564e-01
7.511419838844123342e-01
7.622784106696305351e-01
7.712142261739372007e-01
7.571992220061127821e-01
7.714587385384827911e-01
7.309474854126147836e-01
7.653237010280633523e-01
7.604223395387607054e-01
7.585440400111140846e-01
7.438732981383717746e-01
7.653459294248401434e-01
7.300583495415393642e-01
7.578105029174770912e-01
7.537315921089191573e-01
7.575993331480967985e-01
7.628785773826063377e-01
7.655237565990553605e-01
7.627118644067796271e-01
7.573103639899971817e-01
7.493192553487080243e-01
7.541205890525145561e-01
7.618338427340928254e-01
7.504195609891635144e-01
7.516087802167268350e-01
7.322367324256737753e-01
7.516643512086690349e-01
7.574437343706584835e-01
7.424284523478743569e-01
7.549763823284245667e-01
7.314253959433175689e-01
7.641344818005000317e-01
7.184995832175604669e-01
7.528535704362322445e-01
7.235009724923590069e-01
7.460072242289524924e-01
7.285468185607113512e-01
7.327368713531536848e-01
7.177104751319811626e-01
7.516310086135038482e-01
7.128757988330092221e-01
7.136760211169769219e-01
7.001611558766325238e-01
7.364156710197276023e-01
6.886023895526535155e-01
7.354265073631562899e-01
6.358544040011113729e-01
7.493637121422616065e-01
7.287246457349264572e-01
7.338149485968324948e-01
6.124145595998888858e-01
6.738649624895804990e-01
7.299249791608779514e-01
7.537871631008613571e-01
7.115865518199498974e-01
7.201778271742151905e-01
6.896471242011670277e-01
6.923367602111698549e-01
7.052181161433731527e-01
6.840233398166157830e-01
7.117199222006114212e-01
7.187218671853292662e-01
6.650180605723812199e-01
6.322645179216449529e-01
7.155098638510697384e-01
6.926257293692692496e-01
6.250625173659349887e-01
6.830341761600444705e-01
6.686968602389552485e-01
6.734315087524310739e-01
6.825562656293413522e-01
6.607279799944428822e-01
6.192609058071686379e-01
6.506140594609614025e-01
6.429230341761600354e-01
6.767546540705751124e-01
6.051236454570713130e-01
6.327535426507362448e-01
6.739094192831341923e-01
6.269963878855238093e-01
6.513031397610447026e-01
6.794609613781605884e-01
6.367101972770214946e-01
6.105807168657960693e-01
6.013781606001666891e-01
6.380216726868574995e-01
6.103473186996387634e-01
6.697971658794110716e-01
6.602333981661572260e-01
6.626618505140317028e-01
5.967435398721867568e-01
5.714698527368713421e-01
8.427896637954986891e-01
8.150486246179493577e-01
7.233564879133093095e-01
8.065907196443455884e-01
7.026674076132259916e-01
6.817782717421505545e-01
8.473020283412058262e-01
7.835621005834954023e-01
7.248235621005835183e-01
8.033676021116977761e-01
6.791719922200610826e-01
7.703362045012502879e-01
7.459738816337870837e-01
7.514698527368712799e-01
8.044567935537649817e-01
6.940594609613781607e-01
7.310363989997222811e-01
8.121033620450124335e-01
8.130258405112531506e-01
7.698471797721588850e-01
7.298360655737704539e-01
8.338538482911920235e-01
6.962489580439010783e-01
8.402556265629341770e-01
7.022172825784940287e-01
7.681911642122811745e-01
7.139649902750764277e-01
7.175771047513197498e-01
6.958155043067517642e-01
7.144651292025562261e-01
8.236954709641568506e-01
6.979272020005556909e-01
8.139816615726589433e-01
8.248846901917199492e-01
6.685523756599055512e-01
7.643678799666573376e-01
6.270686301750486580e-01
7.999110864128925469e-01
7.696693525979438899e-01
8.088802445123646212e-01
8.268407891080856720e-01
7.325812725757154809e-01
7.002611836621283059e-01
7.677354820783551803e-01
8.060627952208947455e-01
8.172270075020839908e-01
8.318421783828839899e-01
8.417338149485968923e-01
8.433731592108919539e-01
7.945429285912753992e-01
8.368769102528480497e-01
8.393109196999166688e-01
8.187829952764656971e-01
7.450736315643233798e-01
8.209169213670464149e-01
7.910530702973048722e-01
8.358432898027228219e-01
7.969435954431786095e-01
8.103806612948041277e-01
8.138705195887746546e-01
7.621339260905806157e-01
8.205834954153932159e-01
8.290414003889969852e-01
8.260961378160599500e-01
8.111475409836065298e-01
8.161822728535703675e-01
7.620894692970270334e-01
8.337538205056960194e-01
8.110030564045567214e-01
7.901305918310641552e-01
5.000000000000000000e-01
8.277076965823839672e-01
8.046679633231452744e-01
7.975993331480967230e-01
8.307418727424284999e-01
7.973492636843567682e-01
7.721367046401779177e-01
8.188163378716311058e-01
7.183439844401222629e-01
7.995554320644622237e-01
8.003445401500416390e-01
8.186829674909696930e-01
8.045568213392608747e-01
8.144706863017505682e-01
7.961544873575993053e-01
8.275632120033342698e-01
7.972881355932203151e-01
8.294804112253404416e-01
8.142539594331759112e-01
8.088024451236455192e-01
8.163045290358433848e-01
8.381217004723534592e-01
8.233287024173381319e-01
7.875409836065574432e-01
7.952431230897472059e-01
8.362434009447067274e-01
6.309419283134204415e-01
8.095804390108363169e-01
7.452403445401500903e-01
7.601111419838844085e-01
6.935037510419561624e-01
7.997443734370658364e-01
7.927924423450957159e-01
4.796332314531814300e-01
7.900972492358988575e-01
8.289302584051124745e-01
7.989552653514865321e-01
8.014226173937204489e-01
6.922700750208390374e-01
8.079133092525702109e-01
7.957877188107808086e-01
8.014448457904972400e-01
7.793387051958877709e-01
8.080022228396777084e-01
6.524034454015004147e-01
8.001889413726035460e-01
7.856682411781050757e-01
7.962322867463182963e-01
8.050347318699638821e-01
7.531647679911086524e-01
7.407613225896082509e-01
7.972547929980551285e-01
7.896637954987496544e-01
7.883078632953597342e-01
8.080800222283968104e-01
8.034009447068630738e-01
7.972547929980549064e-01
6.795109752709085349e-01
8.092136704640175981e-01
7.794053903862184773e-01
7.084190052792441739e-01
8.014670741872741422e-01
8.177716032231174825e-01
8.411114198388440766e-01
8.137371492081132418e-01
8.250291747707696466e-01
7.932258960822451410e-01
8.409224784662406860e-01
7.622895248680188196e-01
7.635176437899416912e-01
7.564879133092525798e-01
8.129924979160877418e-01
7.254459572103362230e-01
8.469352597943873295e-01
8.108252292303417263e-01
8.461128091136427276e-01
8.490914142817449495e-01
7.175326479577660566e-01
8.452570158377326059e-01
8.113864962489578669e-01
8.198833009169212982e-01
6.913253681578216403e-01
6.993498193942760954e-01
8.070686301750487068e-01
7.421172547929981711e-01
7.834620727979993982e-01
7.595332036676855081e-01
7.862850791886635271e-01
8.185940539038621955e-01
8.056682411781048714e-01
7.277132536815782426e-01
7.161656015559878519e-01
8.196165601555988056e-01
8.147040844679077631e-01
7.385718255070854443e-01
8.132036676854681456e-01
8.121255904417893356e-01
8.019949986107252071e-01
7.536649069185885619e-01
7.446401778271742877e-01
8.256849124756877600e-01
8.408557932759102016e-01
8.045790497360377769e-01
8.146596276743539589e-01
6.797332592386773342e-01
6.113364823562100758e-01
8.075131981105861945e-01
8.214837454848569198e-01
6.504306751875520431e-01
8.159155320922477639e-01
8.341428174492914183e-01
8.278744095582106777e-01
8.297415948874686809e-01
8.155043067518754629e-01
7.949986107252015044e-01
8.128924701305917377e-01
8.367435398721867479e-01
8.122589608224508595e-01
8.314754098360654933e-01
8.208057793831619042e-01
8.151819949986107705e-01
8.219838844123368293e-01
8.313309252570159069e-01
5.000000000000000000e-01
8.132925812725757542e-01
8.250069463739928555e-01
8.335871075298691979e-01
8.023117532647957573e-01
7.949430397332593046e-01
6.714920811336482220e-01
8.111364267852181342e-01
8.149041400388996603e-01
8.285968324534592755e-01
7.973881633787164303e-01
8.171825507085301865e-01
8.113253681578216359e-01
8.125590441789387608e-01
7.981328146707418192e-01
8.013225896082245558e-01
8.096804667963322100e-01
8.225951653237009165e-01
6.270297304806891070e-01
8.137149208113363397e-01
7.109863851069742058e-01
8.056404556821339380e-01
7.948763545429285982e-01
8.034120589052513584e-01
8.308641289247011841e-01
8.148374548485690649e-01
8.050569602667406732e-01
7.993442622950820420e-01
8.053348152264516724e-01
7.910530702973048722e-01
8.222061683801056287e-01
8.129591553209225552e-01
8.021672686857460599e-01
7.967213114754098102e-01
8.054015004167824898e-01
7.993442622950820420e-01
7.920088913587106649e-01
7.919977771603223804e-01
7.320033342595166914e-01
7.935315365379271846e-01
8.032231175326478567e-01
8.119811058627396383e-01
7.668130036121145743e-01
7.989219227563212344e-01
8.053125868296748813e-01
8.277410391775493759e-01
8.017671575437622655e-01
8.100583495415394353e-01
5.009058071686579572e-01
7.742484023339817334e-01
4.927257571547651871e-01
8.042122811892192802e-01
8.109697138093915347e-01
6.975382050569602921e-01
5.793553764934703532e-01
4.982606279522089343e-01
7.926868574604056805e-01
6.611058627396498855e-01
8.038343984440121659e-01
7.456404556821338847e-01
8.001000277854959375e-01
8.013114754098360493e-01
8.023006390664073617e-01
8.088357877188108169e-01
8.238010558488467749e-01
8.337816060016671749e-01
5.000000000000000000e-01
7.536204501250347576e-01
8.115254237288135331e-01
7.591108641289247005e-01
8.239622117254793432e-01
7.185773826062795688e-01
8.159488746874131726e-01
8.395109752709085660e-01
8.136482356210057443e-01
8.496471242011669478e-01
8.468130036121145343e-01
8.188830230619617012e-01
8.226396221172547207e-01
8.075354265073630966e-01
7.984884690191720313e-01
8.429119199777714844e-01
8.210058349541538014e-01
8.375437621561546697e-01
5.000000000000000000e-01
8.277188107807724737e-01
7.584440122256181915e-01
8.428063350930814490e-01
7.810391775493192856e-01
6.264962489580438998e-01
8.210836343428731254e-01
7.319811058627395672e-01
8.203056404556821057e-01
7.710697415948875033e-01
7.685134759655459780e-01
8.328980272297860088e-01
7.958210614059461063e-01
5.000000000000000000e-01
8.415782161711586884e-01
8.389219227563211589e-01
8.166046123923311750e-01
7.241567101972770093e-01
8.163934426229508823e-01
7.992331203111975313e-01
8.307196443456515977e-01
8.426118366212838051e-01
8.037121422617393707e-01
6.386996387885524040e-01
8.017227007502083502e-01
8.185162545151430935e-01
5.000000000000000000e-01
8.373881633787163548e-01
8.173270352875798839e-01
7.461739372047790919e-01
8.022117254792999752e-01
7.756043345373715425e-01
8.328202278410670178e-01
8.231508752431231368e-01
8.073353709363711994e-01
8.330869686023893994e-01
8.195054181717144060e-01
8.169046957488190763e-01
8.396665740483466589e-01
8.154820783550986718e-01
8.215726590719644173e-01
8.404445679355376786e-01
7.531647679911086524e-01
8.142928591275353511e-01
8.183717699360935072e-01
6.013003612114475871e-01
4.713420394554042603e-01
8.130591831064183372e-01
5.453626007224229300e-01
5.000000000000000000e-01
8.320644623506529003e-01
8.091358710752986072e-01
8.111141983884413431e-01
8.162823006390664826e-01
8.223284245623784239e-01
8.087802167268685061e-01
8.341650458460683204e-01
8.311419838844122943e-01
5.000000000000000000e-01
8.086690747429841064e-01
8.149374826340649580e-01
8.102806335093082346e-01
8.174604056682412967e-01
8.345540427896638302e-01
8.274298416226728570e-01
8.302528480133368749e-01
7.981661572659072279e-01
8.002111697693803372e-01
5.550319533203668110e-01
8.165934981939427795e-01
8.198055015282023072e-01
8.242067240900250447e-01
8.289969435954431809e-01
7.924645734926369922e-01
7.969880522367324138e-01
8.331758821894972300e-01
7.920311197554876781e-01
7.941094748541260850e-01
7.843067518755209022e-01
8.150375104195609621e-01
7.648235621005835538e-01
8.006223951097526381e-01
8.275743262017225543e-01
7.941317032509029872e-01
8.175604334537371898e-01
8.163156432342316693e-01
7.991442067240900338e-01
5.818671853292580742e-01
8.062017227007500786e-01
6.327257571547653114e-01
7.837732703528756950e-01
7.949430397332591935e-01
7.888635732147818436e-01
5.044956932481244882e-01
8.058460683523200885e-01
5.000000000000000000e-01
8.064573492636843977e-01
7.986329535982217287e-01
5.000000000000000000e-01
5.418005001389275543e-01
8.005445957210336472e-01
6.715976660183384794e-01
4.943928869130314041e-01
4.559266462906362838e-01
5.381050291747707659e-01
7.968880244512364097e-01
5.018616282300639719e-01
8.150486246179494687e-01
8.372436787996665464e-01
8.194498471797720951e-01
8.349208113364823269e-01
8.262406223951097584e-01
8.108585718255070240e-01
8.133259238677408298e-01
8.368324534592943564e-01
7.558544040011114795e-01
7.668241178105029698e-01
7.434509585996108560e-01
8.479799944429007308e-01
8.413003612114476892e-01
7.473520422339539060e-01
8.323312031119756149e-01
8.450680744651291043e-01
8.498138371769935473e-01
7.949763823284246023e-01
8.220505696026674247e-01
8.337649347040845260e-01
8.044567935537648706e-01
8.393331480966934599e-01
8.374215059738816525e-01
8.243623228674631376e-01
8.255737704918031383e-01
8.194165045846066864e-01
8.428341205890526044e-01
8.139594331758821522e-01
8.147485412614614564e-01
8.213170325090303203e-01
8.456126701861627071e-01
8.382217282578494633e-01
8.108030008335648242e-01
8.143150875243122533e-01
7.696915809947207920e-01
8.179272020005556865e-01
8.374993053626008654e-01
8.439010836343427968e-01
8.297971658794109917e-01
8.161155876632397721e-01
7.479855515420950063e-01
8.452459016393443214e-01
8.449235898860795180e-01
8.375993331480967585e-01
8.209280355654349215e-01
8.096248958043901212e-01
8.207502083912198154e-01
5.000000000000000000e-01
8.229063628785773243e-01
8.310530702973049078e-01
8.072909141428173951e-01
7.029397054737427375e-01
8.454015004167825253e-01
8.228952486801890398e-01
8.206168380105585136e-01
8.120700194498472468e-01
8.141706029452625559e-01
8.256737982772992535e-01
8.044123367602111774e-01
8.318088357877189143e-01
8.320422339538762202e-01
8.178605168102250911e-01
8.119033064740205363e-01
8.270741872742428669e-01
8.001889413726034350e-01
8.119033064740205363e-01
7.993887190886357352e-01
8.246957488191164476e-01
8.136704640177827574e-01
8.067574326201721879e-01
8.186385106974159998e-01
8.315754376215616084e-01
8.158377327035286619e-01
8.102028341205889106e-01
8.208946929702696238e-01
8.316421228118923148e-01
8.271853292581271555e-01
8.082356210058347923e-01
8.076354542928592117e-01
8.376549041400389584e-01
8.295637677132536858e-01
8.086357321478188087e-01
8.122923034176159351e-01
8.152153375937759572e-01
8.111697693803834319e-01
8.193942761878298953e-01
8.145040288969158659e-01
8.270853014726313734e-01
7.919533203667685761e-01
8.287635454292859860e-01
7.924534592942484856e-01
8.202056126701861016e-01
8.145484856904695592e-01
8.187607668796887950e-01
8.119588774659627362e-01
8.166824117810502770e-01
7.736815782161711175e-01
8.077243678799665982e-01
8.072464573492635909e-01
8.030897471519866659e-01
8.188719088635731946e-01
7.990664073353710428e-01
8.132481244790218389e-01
7.853403723256459079e-01
7.958766323978884172e-01
8.195165323701028015e-01
7.910086135037510680e-01
8.105473742706307272e-01
8.077910530702971936e-01
8.194053903862182908e-01
8.128368991386496489e-01
8.002611836621282837e-01
8.040566824117810762e-01
7.851514309530424063e-01
7.316921367046401725e-01
7.979772158933037263e-01
8.083467629897194140e-01
7.902973048068908657e-01
7.816838010558488925e-01
7.940205612670185875e-01
8.112142261739372362e-01
7.852070019449846061e-01
8.077799388719089091e-01
7.769602667407612406e-01
7.842511808835788134e-01
8.035343150875242646e-01
8.063795498749654067e-01
7.900972492358988575e-01
8.148152264517920518e-01
8.017004723534313371e-01
8.421561544873575889e-01
8.385551542095026623e-01
8.087135315365379107e-01
8.080800222283968104e-01
8.432453459294249054e-01
8.126924145595997295e-01
8.035343150875242646e-01
8.441900527924423026e-01
8.297971658794109917e-01
8.479244234509585310e-01
8.159488746874132836e-01
7.179105307029730598e-01
8.456237843845513247e-01
8.517032509030286747e-01
8.358099472075576353e-01
8.445457071408724037e-01
8.389219227563211589e-01
8.504417893859407274e-01
8.454681856071130097e-01
8.393776048902472642e-01
8.063795498749652957e-01
8.238621839399833391e-01
8.409780494581827748e-01
8.510697415948874633e-01
8.356432342317310358e-01
8.290969713809390740e-01
8.162489580439010739e-01
8.338649624895804191e-01
8.401778271742150750e-01
8.145040288969158659e-01
8.388552375659905636e-01
8.106918588496804245e-01
8.209724923589887258e-01
8.528146707418727823e-01
8.313309252570157959e-01
5.012058905251458585e-01
8.308863573214781972e-01
8.305195887746597005e-01
8.450458460683522022e-01
8.383328702417338629e-01
8.517810502917476656e-01
8.464462350652959266e-01
8.308863573214780862e-01
8.456460127813281158e-01
8.401889413726035816e-01
8.097916087802168317e-01
8.116810225062516260e-01
8.096026674076133300e-01
8.417782717421505856e-01
8.329535982217284307e-01
8.282856348985829786e-01
8.230730758544039238e-01
8.364323423173103400e-01
8.296971380939150986e-01
8.161044734648513765e-01
8.138705195887745436e-01
8.193609335926645976e-01
8.117810502917478521e-01
8.097804945818283251e-01
8.281411503195331703e-01
8.288080022228396793e-01
8.211058627396499165e-01
8.094915254237289304e-01
8.136260072242289532e-01
8.157821617115865731e-01
8.179272020005559085e-01
8.290080577938315765e-01
8.391330925257015627e-01
8.236287857738260332e-01
8.272631286468463685e-01
8.367768824673520456e-01
8.390886357321478695e-01
8.353320366768547389e-01
4.926424006668518873e-01
8.180605723812170993e-01
8.242622950819672445e-01
8.176048902472908830e-01
8.295304251180883881e-01
8.208057793831619042e-01
8.117810502917478521e-01
8.200277854959712176e-01
8.034898582939704603e-01
8.100694637399277198e-01
8.080022228396777084e-01
8.241066963045289295e-01
8.182161711586551922e-01
8.103028619060850257e-01
8.083467629897194140e-01
8.178160600166712868e-01
8.330980828007779060e-01
8.184384551264238805e-01
8.101917199222006261e-01
8.290525145873852697e-01
7.920978049458182735e-01
8.133036954709640387e-01
7.860072242289524169e-01
8.146040566824117590e-01
8.004001111419838388e-01
8.119811058627396383e-01
8.164045568213392778e-01
8.059016393442622883e-01
8.220727979994443269e-01
8.216949152542372126e-01
8.267185329258126547e-01
8.085134759655459025e-01
8.059905529313697858e-01
8.159155320922478749e-01
7.993331480966935354e-01
8.061128091136426921e-01
8.201944984717977061e-01
7.893859405390386552e-01
8.050347318699638821e-01
8.099249791608780225e-01
8.074242845234786969e-01
7.889747151986663543e-01
8.073798277299248927e-01
8.099472075576550356e-01
7.922756321200332685e-01
8.064573492636843977e-01
8.118143928869130388e-01
8.109585996110031392e-01
8.013559322033898535e-01
8.207057515976659001e-01
8.137038066129480551e-01
7.947540983606556919e-01
8.197054737427063031e-01
8.036232286746318731e-01
8.306529591553210023e-01
8.408335648791331884e-01
8.384328980272297560e-01
8.375215337593776566e-01
8.128368991386497600e-01
8.256849124756875380e-01
8.062684078910808960e-01
8.526813003612114805e-01
8.259961100305639459e-01
8.445234787440955015e-01
8.499472075576548491e-01
8.195498749652682102e-01
8.495248680188940416e-01
8.346540705751597233e-01
8.336649069185884109e-01
8.009224784662406504e-01
8.452014448457905171e-01
8.420450125034731892e-01
7.422506251736593619e-01
8.428007779938873067e-01
8.482133926090581477e-01
8.320644623506529003e-01
8.410336204501249746e-01
8.464240066685191355e-01
8.419005279244233808e-01
8.318532925812724965e-01
8.225951653237011385e-01
8.138816337871630502e-01
6.598999722145040270e-01
8.269963878855238759e-01
8.527035287579883827e-01
8.236287857738260332e-01
8.427896637954985781e-01
8.205612670186163138e-01
8.347874409558211362e-01
8.422784106696303841e-01
8.363878855237566468e-01
8.448346762989719094e-01
8.122256182272853398e-01
8.424562378438456012e-01
8.409780494581828858e-01
8.120477910530703447e-01
8.312864684634621026e-01
8.351542095026396328e-01
8.109919422061684369e-01
8.422895248680188907e-01
8.332425673798277144e-01
8.170380661294804892e-01
8.474909697138093279e-01
8.395665462628507658e-01
8.418449569324812920e-01
8.401111419838843686e-01
8.105029174770768119e-01
8.395665462628507658e-01
8.272186718532925642e-01
8.239955543206447519e-01
8.165490414003890862e-01
5.374159488746874658e-01
8.381772714642956590e-01
8.392331203111975668e-01
8.419005279244234918e-01
8.402667407613226835e-01
8.476910252848013361e-01
8.349541539316476246e-01
8.163823284245624867e-01
8.143484301194776620e-01
8.135148652403445535e-01
8.332203389830509233e-01
8.246846346207279410e-01
8.357654904140039420e-01
8.344540150041677151e-01
8.104695748819117362e-01
8.346207279799944256e-01
7.915309808280078796e-01
8.253070297304807568e-01
8.061794943039732875e-01
8.200722422895249109e-01
8.224395665462628235e-01
8.465240344540150286e-01
8.218171714365101188e-01
8.282411781050291744e-01
8.185718255070854044e-01
8.206057238121700070e-01
8.219283134203945185e-01
8.333981661572659183e-01
4.822561822728535508e-01
8.231731036399000390e-01
8.275076410113919589e-01
8.190386218393996831e-01
8.089135871075296969e-01
8.193720477910531041e-01
8.322089469297027087e-01
8.160044456793554835e-01
8.083245345929425119e-01
8.202389552653513993e-01
7.913864962489580712e-01
8.253848291191996367e-01
8.101361489302584262e-01
8.041011392053348805e-01
8.103139761044735323e-01
8.059349819394276970e-01
5.131592108919145190e-01
5.000000000000000000e-01
8.096137816060016146e-01
8.066240622395111082e-01
8.080022228396777084e-01
8.152486801889413659e-01
8.161044734648513765e-01
8.211169769380384231e-01
8.094915254237287083e-01
8.070797443734369914e-01
8.127257571547653603e-01
7.796832453459294765e-01
7.865629341483745263e-01
8.096915809947207165e-01
4.901305918310642218e-01
7.972547929980551285e-01
8.080133370380661040e-01
8.088802445123643992e-01
5.268296749096971210e-01
8.079911086412892018e-01
8.099249791608780225e-01
8.145373714920811636e-01
8.145373714920811636e-01
8.152264517921645748e-01
8.049458182828563846e-01
8.124812447902194368e-01
8.419227563212003940e-01
8.184495693248123871e-01
8.023117532647957573e-01
7.584440122256181915e-01
8.357766046123922266e-01
8.387218671853292618e-01
8.370880800222284535e-01
8.152153375937760682e-01
8.215170880800223285e-01
8.410447346485135922e-01
8.222728535704362240e-01
8.370213948318978581e-01
8.428785773826062977e-01
8.347985551542095317e-01
8.366323978883024592e-01
8.239844401222561343e-01
8.132481244790219499e-01
8.329313698249514175e-01
8.232842456237843276e-01
8.105918310641844204e-01
8.203945540427896033e-01
8.330758544040011149e-01
8.205612670186163138e-01
7.444512364545707861e-01
8.207390941928314199e-01
8.332536815782163320e-01
8.326646290636288139e-01
8.240066685190330364e-01
8.318755209780495097e-01
8.345095859961101370e-01
8.329535982217283197e-01
8.375882189497082519e-01
8.125479299805501432e-01
8.074131703250901904e-01
8.304084467907751899e-01
8.295748819116420814e-01
8.162156154487358872e-01
7.996665740483468454e-01
8.177160322311752827e-01
8.248402333981662560e-01
8.192386774103918023e-01
8.114365101417060355e-01
7.394609613781605306e-01
8.274965268130036744e-01
8.254959711030842584e-01
8.068130036121144988e-01
8.101139205334815241e-01
8.151264240066684597e-01
8.169602667407612762e-01
7.973103639899972173e-01
8.213948318977493113e-01
8.101583773270353284e-01
8.207390941928313088e-01
7.954876354542929073e-01
8.047568769102528830e-01
7.966879688802446235e-01
8.211503195332036098e-01
7.939427618782994855e-01
8.068241178105030054e-01
8.061350375104194832e-01
8.007446512920255444e-01
8.002000555709919416e-01
8.120922478466241490e-01
8.006223951097526381e-01
7.787051958877465596e-01
8.161489302584050698e-01
8.054792998055015918e-01
8.028118921922755558e-01
7.913531536537926625e-01
8.120144484579050470e-01
7.595332036676855081e-01
8.117254792998054302e-01
8.087246457349264173e-01
8.011114198388441521e-01
8.315754376215613863e-01
7.186774103917754619e-01
8.045901639344262835e-01
7.816393442622950882e-01
8.109141428174494459e-01
8.226729647124200184e-01
7.936315643234230777e-01
7.879855515420949308e-01
7.897082522923034587e-01
8.068352320088912899e-01
7.978216171158655223e-01
7.446068352320087680e-01
8.031119755487634571e-01
7.742150597388163247e-01
7.950875243123090019e-01
7.910197277021393525e-01
8.125590441789385387e-01
7.981217004723534236e-01
8.109808280077799303e-01
8.094915254237288194e-01
7.967991108641288012e-01
7.736148930258405221e-01
5.564990275076410198e-01
7.733259238677410163e-01
8.000777993887189243e-01
7.634454015004168426e-01
7.968435676576826054e-01
8.105473742706306162e-01
8.046679633231452744e-01
7.173770491803279636e-01
7.962211725479299007e-01
7.734704084467908247e-01
7.980994720755765215e-01
7.979105307029730199e-01
7.861405946096138297e-01
7.837843845512642016e-01
7.755154209502639340e-01
7.985884968046680354e-01
7.598999722145041158e-01
7.429174770769657599e-01
7.915420950263960531e-01
7.950986385106972865e-01
7.492747985551542200e-01
7.940983606557376895e-01
7.558544040011113685e-01
7.678466240622393579e-01
7.652347874409557438e-01
6.550708530147263398e-01
7.304584606835231586e-01
7.889191442067241544e-01
7.127313142539593027e-01
7.930536260072241772e-01
6.916810225062517414e-01
7.714809669352596933e-01
8.465462628507919307e-01
8.410225062517366901e-01
8.516810225062517725e-01
8.099472075576549246e-01
8.365545984995831352e-01
8.268185607113086588e-01
8.357988330091692397e-01
8.418560711308695765e-01
8.244623506529592527e-01
8.227285357043623293e-01
8.321200333425951001e-01
8.401333703806612707e-01
8.375548763545428432e-01
8.056015559877744980e-01
8.357654904140039420e-01
8.068018894137259922e-01
8.084356765768269115e-01
8.412114476243401917e-01
8.246401778271742478e-01
8.400889135871074664e-01
8.437565990552932105e-01
8.329424840233398131e-01
8.265629341483745618e-01
8.310975270908586010e-01
8.131814392886911325e-01
8.383662128368991606e-01
8.471797721589329200e-01
8.412670186162821695e-01
8.301750486246179950e-01
8.381994998610724501e-01
8.202167268685746082e-01
8.283078632953597698e-01
8.222950819672131262e-01
8.275854404001112830e-01
8.334648513475966247e-01
8.049902750764101889e-01
8.100361211447625331e-01
8.257515976660184664e-01
8.243845512642401507e-01
8.334203945540427094e-01
8.303639899972214966e-01
8.284078910808558849e-01
8.199277577104751025e-01
8.372992497916087462e-01
8.200833564879134174e-01
8.234731869963878292e-01
8.144929146985272483e-01
8.184940261183661914e-01
8.245068074465128349e-01
8.076465684912474963e-01
8.091803278688524115e-01
8.310086135037511035e-01
8.190275076410113986e-01
8.227396499027507248e-01
7.895748819116421569e-01
8.055126424006667785e-01
8.125034731869964499e-01
8.207946651847736197e-01
8.228730202834121377e-01
8.089358155043067100e-01
8.239177549319255389e-01
8.253848291191996367e-01
8.318310641844957054e-01
8.118921922756322518e-01
8.058571825507084840e-01
7.920088913587107760e-01
8.004890247290913363e-01
7.781494859683244503e-01
8.077132536815783137e-01
8.164934704084467754e-01
7.922756321200332685e-01
8.070464017782719157e-01
8.143262017227007599e-01
8.194831897749373928e-01
8.258738538482912617e-01
8.070352875798832981e-01
8.149819394276187623e-01
8.098916365657127248e-01
8.098805223673242182e-01
8.197388163378717119e-01
8.057015837732703911e-01
7.795609891636565703e-01
8.014670741872742532e-01
7.951430953042510907e-01
7.987329813837177328e-01
8.109808280077799303e-01
8.118032786885246432e-01
7.938316198944150859e-01
8.146373992775770567e-01
7.857293692692415288e-01
8.024117810502917614e-01
8.133481522645179540e-01
7.940427896637956007e-01
7.953098082800778013e-01
8.147040844679077631e-01
7.905973881633786560e-01
8.040233398166158896e-01
7.760044456793553369e-01
8.030452903584328617e-01
8.074687413170325012e-01
7.990552931369826473e-01
7.915643234231730663e-01
7.969880522367324138e-01
7.896749096971381610e-01
8.058127257571545687e-01
7.743373159210891199e-01
7.904195609891636609e-01
8.028563489858294711e-01
7.541317032509030627e-01
7.828507918866352000e-01
7.732258960822451233e-01
7.940650180605725028e-01
8.057349263684356888e-01
8.061016949152542965e-01
7.840622395109753118e-01
7.999555432064462401e-01
7.106529591553208958e-01
7.993331480966934244e-01
7.880744651292026504e-01
8.194498471797722061e-01
7.932759099749930876e-01
7.871519866629619333e-01
7.509752709085858458e-01
7.226118366212835875e-01
7.864295637677130024e-01
7.870853014726313379e-01
7.974326201722701235e-01
7.621783828841346420e-01
8.442567379827730090e-01
8.265740483467630684e-01
8.262072797999444607e-01
8.325534870797443032e-01
8.360211169769380390e-01
8.302528480133368749e-01
8.434676298971935937e-01
8.315643234231729908e-01
7.497638232842456230e-01
8.373659349819393416e-01
8.359433175882189371e-01
8.087579883300917150e-01
8.383217560433454674e-01
8.266963045290358636e-01
8.246512920255626433e-01
8.179716587941094907e-01
8.372547929980550530e-01
8.374215059738816525e-01
8.361767157543761320e-01
8.415115309808278710e-01
8.333981661572658073e-01
8.401222561822728752e-01
8.368880244512366673e-01
8.413559322033897780e-01
8.308085579327590953e-01
8.280744651292025749e-01
8.452236732425675303e-01
8.231175326479578391e-01
8.360989163656571410e-01
8.473575993331481371e-01
8.306974159488745846e-01
8.362100583495415407e-01
8.094804112253404238e-01
8.164601278132814777e-01
8.227174215059738227e-01
8.242734092803557511e-01
8.189719366490690877e-01
8.281411503195332813e-01
8.400889135871075775e-01
8.158043901083634752e-01
8.263739927757710602e-01
8.166601833842733749e-01
8.213726035009724091e-01
8.224840233398166278e-01
8.332647957766046165e-01
8.097693803834399295e-01
8.244512364545706351e-01
8.370213948318978581e-01
8.260183384273409590e-01
8.105251458738538251e-01
8.214170602945262134e-01
8.246512920255626433e-01
8.341650458460683204e-01
8.059794387329812793e-01
8.111253125868296276e-01
8.302306196165600838e-01
8.322422895248680064e-01
8.191497638232843048e-01
8.398555154209503826e-01
8.004556821339260386e-01
8.256404556821339558e-01
8.269963878855235428e-01
8.310419560989164012e-01
8.146818560711308610e-01
8.207946651847735087e-01
8.102917477076965191e-01
8.353431508752432455e-01
8.102806335093080126e-01
8.059460961378159816e-01
8.157599333148097820e-01
8.056682411781049824e-01
8.019227563212003584e-01
8.056904695748818845e-01
8.080911364267850949e-01
7.961322589608225142e-01
8.105251458738538251e-01
8.144818005001388528e-01
8.185051403167546979e-01
8.063906640733535802e-01
7.992664629063628290e-01
8.026451792164490673e-01
7.942317310363989913e-01
8.058571825507085951e-01
8.076132258960821986e-01
8.216726868574604215e-01
8.135037510419560469e-01
8.049680466796332867e-01
8.098360655737704139e-01
8.090025006946374164e-01
8.187829952764655861e-01
8.082245068074466188e-01
8.143262017227007599e-01
8.176604612392331939e-01
7.908752431230896551e-01
8.000666851903306398e-01
8.029341483745484620e-01
8.053570436232286855e-01
7.934870797443734913e-01
7.891191997777160516e-01
7.936426785218115842e-01
8.045345929424840836e-01
7.988552375659905280e-01
8.085468185607112002e-01
7.884745762711863337e-01
7.908085579327591708e-01
8.183050847457625787e-01
8.017671575437621545e-01
8.147040844679077631e-01
8.106029452625730380e-01
7.954320644623507075e-01
8.072797999444289996e-01
8.068352320088912899e-01
7.744373437065852350e-01
7.791386496248957627e-01
7.898638510697415516e-01
7.862295081967213273e-01
7.967991108641290232e-01
7.975771047513198209e-01
7.843289802722979154e-01
8.161933870519588741e-01
7.962100583495417272e-01
8.039455404278965656e-01
7.501083634342873285e-01
7.876410113920532252e-01
8.014781883856627598e-01
8.127924423450958447e-01
7.880300083356488461e-01
8.179272020005557975e-01
7.193887190886356642e-01
6.696749096971381654e-01
6.651847735482078194e-01
7.586107252014449021e-01
7.792831342039454601e-01
7.963489858293970602e-01
7.397054737427062321e-01
6.332425673798277588e-01
8.016337871631009637e-01
7.302584051125313724e-01
6.504584606835231986e-01
7.591886635176438025e-01
6.634398444012226115e-01
8.063962211725480556e-01
7.594554042789665171e-01
7.277910530702971226e-01
8.242845234787441466e-01
5.915087524312309109e-01
7.882967490969714497e-01
7.046179494303974611e-01
6.803445401500416434e-01
6.380550152820227972e-01
7.226229508196720941e-01
6.682189497082523522e-01
6.785884968046680399e-01
8.357654904140039420e-01
6.269630452903584006e-01
7.215893303695469774e-01
7.143651014170603331e-01
6.481800500138926724e-01
6.653514865240344189e-01
8.153264795776603568e-01
6.406668519033065223e-01
7.922756321200332685e-01
8.037565990552930639e-01
7.891858849680466470e-01
7.117532647957764969e-01
6.779772158933037307e-01
7.124756876910252057e-01
6.196054459572103434e-01
7.094637399277576861e-01
6.679522089469296375e-01
7.229341483745483909e-01
7.305918310641845714e-01
6.632175604334537011e-01
7.384051125312588448e-01
6.997943873298138051e-01
7.545207001944986835e-01
7.604779105307030163e-01
7.272242289524866177e-01
7.036343428730201799e-01
8.165045846068352819e-01
6.323645457071408460e-01
8.044234509585995729e-01
6.420616838010557714e-01
7.101528202278409863e-01
8.075243123089745900e-01
7.178660739094191445e-01
7.776382328424560342e-01
6.983717699360932896e-01
6.432008891358710345e-01
6.722089469297026776e-01
8.000333425951652311e-01
7.471853292581271955e-01
7.136815782161711752e-01
8.265740483467630684e-01
8.116699083078631194e-01
7.627229786051681337e-01
7.403278688524590478e-01
7.318032786885246832e-01
6.663517643789941269e-01
7.326868574604056272e-01
8.061906085023617941e-01
6.812003334259516540e-01
8.342984162267296222e-01
8.007446512920256554e-01
6.551264240066685396e-01
6.771769936093359199e-01
8.112697971658794360e-01
7.354709641567103162e-01
8.004445679355377541e-01
7.628118921922755202e-01
7.496415671019728277e-01
7.405946096137816514e-01
7.631230897471519281e-01
6.847235343150874787e-01
8.063128646846345893e-01
6.970380661294803826e-01
6.905029174770769274e-01
6.851569880522367928e-01
8.025118088357876545e-01
7.123756599055293126e-01
7.199555432064461691e-01
7.673575993331481770e-01
6.659961100305641368e-01
5.985106974159488669e-01
7.330425118088357284e-01
6.871130869686024045e-01
8.198499583217558895e-01
7.139872186718532188e-01
7.842511808835787024e-01
7.262239510975270207e-01
7.807946651847735842e-01
7.272575715476520264e-01
8.071686579605445999e-01
7.967768824673521211e-01
6.622283967768824997e-01
6.685523756599055512e-01
7.246568491247569188e-01
7.281800500138928545e-01
7.109863851069742058e-01
7.804056682411779633e-01
6.952264517921644682e-01
7.970436232286746137e-01
7.860627952208947278e-01
6.148707974437344070e-01
8.025451514309530632e-01
6.676076687968880430e-01
7.220227841066962915e-01
6.846401778271742344e-01
7.855848846901918314e-01
6.822117254792998686e-01
7.445179216449012705e-01
6.302306196165601282e-01
7.710808557932758989e-01
6.336760211169769619e-01
5.522089469297026820e-01
7.991997777160322336e-01
7.690803000833565939e-01
6.846790775215337854e-01
6.967046401778271836e-01
7.942650736315642890e-01
6.133592664629063940e-01
8.360433453737149412e-01
7.276910252848013405e-01
6.828118921922756712e-01
7.404612392331203496e-01
7.024729091414282367e-01
8.381883856626840545e-01
8.481578216171157258e-01
8.096360100027786277e-01
6.784106696304528228e-01
6.672964712420116351e-01
8.136037788274521620e-01
7.698249513753820938e-01
7.353709363712140901e-01
7.069408168935815695e-01
6.505362600722421895e-01
6.516198944151153638e-01
6.651458738538482685e-01
7.270241733814948315e-01
6.170769658238399735e-01
8.229730480689079197e-01
7.381217004723534814e-01
8.473353709363712349e-01
7.570325090302860715e-01
5.000000000000000000e-01
7.149541539316476291e-01
7.018838566268408297e-01
7.265351486524035396e-01
7.276243400944705231e-01
7.111864406779661030e-01
7.341483745484856938e-01
6.336815782161712152e-01
6.838677410391774680e-01
8.008224506807446463e-01
6.435120866907474424e-01
6.961155876632398876e-01
7.027340928035565870e-01
8.229619338705195242e-01
6.468519033064740187e-01
6.564823562100583487e-01
6.983495415393166095e-01
6.660183384273409279e-01
7.376048902472908120e-01
7.035454292859126824e-01
6.335537649347040556e-01
6.922923034176160506e-01
7.124868018894138233e-01
7.010502917477076101e-01
8.374326201722700480e-01
7.442400666851902713e-01
7.873742706307307326e-01
7.829841622672966128e-01
7.019616560155598206e-01
7.218227285357043943e-01
6.424451236454571390e-01
5.709030286190608372e-01
7.056849124756877645e-01
7.989330369547095190e-01
6.910252848013336280e-01
6.643400944706863154e-01
7.976437899416505273e-01
7.739816615726591298e-01
8.051014170602945885e-01
7.458182828563488798e-01
8.007557654904140509e-01
7.297360377882745608e-01
7.963823284245623579e-01
5.000000000000000000e-01
6.003612114476243322e-01
7.927868852459016846e-01
8.138649624895805124e-01
6.665518199499861351e-01
8.272742428452348751e-01
7.593220338983051043e-01
7.871853292581273420e-01
6.906474020561266247e-01
7.213003612114476937e-01
7.482856348985829076e-01
7.343706585162543821e-01
7.287913309252569416e-01
7.306251736593498691e-01
4.983606557377049384e-01
7.242233953876076047e-01
5.855848846901917648e-01
8.145373714920812747e-01
6.988830230619615946e-01
6.244845790497359772e-01
6.670519588774659336e-01
7.427507641011391604e-01
8.203723256460128122e-01
7.877521533759377359e-01
6.670186162823006359e-01
6.746985273687134965e-01
7.337927202000555926e-01
7.419949986107251538e-01
7.607113086968602111e-01
6.414226173937205289e-01
8.070464017782716937e-01
6.612670186162823427e-01
7.922645179216449840e-01
7.095304251180882815e-01
7.465629341483746018e-01
6.273409280355655149e-01
7.917754931925533590e-01
7.146651847735481233e-01
6.208946929702694462e-01
7.976437899416503052e-01
7.166768546818560459e-01
6.037121422617393041e-01
7.415726590719644573e-01
7.029841622672964307e-01
7.760933592664628344e-01
5.967935537649347033e-01
7.846401778271742122e-01
6.044567935537650261e-01
7.471631008613504044e-01
6.882078355098638633e-01
6.624284523478745079e-01
5.081022506251736681e-01
5.189997221450403098e-01
6.928591275354264445e-01
5.216226729647124305e-01
5.039010836343429389e-01
7.839622117254791966e-01
7.340594609613781962e-01
7.789385940539037545e-01
8.457571547652125155e-01
8.139205334815226012e-01
7.649235898860793359e-01
8.039344262295082810e-01
6.294081689358155263e-01
7.317032509030285681e-01
7.273798277299250437e-01
6.871242011669908001e-01
7.640011114198388409e-01
8.390664073353708563e-01
7.353264795776605078e-01
7.383606557377048185e-01
8.188052236732425992e-01
7.313142539594332803e-01
7.393164767991108333e-01
7.534426229508198736e-01
7.178105029174770557e-01
6.351097527090858730e-01
7.266351764378994327e-01
7.509308141150319305e-01
7.000722422895248043e-01
7.459071964434564883e-01
6.640733537093637118e-01
7.867629897193664235e-01
6.320311197554876470e-01
6.760100027785496124e-01
6.957154765212559822e-01
7.258460683523200174e-01
7.107641011392054065e-01
5.950208391219783399e-01
7.573437065851624794e-01
6.213948318977493557e-01
5.000000000000000000e-01
8.098471797721589205e-01
6.423061961656015839e-01
6.456682411781050623e-01
7.305696026674076693e-01
7.127924423450957558e-01
6.981161433731593036e-01
8.035120866907474735e-01
5.484023339816616049e-01
7.128424562378438134e-01
7.133759377604890206e-01
7.309585996110030681e-01
5.903417616004446034e-01
7.669908307863294583e-01
8.002778549597110436e-01
8.358210614059462529e-01
7.381939427618782190e-01
6.875909974993053009e-01
7.675354265073630611e-01
6.345429285912753681e-01
6.373103639899972972e-01
8.116143373159211416e-01
6.949263684356765669e-01
7.297471519866628453e-01
5.000000000000000000e-01
7.182884134481800631e-01
7.143095304251181332e-01
7.563434287302028824e-01
7.011503195332036142e-01
7.983550986385106185e-01
8.060405668241177324e-01
7.680022228396776729e-01
6.430452903584329416e-01
6.556765768268963956e-01
7.344929146985272883e-01
7.898193942761878583e-01
7.485746040566824133e-01
8.074131703250904124e-01
6.927479855515421558e-01
8.306196165601554826e-01
6.998388441233676094e-01
7.461961656015561051e-01
5.000000000000000000e-01
6.524590163934427256e-01
6.555487635454292361e-01
8.215504306751875152e-01
5.901194776326756930e-01
8.031008613503751725e-01
7.613337038066129159e-01
8.058905251458738928e-01
5.909030286190608550e-01
8.308085579327590953e-01
7.881078077243678370e-01
8.054792998055015918e-01
7.940761322589607873e-01
4.988941372603500346e-01
7.728591275354265155e-01
8.335871075298695310e-01
5.000000000000000000e-01
5.124756876910252501e-01
7.965045846068352642e-01
8.268519033064739565e-01
7.950486246179493399e-01
6.314642956376771421e-01
5.635009724923589758e-01
6.266629619338704993e-01
7.492525701583774289e-01
4.754376215615448431e-01
5.662850791886634427e-01
7.578883023061961932e-01
8.040455682133926807e-01
5.000000000000000000e-01
7.982106140594609212e-01
6.517588218949709189e-01
5.000000000000000000e-01
7.247124201166990076e-01
6.557710475131981465e-01
8.107140872464573267e-01
7.689135871075297723e-01
7.302917477076965591e-01
5.000000000000000000e-01
7.973659349819394171e-01
5.000000000000000000e-01
5.475798833009168920e-01
6.780105584884690284e-01
7.385829397054737289e-01
7.209335926646290860e-01
7.382383995554320233e-01
5.379994442900806195e-01
5.000000000000000000e-01
6.345929424840234256e-01
7.719144206724090074e-01
5.842622950819671424e-01
7.904973603778826519e-01
7.593331480966936109e-01
7.382939705473742231e-01
7.966546262850791038e-01
8.224729091414282323e-01
7.030286190608502350e-01
8.210725201444846189e-01
8.098249513753821294e-01
8.154709641567101652e-01
7.396832453459294410e-01
8.246624062239511499e-01
8.149485968324534646e-01
8.142817449291469556e-01
8.045790497360378879e-01
7.613670464017783246e-01
6.675854404001111408e-01
7.360711308696860078e-01
7.108863573214782017e-01
7.293581550430674465e-01
7.568102250625174943e-01
7.549430397332591580e-01
8.190497360377883007e-01
7.562545151430952739e-01
7.046290636287857456e-01
6.987718810780773060e-01
7.797277021394831698e-01
6.887135315365380261e-01
6.468241178105028633e-01
6.457793831619893510e-01
7.702361767157543948e-01
6.706307307585440691e-01
7.383606557377049295e-01
7.374604056682412256e-01
6.856348985829396891e-01
7.080411225340372816e-01
7.941539316476800003e-01
7.737704918032786150e-01
8.099249791608780225e-01
8.307196443456514867e-01
7.203889969435954832e-01
7.381828285634899345e-01
7.541539316476799648e-01
8.349986107252014289e-01
8.091803278688523005e-01
7.320255626562934825e-01
8.406890803000832690e-01
8.385551542095026623e-01
8.049569324812447801e-01
8.416560155598776793e-01
8.397110308419004632e-01
8.016004445679354440e-01
8.073020283412059017e-01
8.167824395665461701e-01
8.442233953876076002e-01
8.101583773270353284e-01
8.267074187274242592e-01
8.340539038621840318e-01
8.119033064740206473e-01
7.697471519866629919e-01
8.365323701028064551e-01
8.055459849958321872e-01
7.217004723534313770e-01
8.131480966935260568e-01
8.133036954709640387e-01
8.285523756599054712e-01
8.168602389552653831e-01
8.344873575993331238e-01
7.913864962489580712e-01
8.000889135871076530e-01
7.393831619894415397e-01
7.852181161433732237e-01
8.116921367046402436e-01
8.122033898305084376e-01
7.761155876632397366e-01
8.286635176437898709e-01
8.428896915809946933e-01
8.231397610447346302e-01
7.936537927202000908e-01
7.410614059460961522e-01
8.029008057793831643e-01
8.187829952764656971e-01
7.974659627674354212e-01
8.147485412614614564e-01
7.689691580994720832e-01
8.175493192553486832e-01
7.770714087246457513e-01
8.259405390386218571e-01
8.244290080577938440e-01
7.935537649347040867e-01
8.082578494026118054e-01
8.021783828841344555e-01
8.199499861072520046e-01
8.155709919422060583e-01
8.000555709919423553e-01
8.155154209502639695e-01
8.191053070297305005e-01
8.066685190330646904e-01
7.155765490414003338e-01
7.792275632120031492e-01
6.621339260905807489e-01
8.012114476243401562e-01
8.145595998888580658e-01
7.890747429841622473e-01
8.022339538760767663e-01
7.984106696304529294e-01
8.057460405668241954e-01
8.126813003612114450e-01
8.094470686301750151e-01
8.173492636843567860e-01
8.106251736593498292e-01
8.035343150875242646e-01
7.951097527090859041e-01
5.000000000000000000e-01
8.091914420672410291e-01
7.853959433175882188e-01
8.014337315921089555e-01
7.951430953042510907e-01
8.064684634620729042e-01
7.995332036676854326e-01
7.947540983606558029e-01
8.033342595165322564e-01
7.579994442900804819e-01
6.848457904973603849e-01
7.937093637121421796e-01
6.896804667963323254e-01
7.650680744651292553e-01
8.162267296471241718e-01
8.088580161155876080e-01
7.912531258682966584e-01
7.206001667129758870e-01
8.021561544873575533e-01
7.596221172547930056e-01
7.931203111975548836e-01
6.269963878855238093e-01
6.811447624340094542e-01
8.297527090858571874e-01
8.198388441233674939e-01
8.292859127535425756e-01
8.248402333981661450e-01
8.218616282300639231e-01
8.396999166435119566e-01
8.285079188663517780e-01
8.288635732147817681e-01
7.834620727979995092e-01
7.410947485412613389e-01
7.377827174215061401e-01
8.042400666851903246e-01
7.483078632953599207e-01
6.753320366768547078e-01
8.012670186162823560e-01
6.183161989441511297e-01
7.451736593498194949e-01
7.743928869130313197e-01
7.912864684634620671e-01
7.545762711864405503e-01
7.598555154209503115e-01
8.307307585440401043e-01
7.084856904695748803e-01
7.488746874131703146e-01
7.149319255348708380e-01
8.370991942206168490e-01
8.324423450958600146e-01
7.384162267296472404e-01
7.780494581828284462e-01
7.820727979994441803e-01
8.036010002778549710e-01
7.826173937204778941e-01
5.000000000000000000e-01
8.210502917477077167e-01
8.345429285912753237e-01
8.117810502917477411e-01
5.000000000000000000e-01
8.059349819394276970e-01
7.035398721867185401e-01
6.229508196721311730e-01
6.724923589886079300e-01
7.217227007502083902e-01
8.052125590441789882e-01
8.309530425118087926e-01
7.332258960822450877e-01
8.090191719922199542e-01
8.175604334537371898e-01
8.203834398444013187e-01
8.157932759099749687e-01
7.380605723812170282e-01
7.925868296749096764e-01
8.009447068630175526e-01
7.455737704918031783e-01
8.142261739372047558e-01
7.607557654904141264e-01
8.027229786051681693e-01
7.897304806890803608e-01
7.753820505696027432e-01
8.106585162545151269e-01
8.248291191997776384e-01
8.372770213948319551e-01
8.336982495137538196e-01
6.855348707974437961e-01
8.225951653237010275e-01
5.717754931925533857e-01
7.346929702695192965e-01
7.315254237288135730e-01
8.340650180605724273e-01
8.031008613503750615e-01
8.218282856348986254e-01
8.204945818282857184e-01
8.101028063350930175e-01
8.078132814670742068e-01
8.367324256737982413e-01
8.296415671019727878e-01
7.942873020283411911e-01
8.152264517921644638e-01
8.101694915254237239e-01
8.179938871908863929e-01
8.109919422061684369e-01
8.031008613503751725e-01
8.072464573492637019e-01
6.191831064184495359e-01
8.126701861628230494e-01
8.062239510975270917e-01
8.149374826340649580e-01
8.210058349541540235e-01
8.201722700750208039e-01
8.077910530702974157e-01
8.242511808835787379e-01
8.036454570714087753e-01
8.156376771325367647e-01
7.862961933870519227e-01
7.925979438732981830e-01
7.885190330647402490e-01
8.056015559877744980e-01
8.006335093081411447e-01
5.000000000000000000e-01
8.023228674631841528e-01
7.940761322589608984e-01
7.957432620172271154e-01
8.086913031397610085e-01
8.098360655737704139e-01
7.978883023061962287e-01
8.133036954709640387e-01
7.991219783273131316e-01
7.874187274242845369e-01
7.061350375104196164e-01
5.221894970825229354e-01
7.962322867463184073e-01
8.024562378438455656e-01
7.887302028341206528e-01
7.921311475409835712e-01
8.029674909697137597e-01
7.916532370102806748e-01
8.007446512920255444e-01
7.990552931369825362e-01
7.949096971380938959e-01
7.955098638510698095e-01
8.048235621005834783e-01
8.068685746040566986e-01
8.124034454015003348e-01
7.276799110864130560e-01
7.823173103639899928e-01
7.087413170325090883e-01
8.295971103084189835e-01
8.242400666851902313e-01
7.224784662406223967e-01
8.222839677688247306e-01
6.650736315643234198e-01
8.418671853292581941e-01
8.106585162545152379e-01
8.456348985829397202e-01
7.664240066685189534e-01
7.872742428452346175e-01
7.522534037232564419e-01
7.467852181161434011e-01
7.577549319255347804e-01
8.110363989997221301e-01
6.121589330369546778e-01
7.149430397332592335e-01
8.326757432620172095e-01
7.940761322589608984e-01
7.775604334537371543e-01
8.457793831619895286e-01
8.066462906362877883e-01
7.163545429285912425e-01
7.968213392609058143e-01
8.183939983328702983e-01
7.350375104195610021e-01
5.000000000000000000e-01
8.066685190330646904e-01
7.983106418449569253e-01
8.279966657404835839e-01
6.877910530702973091e-01
8.140594609613781563e-01
8.191831064184496025e-01
8.386551819949985553e-01
8.122478466240622419e-01
8.132592386774103455e-01
8.402445123645455594e-01
7.228563489858295110e-01
7.887524312308975549e-01
8.074353987218672035e-01
6.961822728535704830e-01
7.991219783273131316e-01
8.383995554320644583e-01
6.423450958599610239e-01
8.058460683523200885e-01
7.796943595443179831e-01
8.198499583217560005e-01
8.107696582383995265e-01
8.284190052792441694e-01
8.347874409558211362e-01
8.170936371214225780e-01
7.071519866629618623e-01
6.564101139205335000e-01
8.356210058349542447e-01
6.664406779661016245e-01
7.732258960822451233e-01
8.126257293692693562e-01
8.354320644623506320e-01
5.671742150597388621e-01
7.170102806335092449e-01
8.131703250903028479e-01
8.383439844401223695e-01
8.115254237288135331e-01
7.770936371214226535e-01
7.991997777160323446e-01
8.189830508474577053e-01
8.258182828563490618e-01
8.309308141150320015e-01
8.163156432342317803e-01
8.351875520978049305e-01
5.479911086412893040e-01
5.000000000000000000e-01
8.073575993331481016e-01
8.144929146985273594e-01
8.077910530702974157e-01
8.129146985273687509e-01
8.370325090302861426e-01
5.961433731592108431e-01
8.300750208391218798e-01
8.362878577382605316e-01
8.177160322311753937e-01
8.158266185051402664e-01
8.145262572936928791e-01
8.133259238677410519e-01
8.273631564323422616e-01
5.679410947485412642e-01
7.918866351764378697e-01
8.260405668241177501e-01
5.000000000000000000e-01
8.164712420116697622e-01
8.158377327035287729e-01
5.121978327313142509e-01
7.961100305640455010e-01
5.000000000000000000e-01
4.805390386218394427e-01
6.766990830786329125e-01
8.113142539594331293e-01
8.090136148930259230e-01
8.070241733814947915e-01
5.623395387607669216e-01
6.374103917754931903e-01
8.016226729647124571e-01
8.192053348152265047e-01
8.034898582939704603e-01
5.364823562100583532e-01
8.048569046957487760e-01
7.709697138093914992e-01
8.022672964712420640e-01
6.510363989997220990e-01
8.040233398166157786e-01
5.000000000000000000e-01
7.645123645457072570e-01
7.700805779383161909e-01
7.986996387885523241e-01
8.009558210614060592e-01
5.000000000000000000e-01
5.068574604056682587e-01
5.647124201166990876e-01
7.940539038621838852e-01
8.024006668519033658e-01
7.387941094748541326e-01
5.000000000000000000e-01
5.339816615726591387e-01
8.099916643512086178e-01
7.716699083078633059e-01
7.889302584051125500e-01
8.238621839399834501e-01
8.379994442900806639e-01
8.429341483745484975e-01
8.473798277299249282e-01
8.151819949986107705e-01
8.378994165045845488e-01
8.357766046123922266e-01
8.349096971380939314e-01
8.485690469574882489e-01
8.173492636843567860e-01
8.445568213392609103e-01
8.485357043623227291e-01
8.382884134481800587e-01
8.337982772992498237e-01
8.139260905807167434e-01
7.840066685190331119e-01
8.435343150875243001e-01
8.384551264240066581e-01
8.066685190330646904e-01
8.109585996110030282e-01
8.030119477632675640e-01
8.325201444845791166e-01
8.438566268407889925e-01
7.933203667685468918e-01
8.439344262295082055e-01
8.122589608224506375e-01
8.367768824673520456e-01
8.382106140594609567e-01
8.409113642678521794e-01
8.262961933870519582e-01
7.963767713253681046e-01
8.294192831342038774e-01
8.109141428174493349e-01
8.332425673798278254e-01
8.183050847457626897e-01
8.387107529869408662e-01
7.963545429285912025e-01
8.394109474854126729e-01
8.213392609058071114e-01
8.356876910252847290e-01
7.998777438177271382e-01
8.391553209224784649e-01
8.305307029730482071e-01
7.976437899416505273e-01
8.332647957766045055e-01
8.407001944984717756e-01
8.055237565990551740e-01
8.377993887190885447e-01
8.294415115309807796e-01
8.267185329258126547e-01
8.229119199777716887e-01
8.026562934148373518e-01
8.413892747985551868e-01
8.202500694637400169e-01
8.351430953042511263e-01
8.272520144484579729e-01
8.234176160044456294e-01
8.124923589886079434e-01
7.711364267852180987e-01
8.424562378438454902e-01
8.133703806612946341e-01
8.218616282300639231e-01
8.017227007502083502e-01
8.239399833287024411e-01
8.296193387051958856e-01
7.980661294804112238e-01
8.094804112253404238e-01
8.174270630730759990e-01
8.221617115865518244e-01
8.159488746874132836e-01
8.266963045290358636e-01
8.226285079188664362e-01
8.254070575159766499e-01
8.264406779661016555e-01
8.088802445123646212e-01
8.177827174215059891e-01
8.013448180050014580e-01
8.076910252848011895e-01
8.081578216171159124e-01
8.174492914698526791e-01
8.065796054459570819e-01
8.209169213670464149e-01
8.086913031397611196e-01
7.918977493748263763e-01
8.212614615170881205e-01
8.263851069741594557e-01
8.060794665184771723e-01
8.146040566824117590e-01
8.189941650458461009e-01
8.097916087802167207e-01
8.077465962767436114e-01
8.104695748819117362e-01
8.091358710752987182e-01
8.119699916643512427e-01
8.140038899694359564e-01
8.109474854126146326e-01
7.947540983606556919e-01
7.880855793275909349e-01
7.964990275076411219e-01
8.059127535426506839e-01
8.097804945818283251e-01
8.205834954153931049e-01
7.924534592942484856e-01
8.052347874409557793e-01
8.104806890803000208e-01
7.690914142817448784e-01
7.987885523756599326e-01
8.034676298971936692e-01
7.918866351764378697e-01
7.868519033064740320e-01
7.737149208113365262e-01
7.870853014726313379e-01
7.603667685468185056e-01
8.057571547652124799e-01
8.046123923312030746e-01
8.123367602111697394e-01
7.944540150041677906e-01
7.958655181994997996e-01
7.994776326757433438e-01
7.862072797999444251e-01
8.092025562656293136e-01
8.061572659071964964e-01
7.655126424006668540e-01
7.996888024451236365e-01
8.001333703806612352e-01
7.905751597666018649e-01
7.885301472631286446e-01
8.074353987218672035e-01
7.992108919144207402e-01
8.359988885801610259e-01
8.291414281744931003e-01
8.341761600444568270e-01
8.308085579327590953e-01
8.331536537927202168e-01
8.312975826618504982e-01
8.446346207279801233e-01
8.028563489858293600e-01
8.187496526813002884e-01
8.247068630175048431e-01
8.075798833009169009e-01
8.530147263128646795e-01
8.305418171714364917e-01
8.078021672686857002e-01
8.308419005279243930e-01
8.253514865240344500e-01
8.133259238677410519e-01
8.305529313698249982e-01
8.226285079188663252e-01
8.281522645179216768e-01
8.436010002778548955e-01
8.434342873020282960e-01
8.367435398721867479e-01
8.342873020283412266e-01
8.360878021672685234e-01
8.134037232564602649e-01
8.193498193942762020e-01
8.354431786607390276e-01
8.396999166435120676e-01
8.267185329258126547e-01
8.474798555154209323e-01
8.140372325646013651e-01
8.179716587941094907e-01
8.398666296193386671e-01
8.304529035843288831e-01
8.101694915254237239e-01
8.323756599055291971e-01
8.236398999722145398e-01
8.420894692970269935e-01
8.307974437343706997e-01
8.334870797443735269e-01
8.134259516532369449e-01
8.376993609335927626e-01
8.176715754376215894e-01
8.465462628507919307e-01
8.324201166990831124e-01
8.263962211725479623e-01
8.356321200333426402e-01
8.133036954709642607e-01
8.382328424562378588e-01
8.145262572936926571e-01
8.163712142261738691e-01
8.344984717977217414e-01
8.233509308141150340e-01
8.229397054737426220e-01
8.324645734926368057e-01
8.326757432620173205e-01
8.054459572103360721e-01
8.300639066407335953e-01
8.245734926368435413e-01
8.377660461239233580e-01
8.233175882189497363e-01
8.391553209224784649e-01
8.315198666296192975e-01
8.138482911919977525e-01
8.211058627396499165e-01
8.219727702139482117e-01
8.170047235343151915e-01
8.170047235343151915e-01
8.165156988052235665e-01
8.217060294526256081e-01
8.249736037788275578e-01
8.113253681578216359e-01
8.235732147818839444e-01
8.129258127257571465e-01
8.082578494026118054e-01
7.988441233676022435e-01
8.236843567657683440e-01
8.178605168102252021e-01
8.082689636010003120e-01
8.087024173381495151e-01
8.084467907752154181e-01
8.042345095859960713e-01
7.781606001667129568e-01
8.186273964990276042e-01
8.271186440677966711e-01
8.080577938316199083e-01
7.986662961933870264e-01
8.222839677688246196e-01
8.169380383439843740e-01
8.184273409280354850e-01
8.234342873020282783e-01
8.123589886079465305e-01
8.110475131981105257e-01
7.898749652681300581e-01
8.136593498193942509e-01
8.052347874409558903e-01
7.984773548207837468e-01
8.190163934426228920e-01
7.838844123367600947e-01
8.139038621839399523e-01
7.995887746596277434e-01
7.859627674353987237e-01
8.088802445123643992e-01
7.884078910808557383e-01
8.124034454015004458e-01
8.090247290914143186e-01
8.021339260905806512e-01
7.955765490414004049e-01
8.026340650180605607e-01
8.132814670741871366e-01
7.936649069185883754e-01
7.914754098360656798e-01
8.042233953876076757e-01
8.055570991942205827e-01
7.886301750486246487e-01
7.994220616838011439e-01
8.026674076132258584e-01
7.903417616004445589e-01
7.906863017504862645e-01
7.982106140594609212e-01
7.986885245901638175e-01
8.005001389274797319e-01
8.087246457349264173e-01
8.085579327590997067e-01
7.952320088913586993e-01
7.846179494303973101e-01
8.364990275076409354e-01
8.376549041400389584e-01
8.565156988052236020e-01
5.000000000000000000e-01
8.149597110308419712e-01
8.558599611003055996e-01
8.234176160044456294e-01
8.550263962211724911e-01
8.450236176715755221e-01
8.487579883300916395e-01
8.372881355932203506e-01
8.052681300361210770e-01
8.412781328146706761e-01
8.124479021950541391e-01
8.409558210614058726e-01
8.380994720755764460e-01
8.405890525145874870e-01
8.337649347040844150e-01
8.106251736593498292e-01
8.448680188941373181e-01
8.471464295637677333e-01
8.461128091136426166e-01
8.435454292859126957e-01
8.441789385940539070e-01
8.361100305640455366e-01
8.449458182828564201e-01
8.461683801055849274e-01
8.364656849124756377e-01
8.305973881633788025e-01
8.383439844401222585e-01
8.420116699083078915e-01
8.339983328702417209e-01
8.186051681022505910e-01
8.386885245901638530e-01
8.358877465962768483e-01
8.198166157265907028e-01
7.922645179216449840e-01
8.309419283134205081e-01
8.366323978883023482e-01
8.271631008613503644e-01
8.280411225340371661e-01
8.252181161433731482e-01
8.375659905529313498e-01
8.317421505973882079e-01
8.261294804112253587e-01
8.319310919699918205e-01
8.240733537093638539e-01
8.260961378160601720e-01
8.377993887190886557e-01
8.362989719366490382e-01
8.373103639899972528e-01
8.278632953598223931e-01
8.252625729369268415e-01
8.423673242567379926e-01
8.246846346207279410e-01
8.300861350375104974e-01
8.390997499305362650e-01
8.414781883856626843e-01
8.206279522089467982e-01
8.160044456793553724e-01
8.336982495137538196e-01
8.150819672131147664e-01
8.434342873020282960e-01
8.444790219505419193e-01
8.289413726035010921e-01
8.360544595721033367e-01
8.205612670186162028e-01
8.143484301194776620e-01
8.047124201166990787e-01
8.105696026674076293e-01
8.218393998332869099e-01
8.359877743817727414e-01
8.029674909697137597e-01
8.311642122811893074e-01
8.125145873853848455e-01
8.095470964156710192e-01
8.154265073631564720e-01
8.163823284245623757e-01
5.155098638510696718e-01
8.381883856626839435e-01
7.929758266185051863e-01
8.204278966379550120e-01
8.127924423450958447e-01
8.083689913864962051e-01
7.922422895248679708e-01
8.071019727702140045e-01
8.127035287579883471e-01
8.107252014448458333e-01
8.110586273964989212e-01
8.145929424840232524e-01
8.177160322311753937e-01
8.068018894137258812e-01
8.056904695748818845e-01
8.275409836065574787e-01
8.137149208113365617e-01
7.750819672131148419e-01
8.013114754098360493e-01
8.065462628507917842e-01
8.169380383439844850e-01
8.055570991942206938e-01
7.983439844401223340e-01
8.025673798277299653e-01
8.126924145595998406e-01
8.244290080577938440e-01
7.909530425118087571e-01
8.229952764656849329e-01
7.950541817171437042e-01
8.153820505696025567e-01
8.148152264517921628e-01
8.096471242011670233e-01
7.850180605723812155e-01
8.048902472909140737e-01
8.005668241178105493e-01
8.022006112809113576e-01
8.056015559877743870e-01
7.980883578771882370e-01
7.954209502639622009e-01
7.942428452347874979e-01
8.107363156432341178e-01
8.060016671297581814e-01
8.065129202556265975e-01
8.000111141983884400e-01
7.907307585440401798e-01
7.939761044734648943e-01
8.158043901083633642e-01
7.835843289802721934e-01
8.065462628507918952e-01
7.897860516810225606e-01
