2.524071526819999800e-01 2.228335625860000113e-01 2.207702888580000133e-01 3.039889958729999897e-01
2.654745529570000095e-01 2.661623108669999849e-01 2.324621733149999925e-01 2.359009628610000131e-01
2.744154057770000210e-01 2.145804676749999973e-01 2.627235213199999864e-01 2.482806052269999897e-01
0.000000000000000000e+00 0.000000000000000000e+00 0.000000000000000000e+00 1.000000000000000000e+00
1.000000000000000000e+00 0.000000000000000000e+00 0.000000000000000000e+00 0.000000000000000000e+00
1.000000000000000000e+00 0.000000000000000000e+00 0.000000000000000000e+00 0.000000000000000000e+00
0.000000000000000000e+00 0.000000000000000000e+00 4.951856946350000066e-02 9.504814305359999826e-01
0.000000000000000000e+00 1.000000000000000000e+00 0.000000000000000000e+00 0.000000000000000000e+00
0.000000000000000000e+00 9.965612104540000349e-01 0.000000000000000000e+00 3.438789546080000051e-03
2.702888583220000029e-01 2.565337001379999760e-01 2.441540577719999994e-01 2.290233837689999996e-01
2.682255845939999772e-01 2.352132049519999879e-01 2.262723521320000042e-01 2.702888583220000029e-01
2.448418156809999968e-01 2.744154057770000210e-01 2.414030261350000039e-01 2.393397524070000060e-01
