2.160540135029999920e-01 2.573143285819999848e-01 2.273068267070000037e-01 2.993248312080000195e-01
2.963240810200000186e-01 2.243060765190000028e-01 2.340585146289999863e-01 2.453113278319999924e-01
2.363090772689999952e-01 2.588147036760000130e-01 2.543135783950000173e-01 2.505626406600000022e-01
3.000750187550000215e-03 7.501875468870000197e-04 9.962490622659999628e-01 0.000000000000000000e+00
3.000750187550000215e-03 9.819954988750000391e-01 1.275318829709999949e-02 2.250562640660000099e-03
9.654913728430000175e-01 2.400600150040000172e-02 1.050262565640000013e-02 0.000000000000000000e+00
1.125281320330000050e-02 9.534883720929999695e-01 1.725431357839999832e-02 1.800450112529999869e-02
2.250562640660000099e-03 5.251312828209999881e-03 9.827456864219999977e-01 9.752438109530000079e-03
5.251312828209999881e-03 0.000000000000000000e+00 9.002250562640000398e-03 9.857464366089999652e-01
6.751687921980000298e-03 2.325581395350000136e-02 9.549887471869999978e-01 1.500375093770000071e-02
2.250562640660000099e-03 9.977494373590000132e-01 0.000000000000000000e+00 0.000000000000000000e+00
2.340585146289999863e-01 2.348087021760000004e-01 2.580645161289999989e-01 2.730682670669999923e-01
2.183045761440000065e-01 2.775693923479999881e-01 2.280570142539999900e-01 2.760690172540000153e-01
