5.255255255260000112e-03 0.000000000000000000e+00 9.939939939940000135e-01 7.507507507510000023e-04
0.000000000000000000e+00 1.000000000000000000e+00 0.000000000000000000e+00 0.000000000000000000e+00
9.969969969969999513e-01 1.501501501500000085e-03 0.000000000000000000e+00 1.501501501500000085e-03
6.756756756760000197e-03 9.849849849849999783e-01 6.006006006010000155e-03 2.252252252250000128e-03
6.756756756760000197e-03 2.252252252250000128e-03 9.909909909909999648e-01 0.000000000000000000e+00
1.201201201200000068e-02 7.507507507510000240e-03 1.651651651650000094e-02 9.639639639639999702e-01
1.276276276280000066e-02 2.927927927930000160e-02 9.361861861860000245e-01 2.177177177180000117e-02
1.951951951950000111e-02 9.519519519519999973e-01 1.201201201200000068e-02 1.651651651650000094e-02
2.094594594589999914e-01 2.484984984979999867e-01 2.957957957960000162e-01 2.462462462460000001e-01
2.102102102099999981e-01 2.447447447449999924e-01 2.627627627629999796e-01 2.822822822819999744e-01
2.620120120119999729e-01 2.935435435439999741e-01 2.049549549549999905e-01 2.394894894890000070e-01
2.672672672670000082e-01 2.454954954949999935e-01 2.349849849850000061e-01 2.522522522519999866e-01
