5.858741258741257951e-01
5.074797202797202145e-01
8.253426573426573265e-01
7.906013986013985528e-01
7.818517482517481909e-01
5.037874125874125530e-01
5.646881118881118544e-01
4.872167832167831891e-01
8.231608391608391528e-01
7.396475524475525365e-01
8.114461538461538170e-01
7.625846153846154163e-01
4.880783216783217693e-01
5.358657342657342504e-01
5.021034965034965047e-01
5.824559440559440304e-01
7.000503496503496237e-01
8.496895104895104689e-01
8.516139860139860795e-01
8.205090909090909657e-01
6.294489510489510442e-01
8.423272727272725913e-01
6.162461538461538879e-01
5.839552447552447401e-01
8.553398601398600753e-01
8.627132867132868421e-01
8.547244755244756131e-01
8.475860139860138531e-01
7.369398601398601256e-01
8.574209790209790238e-01
8.595356643356644177e-01
8.378517482517482406e-01
7.171636363636363365e-01
8.563468531468532152e-01
8.541426573426572633e-01
8.443860139860139835e-01
8.477202797202796347e-01
8.512671328671329585e-01
8.518489510489510863e-01
8.457510489510489116e-01
8.550041958041957324e-01
7.616671328671328345e-01
8.517370629370630830e-01
8.460307692307691418e-01
8.196699300699300528e-01
8.557762237762238655e-01
8.467132867132867169e-01
8.531412587412587900e-01
8.523188811188810998e-01
8.551720279720280704e-01
8.576559440559440306e-01
8.554853146853146351e-01
8.533146853146853505e-01
8.588307692307690644e-01
8.326713286713286477e-01
7.256223776223775790e-01
8.579132867132865936e-01
8.579468531468531500e-01
8.552839160839160737e-01
8.517930069930070847e-01
8.520615384615385368e-01
8.538405594405594767e-01
8.490237762237762276e-01
8.539412587412587019e-01
8.355636363636362862e-01
8.563804195804195496e-01
8.521174825174825385e-01
8.548699300699300618e-01
8.471160839160839506e-01
8.466461538461538261e-01
8.485146853146852131e-01
8.467916083916082748e-01
8.541818181818181532e-01
8.609006993006993458e-01
8.565706293706292218e-01
8.499356643356643648e-01
8.551608391608391813e-01
8.509202797202797264e-01
8.483132867132867627e-01
8.488615384615383341e-01
8.527440559440560008e-01
8.478097902097901928e-01
8.529790209790208966e-01
8.399888111888111908e-01
8.475300699300698515e-01
5.000000000000000000e-01
8.495104895104894638e-01
8.518601398601397534e-01
8.144783216783215707e-01
8.559216783216783142e-01
8.466685314685314934e-01
4.964475524475523427e-01
8.566153846153845564e-01
8.488167832167831106e-01
8.466685314685314934e-01
8.523636363636363233e-01
8.452027972027971181e-01
8.255776223776224443e-01
6.865902097902097934e-01
8.441510489510488657e-01
8.527216783216783336e-01
4.986629370629370728e-01
8.391384615384613888e-01
8.510433566433566188e-01
8.515580419580419669e-01
8.415104895104895677e-01
8.555300699300699696e-01
8.496000000000000218e-01
8.362629370629370840e-01
8.549482517482517308e-01
8.481454545454545357e-01
8.595244755244753065e-01
8.471496503496503960e-01
4.897902097902097629e-01
8.514685314685315198e-01
8.510209790209790626e-01
8.492195804195805664e-01
8.436811188811188522e-01
8.430993006993008354e-01
8.553846153846154099e-01
8.529230769230768949e-01
8.408391608391608818e-01
8.430769230769230571e-01
8.514909090909089651e-01
8.490181818181817830e-01
8.505510489510489380e-01
8.319776223776222945e-01
8.445426573426574324e-01
6.971524475524475406e-01
6.872839160839161465e-01
6.074517482517481914e-01
4.996643356643356571e-01
7.610965034965035958e-01
5.816839160839161194e-01
6.419692307692307365e-01
5.908195804195803813e-01
5.000000000000000000e-01
7.063328671328671371e-01
6.367048951048950300e-01
5.364811188811189346e-01
5.000000000000000000e-01
6.765650349650349504e-01
6.415776223776223919e-01
6.524251748251747030e-01
7.381818181818180502e-01
8.605202797202797793e-01
8.541986013986013759e-01
5.551888111888111377e-01
6.320951048951048978e-01
7.255608391608390217e-01
8.456615384615383535e-01
4.842125874125874363e-01
8.583272727272728275e-01
5.915860139860139588e-01
5.429818181818182321e-01
6.649510489510489508e-01
8.600615384615384329e-01
8.540923076923075952e-01
7.666237762237761988e-01
8.475412587412586296e-01
8.464671328671328210e-01
8.406265734265734313e-01
5.929734265734265541e-01
8.522181818181818747e-01
8.565258741258741093e-01
8.513678321678321836e-01
8.538629370629370330e-01
7.244979020979021023e-01
8.565818181818182220e-01
8.501258741258740370e-01
8.576111888111888071e-01
8.598825174825175388e-01
5.866797202797202626e-01
8.574209790209790238e-01
8.574209790209790238e-01
5.885706293706294279e-01
7.256391608391608017e-01
8.508195804195805012e-01
8.573202797202796877e-01
8.511328671328670659e-01
8.572643356643356860e-01
8.487832167832166652e-01
8.441622377622378659e-01
8.546573426573426113e-01
5.596979020979020447e-01
8.537174825174824733e-01
8.419244755244754685e-01
8.475076923076922952e-01
8.559664335664335377e-01
8.577902097902098122e-01
7.074853146853146146e-01
6.421706293706294089e-01
8.473846153846151807e-01
8.520727272727273149e-01
8.426293706293705998e-01
8.547020979020979459e-01
8.444083916083915398e-01
8.423832167832168150e-01
8.478993006993006398e-01
8.399888111888111908e-01
8.397538461538462951e-01
5.298181818181818548e-01
8.493314685314685697e-01
7.257286713286712487e-01
4.908587412587412935e-01
8.541090909090910399e-01
8.474405594405594044e-01
8.462545454545453705e-01
4.984615384615384559e-01
8.422489510489510334e-01
8.481230769230768685e-01
5.052867132867132627e-01
5.000000000000000000e-01
8.506853146853146086e-01
8.366657342657342067e-01
5.178741258741258457e-01
8.551720279720278484e-01
5.000000000000000000e-01
5.300363636363637498e-01
8.352000000000000535e-01
8.549258741258741745e-01
8.414545454545454550e-01
8.478545454545454163e-01
8.501706293706292605e-01
8.439328671328671927e-01
8.443860139860139835e-01
8.467244755244753840e-01
8.498461538461538067e-01
8.441286713286714205e-01
5.000000000000000000e-01
8.559664335664335377e-01
8.451692307692306727e-01
8.414993006993005675e-01
8.455944055944055737e-01
8.468587412587411656e-01
5.000000000000000000e-01
8.407384615384614346e-01
4.854937062937063064e-01
8.390265734265733855e-01
4.882069930069929953e-01
8.419580419580419139e-01
4.967608391608391849e-01
8.489734265734265595e-01
8.468139860139859421e-01
7.085314685314685335e-01
4.727160839160838846e-01
8.478097902097901928e-01
8.549034965034965072e-01
8.422713286713288117e-01
8.385566433566433719e-01
8.437258741258741868e-01
8.418797202797202450e-01
7.290181818181817874e-01
8.483916083916084316e-01
5.104335664335665212e-01
8.497678321678322488e-01
6.745118881118881138e-01
5.622769230769231186e-01
5.298685314685314118e-01
7.724755244755244776e-01
6.523860139860140350e-01
7.050069930069929880e-01
5.746237762237762503e-01
7.666797202797203115e-01
4.630713286713286636e-01
6.771972027972027464e-01
7.048167832167832048e-01
5.440559440559440407e-01
6.219468531468530514e-01
6.494881118881118409e-01
6.959999999999999520e-01
6.672783216783216842e-01
8.461426573426573672e-01
5.000000000000000000e-01
5.000000000000000000e-01
5.000000000000000000e-01
7.672951048951048847e-01
5.887720279720279892e-01
6.281734265734265632e-01
8.429426573426572755e-01
5.062097902097901780e-01
5.680503496503495064e-01
8.574993006993008038e-01
8.522853146853146544e-01
6.765482517482516167e-01
7.536783216783217165e-01
5.240391608391608003e-01
5.789034965034964841e-01
5.000000000000000000e-01
5.000000000000000000e-01
8.560223776223776504e-01
5.917650349650349639e-01
8.520839160839160931e-01
7.257174825174824706e-01
6.792223776223774712e-01
7.263999999999999346e-01
8.564811188811187748e-01
6.888839160839159703e-01
8.545398601398601635e-01
7.289678321678321193e-01
5.000000000000000000e-01
8.527328671328671117e-01
8.574657342657342474e-01
7.113286713286712803e-01
8.591999999999998527e-01
8.529902097902097857e-01
8.575552447552446944e-01
8.514797202797204090e-01
7.342769230769230493e-01
8.440615384615384187e-01
5.000000000000000000e-01
8.465790209790209353e-01
8.602405594405594380e-01
8.527664335664335571e-01
8.554853146853147461e-01
6.675356643356643582e-01
8.535608391608391354e-01
8.508419580419579464e-01
7.261650349650349279e-01
7.324755244755244421e-01
8.413986013986014534e-01
4.980419580419580550e-01
5.621146853146852251e-01
8.481678321678322030e-01
8.472391608391608431e-01
7.325762237762237783e-01
8.563132867132866588e-01
8.486265734265732164e-01
7.326097902097902237e-01
8.422041958041956988e-01
8.467916083916084968e-01
7.149426573426573839e-01
8.443524475524475381e-01
5.236419580419580111e-01
8.459636363636363621e-01
8.496111888111888000e-01
8.438489510489510792e-01
6.895776223776223235e-01
8.441398601398601986e-01
8.397874125874126294e-01
7.083524475524476394e-01
8.514685314685316309e-01
4.981818181818181701e-01
6.889678321678320838e-01
8.505062937062937145e-01
5.000000000000000000e-01
5.004699300699301245e-01
8.325146853146853099e-01
7.271384615384615113e-01
5.000000000000000000e-01
6.960895104895105101e-01
5.000000000000000000e-01
5.015384615384614886e-01
8.591216783216781838e-01
8.396307692307692916e-01
8.401566433566434178e-01
5.000000000000000000e-01
8.578461538461538138e-01
8.537958041958041422e-01
8.438041958041958557e-01
8.470601398601398380e-01
5.111664335664335423e-01
7.135104895104895650e-01
8.445650349650348776e-01
5.000000000000000000e-01
8.559104895104894251e-01
8.552391608391608502e-01
7.421986013986013875e-01
8.469818181818182801e-01
8.410853146853146667e-01
8.431440559440559479e-01
7.144951048951048156e-01
8.408839160839161053e-01
5.114181818181817718e-01
5.000000000000000000e-01
8.596699300699300883e-01
8.542321678321678213e-01
5.093258741258741562e-01
4.236699300699300341e-01
5.498965034965034304e-01
8.519048951048950880e-01
8.460755244755243654e-01
8.449566433566433332e-01
5.000000000000000000e-01
7.179076923076922467e-01
8.113006993006991463e-01
6.994685314685313848e-01
6.578461538461539693e-01
6.970965034965034279e-01
7.506013986013986283e-01
7.279888111888110913e-01
7.313790209790209662e-01
7.049958041958042099e-01
8.077314685314684883e-01
7.788083916083915481e-01
8.158769230769231662e-01
7.336055944055944744e-01
7.216447552447551317e-01
7.009006993006993147e-01
7.301034965034967072e-01
8.346853146853145944e-01
6.871720279720279212e-01
8.314629370629370575e-01
8.444979020979020978e-01
7.914181818181819095e-01
8.250181818181817617e-01
8.302545454545454673e-01
8.369230769230768807e-01
8.479440559440558633e-01
8.440391608391608624e-01
8.537734265734264749e-01
8.051132867132866355e-01
8.543328671328670465e-01
7.345006993006992779e-01
8.600391608391607656e-01
8.027860139860139022e-01
8.464783216783217101e-01
8.431104895104893915e-01
8.485146853146853241e-01
8.436699300699300741e-01
8.484475524475524333e-01
8.488279720279719998e-01
8.491972027972027881e-01
8.480671328671328668e-01
8.411972027972027810e-01
8.332083916083916630e-01
8.526657342657342209e-01
8.557986013986014218e-01
8.466461538461538261e-01
8.471384615384615069e-01
8.490965034965035629e-01
8.458629370629369149e-01
8.490965034965034519e-01
8.520279720279719804e-01
8.554965034965034132e-01
8.438601398601399683e-01
8.493426573426572368e-01
8.400223776223776362e-01
8.450797202797202257e-01
8.370013986013985496e-01
8.464111888111888193e-01
8.323132867132867485e-01
8.410741258741258886e-01
8.478657342657341944e-01
8.406713286713286548e-01
8.478545454545454163e-01
8.399104895104894108e-01
8.478769230769229726e-01
8.523300699300699890e-01
8.402237762237763086e-01
8.383999999999999231e-01
8.490069930069930049e-01
8.476531468531468549e-01
8.490517482517481174e-01
8.415216783216783458e-01
8.472615384615385103e-01
8.413650349650350080e-01
8.419020979020978013e-01
8.513566433566432945e-01
8.532251748251746815e-01
8.386013986013985955e-01
8.417006993006993509e-01
8.473622377622377355e-01
8.476867132867133003e-01
8.378629370629369078e-01
8.433566433566432874e-01
8.493650349650350151e-01
8.479552447552446415e-01
8.355580419580418416e-01
8.393846153846153957e-01
8.494433566433565730e-01
8.421594405594404753e-01
8.347076923076923727e-01
8.379076923076922423e-01
8.404363636363636481e-01
8.342377622377622481e-01
8.329286713286714328e-01
8.515356643356644106e-01
8.466797202797202715e-01
8.405594405594405405e-01
8.345062937062937003e-01
8.350209790209790484e-01
8.393062937062937268e-01
8.303776223776224708e-01
8.460419580419580310e-01
8.313734265734267215e-01
8.295720279720280033e-01
8.381538461538461382e-01
8.536615384615384716e-01
8.440615384615383077e-01
8.256335664335665570e-01
8.085146853146852886e-01
7.308867132867131744e-01
8.419580419580420250e-01
8.354125874125875040e-01
8.397762237762237403e-01
8.259356643356643435e-01
8.234181818181817158e-01
8.112895104895104792e-01
8.125650349650349602e-01
7.958937062937063711e-01
8.393510489510489503e-01
8.414209790209790096e-01
8.259580419580418997e-01
8.319440559440558491e-01
8.365650349650349815e-01
8.420139860139859156e-01
8.271328671328672666e-01
8.419804195804196922e-01
8.246153846153846390e-01
8.396531468531467368e-01
8.444083916083916508e-01
7.779804195804196354e-01
6.841510489510489457e-01
7.133426573426573380e-01
7.326545454545454472e-01
8.135944055944055453e-01
6.049118881118881186e-01
6.352783216783216558e-01
7.170685314685316669e-01
6.297062937062937182e-01
7.873230769230769033e-01
7.603244755244755737e-01
7.749706293706293270e-01
7.090013986013986580e-01
8.040391608391607159e-01
7.245650349650349931e-01
7.452419580419579193e-01
8.445874125874125449e-01
8.553510489510488535e-01
8.457174825174824662e-01
8.476531468531467439e-01
8.471160839160838396e-01
8.240783216783216236e-01
8.441174825174825314e-01
8.536167832167833591e-01
8.585174825174824997e-01
8.587748251748251738e-01
8.319216783216782929e-01
8.401342657342658615e-01
8.356475524475523997e-01
8.471608391608389521e-01
7.693538461538461659e-01
8.352111888111887206e-01
8.452475524475524526e-01
8.529902097902097857e-01
8.470489510489509488e-01
8.553062937062936300e-01
8.495552447552447983e-01
8.497006993006994691e-01
8.464559440559440429e-01
8.518489510489510863e-01
8.478993006993006398e-01
8.533594405594404630e-01
8.585398601398601670e-01
8.529454545454546732e-01
8.403132867132867556e-01
8.540643356643357054e-01
8.519048951048950880e-01
8.485706293706294367e-01
8.446881118881119921e-01
8.477874125874125255e-01
8.523860139860139906e-01
8.514349650349650744e-01
8.535160839160839119e-01
8.495328671328672421e-01
8.455608391608391283e-01
8.528671328671327823e-01
8.404251748251749810e-01
8.504615384615384910e-01
8.552503496503496283e-01
8.455384615384615721e-01
8.499804195804194773e-01
8.445650349650348776e-01
8.479328671328671962e-01
8.471496503496502850e-01
8.504503496503497129e-01
8.484475524475523223e-01
8.475524475524476298e-01
8.428531468531468285e-01
8.455272727272727940e-01
8.481230769230769795e-01
8.521062937062937603e-01
8.547132867132867240e-01
8.508419580419579464e-01
8.478433566433566382e-01
8.541202797202795960e-01
8.482685314685315392e-01
8.410517482517483323e-01
8.476307692307691877e-01
8.408055944055944364e-01
8.542769230769230449e-01
8.420363636363636939e-01
8.421146853146852518e-01
8.430321678321678336e-01
8.423608391608391477e-01
8.404363636363636481e-01
8.525090909090908831e-01
8.530797202797202328e-01
8.418909090909091342e-01
8.470377622377622817e-01
8.363076923076923075e-01
8.431664335664335042e-01
8.485034965034965460e-01
8.534041958041957976e-01
8.387356643356642660e-01
8.448335664335664408e-01
8.481902097902096482e-01
8.480559440559440887e-01
8.352111888111888316e-01
8.475076923076922952e-01
8.317426573426571768e-01
8.332195804195803301e-01
8.381202797202795818e-01
8.184615384615385736e-01
8.434349650349650673e-01
8.256000000000001116e-01
8.444755244755243195e-01
8.372699300699300018e-01
8.528335664335664479e-01
8.334769230769230042e-01
8.256335664335665570e-01
8.573650349650350222e-01
8.411300699300698902e-01
8.362517482517483058e-01
8.417342657342656853e-01
8.343160839160840281e-01
8.434797202797202909e-01
8.358601398601397392e-01
8.273342657342657169e-01
8.375944055944056776e-01
8.348531468531468214e-01
8.167720279720279697e-01
8.363748251748251983e-01
8.286321678321678652e-01
8.396195804195802914e-01
8.157538461538462737e-01
8.470377622377620597e-01
8.493874125874125713e-01
8.439272727272726371e-01
7.091692307692307740e-01
7.123804195804195327e-01
7.566209790209790231e-01
7.606713286713286948e-01
7.736727272727274007e-01
7.641286713286712384e-01
7.641510489510489057e-01
8.114573426573425952e-01
7.311328671328670703e-01
7.713678321678321126e-01
5.563580419580419489e-01
7.664335664335664156e-01
5.370573426573426179e-01
7.307412587412587257e-01
7.456895104895104875e-01
7.750713286713286632e-01
8.557986013986014218e-01
8.488839160839161124e-01
8.305342657342656976e-01
8.545006993006992735e-01
8.572979020979021314e-01
8.276251748251747253e-01
5.198713286713286807e-01
8.365202797202796470e-01
8.477538461538460801e-01
8.375496503496502321e-01
8.322797202797203031e-01
8.509090909090909483e-01
8.513566433566434055e-01
8.487608391608391090e-01
8.546685314685313895e-01
8.404587412587412043e-01
8.539636363636364802e-01
8.551944055944056267e-01
8.625790209790209495e-01
8.425062937062937074e-01
8.583160839160838274e-01
8.549258741258741745e-01
8.495552447552447983e-01
8.533594405594405741e-01
8.568951048951048977e-01
8.517594405594406393e-01
8.500475524475523681e-01
8.551944055944056267e-01
8.505622377622377162e-01
8.501818181818181497e-01
8.574993006993005817e-01
8.525986013986013301e-01
8.468363636363636093e-01
8.492643356643356789e-01
8.512559440559440693e-01
8.524755244755244377e-01
8.424167832167830383e-01
8.464895104895105993e-01
8.453706293706293451e-01
8.522629370629370982e-01
8.557986013986013107e-01
8.535272727272726900e-01
8.586517482517483923e-01
8.493090909090907914e-01
8.526769230769231100e-01
8.553622377622378536e-01
8.500811188811188135e-01
8.515132867132867434e-01
8.508867132867131700e-01
8.471160839160839506e-01
8.500699300699300354e-01
8.448783216783217753e-01
8.451916083916083400e-01
8.429762237762238319e-01
8.511216783216781767e-01
8.512895104895104037e-01
8.545790209790209424e-01
8.431440559440559479e-01
8.454489510489510140e-01
8.504391608391608237e-01
8.491972027972027881e-01
8.474405594405594044e-01
8.534881118881118001e-01
8.276811188811188380e-01
8.492195804195804554e-01
8.495999999999999108e-01
8.486377622377622165e-01
8.479440559440559744e-01
8.451804195804195619e-01
8.459412587412586948e-01
8.460643356643355872e-01
8.416783216783216837e-01
8.508419580419579464e-01
8.515580419580420779e-01
8.441062937062937532e-01
8.434125874125874001e-01
8.476867132867133003e-01
8.403020979020978665e-01
8.517706293706295284e-01
8.334657342657342260e-01
8.436363636363636287e-01
8.388027972027972679e-01
8.490069930069930049e-01
8.408615384615384380e-01
8.449566433566435553e-01
8.302993006993006908e-01
8.365986013986015379e-01
8.401566433566433068e-01
8.439048951048949698e-01
8.475188811188809623e-01
8.305342657342656976e-01
8.439384615384615262e-01
8.443860139860139835e-01
8.434237762237762892e-01
8.390153846153846073e-01
8.355468531468530635e-01
8.315412587412587264e-01
8.366769230769230958e-01
8.262153846153845738e-01
8.184727272727272407e-01
8.455384615384615721e-01
8.383664335664335887e-01
8.171412587412587580e-01
8.347300699300699289e-01
8.359048951048950737e-01
8.437706293706292993e-01
8.345958041958041473e-01
8.119944055944056105e-01
8.438937062937063027e-01
8.399776223776223016e-01
8.452363636363635635e-01
8.393286713286712830e-01
7.851412587412587296e-01
4.808839160839160631e-01
7.657734265734266188e-01
5.141146853146852935e-01
6.072727272727272974e-01
7.321510489510489883e-01
6.891076923076921990e-01
7.580195804195805076e-01
6.750321678321677954e-01
6.405482517482516958e-01
7.472447552447551988e-01
6.976111888111886650e-01
6.931916083916083160e-01
6.601286713286713681e-01
7.049174825174824299e-01
7.610629370629371504e-01
8.305230769230768084e-01
8.030881118881117997e-01
8.031440559440559124e-01
7.421538461538461640e-01
8.385454545454544828e-01
7.498629370629370516e-01
8.401342657342658615e-01
8.217734265734265575e-01
8.399664335664336345e-01
7.966993006993007276e-01
7.794685314685314559e-01
8.392279720279719468e-01
7.609062937062935905e-01
8.294265734265733325e-01
7.810573426573427236e-01
6.953734265734264897e-01
8.154405594405594870e-01
8.269202797202795940e-01
8.215272727272726616e-01
8.216055944055943305e-01
8.260475524475524578e-01
8.258573426573425635e-01
8.216615384615384432e-01
8.261146853146852376e-01
8.176559440559441061e-01
8.302209790209791329e-01
8.193902097902097115e-01
8.315860139860138389e-01
8.236531468531467226e-01
8.320559440559439635e-01
8.139300699300699993e-01
8.280727272727272936e-01
8.100587412587413327e-01
8.259916083916083451e-01
7.308419580419580619e-01
8.281846153846154079e-01
8.180699300699301180e-01
8.282069930069930752e-01
8.099692307692307747e-01
8.196587412587412746e-01
8.300083916083915714e-01
8.276699300699301709e-01
8.207664335664335287e-01
8.181258741258741196e-01
7.996643356643355904e-01
7.848391608391608321e-01
7.966881118881119495e-01
8.131356643356644209e-01
7.302713286713287122e-01
8.074293706293704798e-01
8.204643356643357421e-01
7.818405594405595238e-01
8.255216783216783316e-01
8.262377622377623521e-01
8.181930069930070104e-01
8.043300699300699463e-01
8.031104895104895780e-01
8.175440559440561028e-01
7.343328671328670509e-01
7.855664335664334086e-01
7.791328671328672240e-01
8.092195804195805309e-01
8.079440559440559388e-01
8.109986013986013598e-01
7.461258741258740557e-01
7.714237762237761142e-01
8.078321678321678245e-01
7.929958041958041770e-01
7.881174825174825926e-01
7.900419580419579813e-01
7.935440559440559705e-01
7.632559440559441022e-01
7.257398601398601379e-01
7.923020979020980459e-01
7.308755244755245073e-01
8.021706293706292179e-01
7.865174825174825468e-01
7.254937062937062420e-01
8.019468531468532113e-01
7.919216783216782574e-01
7.290405594405594547e-01
7.810573426573427236e-01
7.179636363636363594e-01
7.634797202797203308e-01
7.322517482517483245e-01
7.199776223776224171e-01
7.247328671328671090e-01
7.335832167832168071e-01
7.748363636363635454e-01
7.925258741258742745e-01
7.897622377622377510e-01
7.500979020979021694e-01
7.827580419580419946e-01
7.338181818181818139e-01
7.652363636363637145e-01
7.931300699300698476e-01
7.171020979020978903e-01
7.664111888111887483e-01
7.204027972027972071e-01
7.243300699300698753e-01
7.204251748251748744e-01
7.150321678321678309e-01
7.206265734265734357e-01
7.342321678321678258e-01
7.359776223776224313e-01
7.207832167832168846e-01
7.723860139860139196e-01
7.175608391608391257e-01
7.293874125874126868e-01
7.059356643356644589e-01
7.088783216783216545e-01
7.115524475524475090e-01
7.707748251748252066e-01
7.499300699300699424e-01
7.373426573426573594e-01
7.198097902097901901e-01
6.966937062937064162e-01
6.803468531468530589e-01
7.267132867132866103e-01
6.547468531468531028e-01
7.161398601398600849e-01
6.318881118881118919e-01
7.499300699300700535e-01
7.797034965034965737e-01
6.691692307692307384e-01
6.724027972027972755e-01
7.397258741258740944e-01
7.879944055944055892e-01
7.978293706293706489e-01
7.941594405594405437e-01
8.277482517482518398e-01
8.260027972027971233e-01
8.241678321678320707e-01
8.221426573426573459e-01
8.042741258741258337e-01
8.244699300699299682e-01
7.703272727272727494e-01
8.190881118881119249e-01
8.321118881118880761e-01
8.122629370629371737e-01
8.174657342657343229e-01
8.140307692307692244e-01
7.490013986013985825e-01
7.437538461538460988e-01
8.308027972027972607e-01
8.172531468531467613e-01
8.349650349650349357e-01
8.122069930069929500e-01
8.271440559440559337e-01
8.106069930069930152e-01
8.181930069930070104e-01
8.042517482517482774e-01
8.249734265734265382e-01
8.290013986013985425e-01
8.249398601398602038e-01
8.260587412587412359e-01
8.290125874125874317e-01
8.181818181818181213e-01
8.309930069930069330e-01
8.333426573426573336e-01
8.303216783216783581e-01
8.199048951048951706e-01
8.249062937062936474e-01
8.242797202797202960e-01
8.260811188811187922e-01
8.014209790209788631e-01
8.019020979020978768e-01
7.942153846153845453e-01
8.172307692307692051e-01
8.297398601398602302e-01
8.290797202797202115e-01
8.163916083916084032e-01
8.149034965034964717e-01
8.319104895104895148e-01
7.635804195804195560e-01
8.286993006993006450e-01
8.040615384615383832e-01
7.923468531468531584e-01
7.653370629370629397e-01
8.230713286713287058e-01
8.149706293706293625e-01
7.950545454545454582e-01
8.171636363636364253e-01
8.054601398601397566e-01
8.112335664335665886e-01
8.200279720279719520e-01
8.229258741258742571e-01
7.829930069930068903e-01
8.186069930069930223e-01
8.121510489510489483e-01
8.236867132867132790e-01
8.156867132867133829e-01
8.039832167832167142e-01
7.783720279720280910e-01
7.696895104895105089e-01
7.855999999999998540e-01
7.860587412587412004e-01
7.267020979020979432e-01
8.044195804195803934e-01
8.075748251748250395e-01
7.675860139860138931e-01
7.874125874125874613e-01
7.308979020979020635e-01
7.854209790209790709e-01
7.217342657342656898e-01
7.969902097902097360e-01
7.957818181818181458e-01
8.220083916083915643e-01
7.254153846153844620e-01
8.036923076923077058e-01
7.287384615384615572e-01
7.798041958041959099e-01
7.448503496503496857e-01
7.490909090909092516e-01
7.242629370629369845e-01
7.352055944055944092e-01
7.678321678321677890e-01
7.903664335664335461e-01
7.364587412587412230e-01
7.368279720279720113e-01
7.723636363636363633e-01
7.536223776223776039e-01
7.686601398601398127e-01
7.908139860139860033e-01
7.319832167832167613e-01
7.166097902097903205e-01
7.424111888111888380e-01
8.005482517482517268e-01
7.301818181818181541e-01
7.308419580419580619e-01
7.266797202797203870e-01
7.376895104895104804e-01
7.409790209790210191e-01
7.234405594405594053e-01
7.265342657342657162e-01
7.368055944055943440e-01
7.627748251748251995e-01
7.338517482517481483e-01
7.380811188811188250e-01
7.281902097902097637e-01
7.418405594405594883e-01
7.618461538461538396e-01
6.948139860139860291e-01
7.588923076923077549e-01
6.924531468531467393e-01
7.245202797202797695e-01
7.371972027972029107e-01
6.882237762237762846e-01
7.796139860139860156e-01
7.622041958041958498e-01
7.847160839160839396e-01
7.638825174825174535e-01
6.759384615384615991e-01
7.639832167832167897e-01
7.846041958041958253e-01
7.150993006993007217e-01
8.293818181818181090e-01
8.274125874125873858e-01
8.055384615384615365e-01
8.296055944055943376e-01
8.288895104895105392e-01
8.067916083916083503e-01
8.121734265734265046e-01
8.270881118881117100e-01
7.799832167832168039e-01
8.222321678321677929e-01
8.207104895104894160e-01
8.281174825174825171e-01
8.275468531468530564e-01
6.949930069930070342e-01
7.972139860139859646e-01
7.960167832167832636e-01
8.273230769230768278e-01
8.211244755244755389e-01
7.900531468531468704e-01
8.259356643356643435e-01
8.258461538461538964e-01
8.230377622377621494e-01
8.212923076923076549e-01
8.142209790209791187e-01
8.234965034965033848e-01
8.222433566433565710e-01
8.300643356643357951e-01
8.212251748251748751e-01
8.293034965034965511e-01
8.279160839160839558e-01
8.343720279720279187e-01
8.290685314685315443e-01
8.331412587412587722e-01
8.289118881118879845e-01
8.236531468531468336e-01
8.289342657342657628e-01
8.235636363636362756e-01
8.200055944055943957e-01
8.115916083916082657e-01
8.225342657342658015e-01
8.278377622377621758e-01
8.212475524475525424e-01
8.318209790209789567e-01
8.294937062937063343e-01
8.220419580419580097e-01
8.163468531468531797e-01
8.238881118881118404e-01
8.150377622377622533e-01
8.271104895104894883e-01
8.225230769230769123e-01
8.181370629370628977e-01
8.243020979020978523e-01
8.082013986013986129e-01
8.104279720279721211e-01
8.216391608391608870e-01
8.022265734265734416e-01
8.209006993006993103e-01
8.035916083916083696e-01
8.182825174825174575e-01
7.860699300699300895e-01
8.208559440559440867e-01
8.055608391608392038e-01
8.108643356643356892e-01
8.168839160839160840e-01
7.982881118881119953e-01
8.000559440559440461e-01
7.340195804195803753e-01
8.124979020979020694e-01
8.086489510489511812e-01
8.017230769230769827e-01
8.016895104895104263e-01
8.071608391608391386e-01
8.056055944055943163e-01
7.600111888111886760e-01
7.489902097902098044e-01
8.127440559440560763e-01
7.362125874125874381e-01
8.087608391608391845e-01
7.918321678321678103e-01
8.204755244755245203e-01
7.589930069930069800e-01
8.073622377622378110e-01
7.309986013986013997e-01
8.059300699300698811e-01
7.826461538461537693e-01
7.434517482517482012e-01
7.533202797202798173e-01
7.798377622377622442e-01
7.788867132867132170e-01
7.340979020979021552e-01
7.577398601398601663e-01
7.589594405594404236e-01
7.339636363636363736e-01
8.106853146853146841e-01
7.832839160839160098e-01
7.730685314685314946e-01
7.311776223776222938e-01
7.261986013986013733e-01
7.907692307692307798e-01
7.288727272727272277e-01
7.262881118881119313e-01
7.722181818181819146e-01
7.772867132867132822e-01
7.309314685314685089e-01
7.889566433566433945e-01
7.548979020979021959e-01
7.362685314685314397e-01
7.572475524475523745e-01
7.200671328671328641e-01
7.645090909090908049e-01
7.687160839160838144e-01
7.715580419580418958e-01
4.997370629370628814e-01
7.222769230769231497e-01
7.220699300699300327e-01
7.586909090909090825e-01
5.902713286713286989e-01
4.969230769230769118e-01
5.366041958041958271e-01
6.802629370629370564e-01
7.353286713286713017e-01
5.160335664335664596e-01
6.490629370629370509e-01
6.943552447552447937e-01
4.913230769230769179e-01
7.134433566433566742e-01
7.162125874125875313e-01
6.943440559440559046e-01
7.370405594405594618e-01
6.978181818181816709e-01
6.714517482517483593e-01
8.602741258741257724e-01
5.753398601398600487e-01
7.583216783216782941e-01
7.250909090909090082e-01
7.150769230769230544e-01
7.444139860139860065e-01
7.265006993006992708e-01
8.581370629370628222e-01
7.227524475524476077e-01
7.987692307692308979e-01
8.461202797202795889e-01
7.542377622377622881e-01
6.984055944055943543e-01
7.276139860139860804e-01
8.573762237762238003e-01
8.671776223776223036e-01
6.003692307692307661e-01
8.575776223776222507e-01
8.492643356643356789e-01
5.000000000000000000e-01
7.000055944055944002e-01
8.525538461538462176e-01
8.548699300699300618e-01
8.510769230769230642e-01
8.579244755244754828e-01
6.987076923076922519e-01
7.407440559440559014e-01
6.341146853146852891e-01
7.258685314685313639e-01
8.536503496503495825e-01
8.338685314685314598e-01
7.233902097902098483e-01
7.181090909090909191e-01
8.502601398601397076e-01
5.000000000000000000e-01
6.134993006993006981e-01
6.764083916083916126e-01
4.987524475524475753e-01
7.544167832167831822e-01
8.531020979020979000e-01
8.444531468531468743e-01
8.385230769230770376e-01
8.478321678321678601e-01
7.240615384615385342e-01
8.191216783216783703e-01
5.000000000000000000e-01
8.502601398601399296e-01
8.524755244755245487e-01
7.211972027972026744e-01
8.495104895104895748e-01
8.474181818181817372e-01
8.537958041958040312e-01
8.565370629370628874e-01
5.135888111888111673e-01
8.509538461538461718e-01
7.208727272727272206e-01
8.517818181818181955e-01
8.513342657342657382e-01
8.524195804195804360e-01
8.503944055944056002e-01
8.532811188811189052e-01
8.492867132867134572e-01
7.131300699300698875e-01
8.499132867132866975e-01
8.456167832167831300e-01
8.452811188811188980e-01
8.514909090909090761e-01
8.502545454545455961e-01
8.527104895104895554e-01
8.436699300699300741e-01
8.453146853146853434e-01
8.493874125874125713e-01
8.412531468531467826e-01
8.439832167832167498e-01
8.521062937062937603e-01
8.636083916083916456e-01
8.446545454545455467e-01
4.763300699300699326e-01
8.500811188811189245e-01
8.451356643356642273e-01
8.455608391608391283e-01
8.445314685314685432e-01
5.071664335664335388e-01
5.869650349650349375e-01
8.377958041958041280e-01
5.018181818181818299e-01
8.254433566433567737e-01
8.541202797202797070e-01
8.570181818181817901e-01
8.435692307692306269e-01
8.460867132867131435e-01
7.153118881118881722e-01
7.387020979020979539e-01
4.965314685314685117e-01
7.230041958041957262e-01
8.419468531468530248e-01
8.553062937062937410e-01
7.162853146853146447e-01
8.430209790209790555e-01
8.379188811188812425e-01
8.369678321678322153e-01
5.000000000000000000e-01
8.401118881118880832e-01
5.053986013986013770e-01
8.512447552447551802e-01
8.442069930069929784e-01
8.393174825174825049e-01
6.948139860139861401e-01
8.498125874125873613e-01
6.350321678321677599e-01
5.383160839160838762e-01
5.842573426573426376e-01
5.501706293706294382e-01
5.000000000000000000e-01
5.906405594405594872e-01
5.000000000000000000e-01
7.639048951048951208e-01
5.286265734265733762e-01
4.488223776223776440e-01
5.000000000000000000e-01
6.603636363636363749e-01
5.000000000000000000e-01
6.227412587412587408e-01
5.000000000000000000e-01
6.645762237762238289e-01
8.301426573426572419e-01
8.298517482517482335e-01
7.320559440559439857e-01
7.344671328671328325e-01
5.629818181818182499e-01
5.996139860139860778e-01
8.267300699300699218e-01
7.199216783216783044e-01
5.345734265734265467e-01
8.284083916083917476e-01
8.601286713286713237e-01
6.864615384615384563e-01
5.000000000000000000e-01
5.896951048951049046e-01
7.380475524475523796e-01
6.651188811188810668e-01
7.317146853146853092e-01
6.252307692307692566e-01
7.606489510489510275e-01
8.527888111888113354e-01
5.291076923076922789e-01
8.568839160839161195e-01
6.844643356643357324e-01
8.617174825174825914e-01
8.437930069930069665e-01
7.444699300699300082e-01
8.565482517482517766e-01
8.419804195804195812e-01
4.981818181818181701e-01
7.660923076923076280e-01
4.925202797202797300e-01
8.545678321678321643e-01
8.483020979020978736e-01
7.069762237762238222e-01
8.555860139860139713e-01
8.581594405594406005e-01
8.503832167832168221e-01
7.397146853146852052e-01
7.251300699300700092e-01
8.611356643356643525e-01
7.308755244755245073e-01
7.314237762237761897e-01
8.561006993006993193e-01
5.480671328671328224e-01
5.541930069930069980e-01
8.523636363636364344e-01
8.255328671328671097e-01
5.469034965034964557e-01
7.181090909090909191e-01
8.394405594405593973e-01
8.504167832167830454e-01
8.486713286713286619e-01
8.417678321678321307e-01
8.486937062937063292e-01
8.532139860139859033e-01
8.501034965034965918e-01
8.579804195804195954e-01
8.567272727272726707e-01
8.602517482517482161e-01
8.473622377622378465e-01
8.494545454545454621e-01
7.224391608391608210e-01
5.000000000000000000e-01
7.314685314685314133e-01
8.502265734265733732e-01
8.529454545454545622e-01
8.435468531468530706e-01
5.000000000000000000e-01
5.026797202797201880e-01
8.438265734265734119e-01
5.000000000000000000e-01
7.292083916083916817e-01
8.471832167832167304e-01
8.537958041958042532e-01
7.108139860139861543e-01
5.000000000000000000e-01
8.366993006993007631e-01
6.714685314685313600e-01
5.000000000000000000e-01
7.325874125874125564e-01
8.447999999999999954e-01
7.261314685314684825e-01
7.162069930069929757e-01
5.000000000000000000e-01
8.528559440559440041e-01
8.405146853146852060e-01
8.498349650349650286e-01
8.518041958041957518e-01
6.207216783216783496e-01
8.488167832167832216e-01
4.984615384615384559e-01
7.386349650349650631e-01
8.452251748251746744e-01
8.456839160839160208e-01
5.000000000000000000e-01
8.489958041958041157e-01
6.152671328671328599e-01
8.408055944055945474e-01
8.521622377622377620e-01
8.444195804195804289e-01
7.327888111888112288e-01
8.311832167832169382e-01
8.506405594405594961e-01
5.030713286713286436e-01
8.460083916083915856e-01
8.539300699300698128e-01
5.957930069930069683e-01
5.763804195804196340e-01
8.550041958041958434e-01
8.450797202797202257e-01
8.312279720279720507e-01
8.454937062937063486e-01
6.705566433566432227e-01
6.075524475524476387e-01
6.792447552447552495e-01
4.824783216783217199e-01
5.108755244755244229e-01
6.475132867132867842e-01
5.677874125874126099e-01
5.779020979020978999e-01
6.960839160839160655e-01
5.000000000000000000e-01
5.569454545454545213e-01
5.602237762237762819e-01
6.797314685314684857e-01
7.651916083916083799e-01
6.398825174825174544e-01
6.797202797202797075e-01
5.115020979020978853e-01
5.209846153846153793e-01
7.255384615384614655e-01
8.618181818181818166e-01
5.103328671328670740e-01
6.298797202797202788e-01
8.561902097902098774e-01
7.111160839160839409e-01
7.426013986013986212e-01
5.077090909090909987e-01
6.155748251748252020e-01
8.606097902097902264e-01
5.072895104895105423e-01
7.362797202797202178e-01
6.547524475524475474e-01
7.167888111888112146e-01
5.000000000000000000e-01
5.638321678321678299e-01
6.709034965034964548e-01
7.642685314685315756e-01
7.600671328671327887e-01
8.541874125874124868e-01
8.518041958041957518e-01
7.362909090909091070e-01
8.533594405594406851e-01
7.367160839160838970e-01
7.523468531468531229e-01
6.958041958041958353e-01
5.521622377622377176e-01
6.917986013986013871e-01
6.460531468531467425e-01
7.599216783216782289e-01
5.000000000000000000e-01
5.288055944055944924e-01
7.243860139860138769e-01
8.511552447552447331e-01
5.119944055944055661e-01
6.275244755244755446e-01
4.653202797202797281e-01
4.972643356643356993e-01
7.683804195804195825e-01
7.470769230769230829e-01
8.599720279720279859e-01
5.760223776223776238e-01
7.643188811188811327e-01
5.200391608391607967e-01
8.496895104895104689e-01
7.379356643356643763e-01
7.188083916083917169e-01
8.457398601398601334e-01
7.073174825174824987e-01
5.732587412587412112e-01
8.543216783216783794e-01
5.033006993006993168e-01
6.224839160839161778e-01
8.497566433566432487e-01
8.489734265734265595e-01
5.000000000000000000e-01
7.352167832167832984e-01
7.259748251748251446e-01
6.576167832167831850e-01
5.000000000000000000e-01
5.000000000000000000e-01
8.602853146853146615e-01
8.469818181818181690e-01
6.960111888111888412e-01
8.522517482517482090e-01
7.476587412587413217e-01
4.810293706293706228e-01
8.504167832167831564e-01
5.018181818181818299e-01
8.448223776223776627e-01
6.691692307692308495e-01
8.519944055944055350e-01
5.087832167832168073e-01
6.198153846153845459e-01
5.814097902097902226e-01
6.214601398601398152e-01
7.207496503496504392e-01
5.000000000000000000e-01
8.515132867132866323e-01
8.487048951048949963e-01
5.486993006993007294e-01
6.242741258741260069e-01
5.796531468531468390e-01
8.493650349650350151e-01
8.473734265734265136e-01
8.514685314685314088e-01
5.000000000000000000e-01
8.519720279720279787e-01
5.287552447552447132e-01
4.864335664335664444e-01
8.408615384615383270e-01
8.414993006993007896e-01
4.791608391608391804e-01
5.000000000000000000e-01
6.815720279720279828e-01
7.292195804195804598e-01
8.495552447552446873e-01
8.471384615384615069e-01
7.278209790209790864e-01
8.493874125874125713e-01
5.000000000000000000e-01
8.157986013986013862e-01
8.474405594405594044e-01
5.000000000000000000e-01
5.000000000000000000e-01
4.791160839160839013e-01
8.334209790209790025e-01
4.904503496503496152e-01
8.446097902097902121e-01
8.460027972027971410e-01
5.582041958041957797e-01
6.265174825174826267e-01
7.975832167832166419e-01
7.291076923076924565e-01
7.102769230769230280e-01
7.228979020979020564e-01
7.709090909090908772e-01
8.193342657342655988e-01
7.041006993006992953e-01
6.709818181818181237e-01
5.566993006993007365e-01
7.389538461538461833e-01
7.190937062937061697e-01
7.242853146853147628e-01
7.522349650349650085e-01
6.882237762237761736e-01
7.996979020979020358e-01
8.553174825174825191e-01
8.486489510489509946e-01
7.583328671328670723e-01
8.451468531468531165e-01
8.504391608391608237e-01
7.666013986013986425e-01
7.797482517482516862e-01
8.622321678321678284e-01
8.204419580419580749e-01
8.566041958041957782e-01
8.268755244755245926e-01
6.407888111888111471e-01
8.231160839160839293e-01
8.460307692307692529e-01
8.358377622377621829e-01
8.548475524475525056e-01
8.519160839160839771e-01
8.503384615384614875e-01
8.473510489510489574e-01
8.451020979020980040e-01
8.517370629370629720e-01
8.501930069930070388e-01
8.523860139860139906e-01
8.577790209790210341e-01
8.542545454545453776e-01
8.523860139860139906e-01
8.557314685314685310e-01
8.595356643356641957e-01
8.521510489510489839e-01
8.574321678321679130e-01
8.590545454545454040e-01
8.468587412587411656e-01
8.567272727272727817e-01
8.518489510489509753e-01
8.486489510489509946e-01
8.417790209790210199e-01
8.498573426573425849e-01
8.518601398601397534e-01
8.598377622377622043e-01
8.526321678321677755e-01
8.506181818181819398e-01
8.512447552447552912e-01
8.506741258741259415e-01
8.493986013986013495e-01
8.457622377622378007e-01
8.528111888111887806e-01
8.446321678321677684e-01
8.515020979020979652e-01
8.487720279720278871e-01
8.505958041958041616e-01
8.500923076923077026e-01
8.524979020979019939e-01
8.440615384615384187e-01
8.477986013986014147e-01
8.549930069930069543e-01
5.347020979020979947e-01
8.524195804195804360e-01
8.457174825174824662e-01
8.492643356643356789e-01
8.434461538461538455e-01
8.526657342657341099e-01
8.480559440559440887e-01
8.492307692307691225e-01
8.466909090909090496e-01
8.352335664335663878e-01
8.510993006993006205e-01
8.458965034965034713e-01
8.399999999999999689e-01
7.244195804195803223e-01
8.434125874125874001e-01
8.532811188811189052e-01
8.500923076923077026e-01
8.414993006993007896e-01
8.504951048951048254e-01
8.492419580419581226e-01
8.475300699300699625e-01
8.428755244755243847e-01
8.393958041958041738e-01
8.531132867132866782e-01
8.527664335664335571e-01
8.400223776223777472e-01
8.287888111888110920e-01
8.481902097902096482e-01
8.577230769230770324e-01
8.530125874125873420e-01
8.414993006993006786e-01
8.460307692307691418e-01
8.369118881118882136e-01
8.343384615384615843e-01
8.455608391608391283e-01
8.427860139860139377e-01
8.250965034965036526e-01
8.490181818181817830e-01
8.495552447552449093e-01
8.548811188811188400e-01
8.443188811188809817e-01
8.371916083916083329e-01
8.480111888111888652e-01
8.292699300699299947e-01
8.561454545454545428e-01
8.392615384615385032e-01
8.414993006993007896e-01
8.393398601398601722e-01
8.448223776223775516e-01
8.467132867132867169e-01
8.496335664335665783e-01
8.482909090909090954e-01
8.504727272727272691e-01
8.503384615384614875e-01
8.434349650349649563e-01
8.397426573426572949e-01
5.497510489510489817e-01
6.832447552447552530e-01
7.206937062937062155e-01
6.749314685314685702e-01
7.281454545454546512e-01
7.005650349650349717e-01
7.904223776223775477e-01
8.352895104895103895e-01
5.419748251748250922e-01
5.726881118881118615e-01
6.665734265734266639e-01
7.077258741258741770e-01
6.164923076923076728e-01
7.573930069930070452e-01
5.000000000000000000e-01
5.526097902097901748e-01
8.367328671328670975e-01
8.409734265734265524e-01
8.562013986013985445e-01
8.222433566433566821e-01
8.360727272727273007e-01
8.564587412587412185e-01
8.456503496503495754e-01
7.912727272727271277e-01
8.257230769230770040e-01
7.734825174825175065e-01
8.572643356643356860e-01
8.336000000000000076e-01
8.508195804195803902e-01
8.501370629370629262e-01
8.476755244755245222e-01
5.336671328671329650e-01
8.522405594405594309e-01
8.225118881118881342e-01
8.569958041958043449e-01
8.583720279720279400e-01
8.540307692307691489e-01
8.566601398601397799e-01
8.593454545454546345e-01
8.560447552447552066e-01
8.541314685314684851e-01
8.546461538461538332e-01
8.508643356643357247e-01
8.558657342657342015e-01
8.469930069930069472e-01
8.512671328671328475e-01
8.495440559440557982e-01
8.554181818181818553e-01
8.453034965034964543e-01
8.497678321678321378e-01
8.480895104895105341e-01
8.484027972027972098e-01
8.543104895104893792e-01
8.547356643356643913e-01
8.528111888111888916e-01
8.466909090909091606e-01
8.516139860139859685e-01
8.436587412587412960e-01
8.537846153846153641e-01
8.502825174825174859e-01
8.535720279720280246e-01
8.556083916083915275e-01
8.553286713286712972e-01
8.478993006993006398e-01
8.525650349650348847e-01
8.512223776223775129e-01
8.464559440559440429e-01
8.486153846153846603e-01
8.480895104895104231e-01
8.517482517482518611e-01
8.546125874125872768e-01
8.509874125874125061e-01
8.541762237762237087e-01
8.334321678321678917e-01
8.543440559440559356e-01
8.476195804195805206e-01
8.552839160839160737e-01
8.490517482517483394e-01
8.505734265734266053e-01
8.524643356643356595e-01
8.545790209790209424e-01
8.487384615384614417e-01
8.410629370629369994e-01
8.444419580419579852e-01
8.542657342657342667e-01
8.553846153846154099e-01
8.576111888111888071e-01
8.391720279720279452e-01
8.508755244755243918e-01
8.528559440559441152e-01
8.451468531468531165e-01
8.490293706293706721e-01
8.419020979020979123e-01
8.541538461538462634e-01
8.504951048951049364e-01
8.504951048951050474e-01
8.414097902097901205e-01
8.529790209790210076e-01
8.515244755244755215e-01
8.412923076923077836e-01
8.302993006993006908e-01
8.438601398601398573e-01
8.558881118881118688e-01
8.532363636363635706e-01
8.494433566433567950e-01
8.411748251748251137e-01
8.505622377622377162e-01
8.390377622377622746e-01
8.379524475524475768e-01
8.521846153846153182e-01
8.475748251748252970e-01
8.529118881118881168e-01
8.460643356643355872e-01
8.515580419580419669e-01
8.464335664335664866e-01
8.403356643356643119e-01
8.328167832167832074e-01
8.195132867132868260e-01
8.340027972027972414e-01
8.418237762237762434e-01
8.410629370629369994e-01
8.439272727272726371e-01
8.512111888111887348e-01
8.466125874125873807e-01
8.433118881118881749e-01
8.467804195804194967e-01
8.483580419580418752e-01
8.384111888111888122e-01
6.603860139860139311e-01
6.496559440559440679e-01
8.274461538461537202e-01
6.758601398601399302e-01
7.605930069930069148e-01
7.076699300699299533e-01
7.329790209790209010e-01
6.748307692307691230e-01
5.886937062937063203e-01
5.449846153846154007e-01
7.818741258741259692e-01
7.647888111888110352e-01
7.224839160839160446e-01
8.050125874125874104e-01
8.257342657342656711e-01
5.736167832167832215e-01
8.515132867132866323e-01
8.536727272727272497e-01
8.560895104895105412e-01
8.599608391608392077e-01
8.599048951048950951e-01
8.573202797202796877e-01
7.353734265734266362e-01
8.191104895104894812e-01
8.475748251748250750e-01
8.567160839160838925e-01
8.550825174825175123e-01
8.539748251748252583e-01
8.587300699300698392e-01
8.532475524475524598e-01
8.036027972027971478e-01
8.499468531468530319e-01
8.555860139860139713e-01
8.532251748251749035e-01
8.587748251748250627e-01
8.561118881118880974e-01
8.574209790209790238e-01
8.532363636363635706e-01
8.579356643356643719e-01
8.520055944055943131e-01
8.567944055944054504e-01
5.615104895104894300e-01
8.432783216783217295e-01
8.618405594405593728e-01
5.000000000000000000e-01
8.569622377622377885e-01
8.561230769230768756e-01
8.562685314685314353e-01
8.494433566433565730e-01
8.539524475524475911e-01
8.558097902097900889e-01
8.518825174825173097e-01
8.541538461538462634e-01
8.504727272727272691e-01
8.497566433566432487e-01
8.507636363636364996e-01
8.528671328671328933e-01
8.472727272727271774e-01
8.524755244755244377e-01
8.552727272727274066e-01
8.585510489510490562e-01
5.981314685314685908e-01
8.533818181818181303e-01
8.469146853146853893e-01
8.514685314685314088e-01
8.445762237762237667e-01
8.429202797202796082e-01
8.497678321678321378e-01
8.578125874125874795e-01
8.555636363636363040e-01
8.523972027972028798e-01
8.469146853146853893e-01
8.480111888111887541e-01
8.521286713286713166e-01
8.483580419580418752e-01
8.559888111888112050e-01
8.468251748251749422e-01
8.459972027972028075e-01
8.499580419580418100e-01
8.513902097902097399e-01
8.535160839160839119e-01
8.552279720279720721e-01
8.456279720279719081e-01
8.461650349650350345e-01
8.572195804195805735e-01
8.578685314685313701e-01
8.563132867132867698e-01
8.501706293706292605e-01
8.454713286713286813e-01
8.489286713286714470e-01
8.547916083916085039e-01
8.477426573426574130e-01
8.410629370629369994e-01
8.500139860139861447e-01
7.204475524475524306e-01
8.551048951048950686e-01
8.572643356643355750e-01
8.311832167832167162e-01
8.430209790209790555e-01
8.489286713286712249e-01
8.553286713286712972e-01
8.330741258741258815e-01
8.423832167832167039e-01
8.406937062937063221e-01
8.409510489510489961e-01
8.492755244755244570e-01
8.489062937062936687e-01
8.445314685314684322e-01
8.450013986013985567e-01
4.469426573426573679e-01
8.475076923076922952e-01
8.517706293706294174e-01
8.389706293706293838e-01
8.351104895104894954e-01
5.000000000000000000e-01
8.433566433566432874e-01
8.412307692307692264e-01
8.444307692307692070e-01
5.076587412587412196e-01
8.461090909090909218e-01
8.431216783216783917e-01
8.557426573426574201e-01
8.441846153846154222e-01
8.403020979020978665e-01
8.316755244755245080e-01
8.398993006993007437e-01
8.476419580419579658e-01
8.491860139860140100e-01
7.255944055944055782e-01
6.995692307692308320e-01
7.455664335664334841e-01
6.340363636363637312e-01
7.853650349650349582e-01
5.570909090909090811e-01
6.470265734265734370e-01
7.812811188811188412e-01
8.177790209790208875e-01
8.149594405594406954e-01
7.890685314685313978e-01
7.330237762237762356e-01
7.858013986013987484e-01
6.680391608391609282e-01
7.412139860139860259e-01
4.948251748251747406e-01
8.552167832167834050e-01
8.538517482517482549e-01
8.495440559440559092e-01
8.397650349650349622e-01
8.552503496503497393e-01
8.218517482517482264e-01
8.616951048951049241e-01
8.322909090909091923e-01
8.526321678321677755e-01
8.591664335664335184e-01
8.263496503496503554e-01
8.410069930069929978e-01
8.501930069930070388e-01
8.345846153846153692e-01
8.310489510489510456e-01
8.431104895104896135e-01
8.478657342657343055e-01
8.181482517482518979e-01
8.477426573426573020e-01
8.694489510489509243e-01
8.520279720279720914e-01
8.525986013986013301e-01
8.573874125874125784e-01
8.494769230769230184e-01
8.529902097902098967e-01
8.501370629370628151e-01
8.558321678321677561e-01
8.519608391608390896e-01
8.510321678321678407e-01
8.339580419580419068e-01
8.616727272727272569e-01
8.511104895104895096e-01
8.564251748251747731e-01
8.510321678321679517e-01
8.502377622377621513e-01
8.523972027972026577e-01
8.524083916083916579e-01
8.485594405594405476e-01
8.426629370629371563e-01
8.492867132867132351e-01
8.491524475524474536e-01
8.542321678321679324e-01
8.560111888111887612e-01
8.382881118881120308e-01
8.537958041958042532e-01
8.468363636363636093e-01
8.547692307692307256e-01
8.544447552447551608e-01
8.430993006993007244e-01
8.531636363636365683e-01
8.472951048951048447e-01
8.539972027972027036e-01
8.525202797202797722e-01
8.545566433566433862e-01
8.441734265734265330e-01
8.388699300699300476e-01
8.501594405594405934e-01
8.519160839160839771e-01
8.493426573426572368e-01
8.411076923076923340e-01
8.507188811188811650e-01
8.520279720279719804e-01
8.493202797202796805e-01
8.440055944055944170e-01
8.568279720279720069e-01
8.465678321678320462e-01
8.536055944055944700e-01
8.530013986013985638e-01
8.461986013986012578e-01
8.432335664335663949e-01
8.544000000000000483e-01
8.392055944055942796e-01
8.463440559440560396e-01
8.565594405594406657e-01
8.438041958041957447e-01
8.499132867132866975e-01
8.505174825174824926e-01
8.471384615384615069e-01
8.477202797202796347e-01
8.548811188811188400e-01
8.539860139860140364e-01
8.467020979020978277e-01
8.164139860139860705e-01
8.295944055944055595e-01
8.403804195804195354e-01
8.217062937062937777e-01
8.461986013986014799e-01
8.383104895104895871e-01
8.407048951048949892e-01
8.439720279720279716e-01
8.411524475524476685e-01
8.181370629370627867e-01
8.451580419580420056e-01
8.502489510489510405e-01
8.471720279720279523e-01
8.275804195804195018e-01
8.333650349650350009e-01
8.527328671328671117e-01
8.467244755244756060e-01
8.469370629370629455e-01
8.505846153846153834e-01
8.357706293706294032e-01
8.232951048951049344e-01
8.454825174825174594e-01
8.340475524475524649e-01
8.366097902097902050e-01
8.456391608391609083e-01
8.447999999999999954e-01
8.449790209790211115e-01
8.286545454545455325e-01
7.347132867132866174e-01
8.340923076923076884e-01
7.837090909090909108e-01
7.837986013986013578e-01
7.870881118881118965e-01
7.925706293706293870e-01
8.042517482517482774e-01
7.779580419580419681e-01
7.830153846153846686e-01
8.005930069930070614e-01
7.585902097902096353e-01
8.200615384615383974e-01
8.070377622377621352e-01
7.523692307692309011e-01
8.404475524475524262e-01
7.007664335664336441e-01
7.361230769230768800e-01
8.026853146853146770e-01
8.411300699300700012e-01
8.588867132867133991e-01
8.490069930069930049e-01
8.382769230769231417e-01
8.217510489510488902e-01
8.475860139860139641e-01
8.275580419580419456e-01
8.574433566433565801e-01
8.603748251748251086e-01
8.261762237762236838e-01
8.512671328671328475e-01
8.512447552447552912e-01
8.516475524475525249e-01
8.510209790209790626e-01
8.456951048951050209e-01
8.306237762237762556e-01
8.307132867132865917e-01
8.635636363636363111e-01
8.551048951048950686e-01
8.576559440559441416e-01
8.570741258741257917e-01
8.542097902097902651e-01
8.507636363636363885e-01
8.549594405594405089e-01
8.522517482517483201e-01
8.601398601398599908e-01
8.507524475524476104e-01
8.512895104895105147e-01
8.600055944055944313e-01
8.527104895104895554e-01
8.608783216783217895e-01
8.537174825174824733e-01
8.496111888111888000e-01
8.438041958041957447e-01
8.522741258741258763e-01
8.576783216783216979e-01
8.527328671328671117e-01
8.490293706293706721e-01
8.496335664335664672e-01
8.548139860139860602e-01
8.519384615384615334e-01
8.454825174825174594e-01
8.521622377622377620e-01
8.517258741258741939e-01
8.493090909090909024e-01
8.506517482517483852e-01
8.561566433566432099e-01
8.498349650349650286e-01
8.521622377622377620e-01
8.503160839160839313e-01
8.476083916083916314e-01
8.559888111888110940e-01
8.480783216783215339e-01
8.443748251748252054e-01
8.519832167832167569e-01
8.578685314685314811e-01
8.473286713286714011e-01
8.507636363636362775e-01
8.548923076923076181e-01
8.537510489510490297e-01
8.456951048951049099e-01
8.487048951048951073e-01
8.507748251748250556e-01
8.493874125874126824e-01
8.567944055944055615e-01
8.459524475524474729e-01
8.490965034965034519e-01
8.484139860139860989e-01
8.492531468531467898e-01
8.399552447552447454e-01
8.490741258741258957e-01
8.566041958041956672e-01
8.514797202797202980e-01
8.562909090909091026e-01
8.324363636363634189e-01
8.505958041958041616e-01
8.429202797202796082e-01
8.523412587412585451e-01
8.565594405594405547e-01
8.461762237762237016e-01
8.464111888111888193e-01
8.451132867132867821e-01
8.452363636363636745e-01
8.526433566433566646e-01
8.422601398601397005e-01
8.507748251748252777e-01
8.401006993006993051e-01
8.399888111888111908e-01
8.521622377622377620e-01
8.581818181818181568e-01
8.471832167832167304e-01
8.498461538461538067e-01
8.421706293706293645e-01
8.482797202797203173e-01
8.425174825174825965e-01
8.439496503496503044e-01
8.366433566433566504e-01
8.463664335664335958e-01
8.471832167832167304e-01
8.329958041958043236e-01
8.434013986013986219e-01
8.542657342657342667e-01
8.423384615384614804e-01
8.447999999999999954e-01
8.291356643356644351e-01
8.419804195804195812e-01
8.438377622377623011e-01
8.404027972027972027e-01
8.380195804195804676e-01
7.967999999999999527e-01
8.390601398601398309e-01
8.296615384615384503e-01
8.125874125874126275e-01
7.302153846153845995e-01
8.206657342657341925e-01
8.161902097902098419e-01
8.156419580419581594e-01
8.162461538461538435e-01
8.300419580419580168e-01
7.589818181818180909e-01
8.309818181818181548e-01
7.530965034965034777e-01
7.590377622377622036e-01
7.832839160839160098e-01
8.223888111888112418e-01
8.086713286713287374e-01
7.015608391608391115e-01
8.195804195804196057e-01
8.458853146853146932e-01
8.436811188811189632e-01
8.550825174825176234e-01
8.449454545454544441e-01
8.527776223776223352e-01
8.446657342657342138e-01
8.455608391608391283e-01
8.541986013986013759e-01
8.564475524475524404e-01
8.545790209790209424e-01
8.285202797202796399e-01
8.570517482517482355e-01
8.564139860139859950e-01
8.319328671328671820e-01
8.614041958041958047e-01
8.563020979020978807e-01
8.540195804195804818e-01
8.616279720279721444e-01
8.569846153846155667e-01
8.569510489510487883e-01
8.534153846153846867e-01
8.546461538461538332e-01
8.570629370629371246e-01
8.564139860139859950e-01
8.601622377622378801e-01
8.585286713286713889e-01
8.559216783216783142e-01
8.591104895104895167e-01
8.587636363636363956e-01
8.591440559440559621e-01
8.570405594405594574e-01
8.580475524475523752e-01
8.553846153846154099e-01
8.560447552447552066e-01
8.606545454545453389e-01
8.552503496503496283e-01
8.556083916083916385e-01
8.453146853146853434e-01
8.533146853146852395e-01
8.581034965034963768e-01
8.582377622377621584e-01
8.612811188811188012e-01
8.522293706293706528e-01
8.518041958041957518e-01
8.497790209790210270e-01
8.489510489510487812e-01
8.496447552447553564e-01
8.551384615384614030e-01
8.496895104895104689e-01
8.580587412587411533e-01
8.509426573426573936e-01
8.497230769230769143e-01
8.441062937062937532e-01
8.512671328671329585e-01
8.544895104895104954e-01
8.552167832167831829e-01
8.545902097902097205e-01
8.465902097902097134e-01
8.529342657342656731e-01
8.547916083916083929e-01
8.446993006993007702e-01
8.545454545454546080e-01
8.554517482517483007e-01
8.526769230769231100e-01
8.578685314685314811e-01
8.431328671328671698e-01
8.420587412587412501e-01
8.470377622377621707e-01
8.508867132867131700e-01
8.483020979020979846e-01
8.485034965034965460e-01
8.572083916083915733e-01
8.549258741258741745e-01
8.448335664335663298e-01
8.539524475524474800e-01
8.531804195804195690e-01
8.575440559440558053e-01
8.518265734265734190e-01
8.437706293706292993e-01
8.527664335664334461e-01
8.510097902097902844e-01
8.456727272727272426e-01
8.453930069930069013e-01
8.329286713286713217e-01
8.521958041958040964e-01
8.473958041958042919e-01
8.442293706293706457e-01
8.391048951048951654e-01
8.537286713286712514e-01
8.404363636363635370e-01
8.438265734265735230e-01
8.487384615384616637e-01
8.460979020979022547e-01
8.396643356643357370e-01
8.469482517482518347e-01
8.484811188811187677e-01
8.380083916083915785e-01
8.464783216783215991e-01
8.439608391608390825e-01
8.453146853146852324e-01
8.373146853146853363e-01
8.405706293706293186e-01
8.332195804195805522e-01
8.359944055944056318e-01
8.379972027972028004e-01
8.483804195804194315e-01
8.530125874125873420e-01
8.494993006993007967e-01
8.314517482517482794e-01
8.434125874125874001e-01
8.430097902097901663e-01
8.515020979020978542e-01
7.529286713286713617e-01
6.507580419580418774e-01
6.621706293706293156e-01
6.577230769230768548e-01
6.784783216783216719e-01
6.979468531468532300e-01
6.347748251748250858e-01
5.142657342657341868e-01
5.000000000000000000e-01
7.004139860139860785e-01
6.564251748251748175e-01
4.794181818181818544e-01
6.242741258741257848e-01
5.293314685314685075e-01
6.322349650349650130e-01
6.271888111888112016e-01
7.911496503496503463e-01
7.112615384615386116e-01
5.000000000000000000e-01
5.311328671328671147e-01
7.953006993006992431e-01
6.615384615384615197e-01
7.157482517482517403e-01
7.330125874125873464e-01
6.893426573426573167e-01
6.481678321678321364e-01
6.372027972027971554e-01
5.509482517482517938e-01
6.026517482517482760e-01
6.019356643356643666e-01
7.466405594405594037e-01
7.333314685314686887e-01
8.269650349650349286e-01
7.181874125874125880e-01
7.072671328671328306e-01
5.000000000000000000e-01
7.386461538461538412e-01
7.497846153846153827e-01
4.942657342657342245e-01
8.476307692307691877e-01
8.079104895104894934e-01
8.525538461538462176e-01
7.455216783216782606e-01
4.989594405594405813e-01
7.504223776223776232e-01
7.330853146853146818e-01
8.196475524475524965e-01
6.232391608391607551e-01
8.388699300699299366e-01
8.515580419580418559e-01
7.391104895104894101e-01
7.292251748251747934e-01
5.442517482517482685e-01
8.413650349650347859e-01
7.021314685314685722e-01
8.469258741258741674e-01
8.023496503496503340e-01
6.708139860139860078e-01
5.018181818181818299e-01
8.574097902097902457e-01
7.298125874125874768e-01
7.249342657342656704e-01
6.372083916083914890e-01
8.328391608391607637e-01
8.438601398601399683e-01
6.925650349650349646e-01
8.540979020979020397e-01
7.262321678321678187e-01
5.116251748251748888e-01
8.492755244755244570e-01
8.566265734265734455e-01
5.200727272727272421e-01
8.468139860139860531e-01
8.501930069930070388e-01
7.322853146853145478e-01
8.419636363636362475e-01
8.496559440559440235e-01
8.424167832167831493e-01
8.500363636363635900e-01
8.418797202797203560e-01
8.514349650349649634e-01
5.000000000000000000e-01
8.501818181818182607e-01
7.236027972027970767e-01
8.526993006993007773e-01
7.231552447552447305e-01
5.000000000000000000e-01
7.351440559440558520e-01
6.995916083916083883e-01
5.179972027972028492e-01
8.302657342657342454e-01
7.290517482517481218e-01
5.000000000000000000e-01
7.237258741258740802e-01
8.498237762237762505e-01
8.428195804195804941e-01
7.270041958041958408e-01
7.325034965034964429e-01
8.388587412587412695e-01
7.266461538461539416e-01
7.181370629370629199e-01
7.144391608391608139e-01
7.250573426573425628e-01
7.815720279720279606e-01
5.051468531468531475e-01
7.561566433566434542e-01
7.214769230769231267e-01
4.731356643356643410e-01
8.507524475524474994e-01
8.479776223776223087e-01
7.028811188811188160e-01
8.549482517482516197e-01
5.757594405594406162e-01
8.289678321678320971e-01
7.181314685314685864e-01
8.434237762237761782e-01
8.468027972027971639e-01
8.150321678321678087e-01
7.448279720279721294e-01
5.000000000000000000e-01
8.361846153846153040e-01
5.000000000000000000e-01
8.499804195804196993e-01
8.380531468531469130e-01
7.311888111888111830e-01
8.207272727272726387e-01
8.452699300699300089e-01
5.220699300699299661e-01
6.749594405594405711e-01
7.043412587412587467e-01
6.652195804195804030e-01
5.219076923076922947e-01
6.241510489510488924e-01
5.000000000000000000e-01
6.891412587412587554e-01
6.063272727272727147e-01
6.859300699300698856e-01
6.511832167832167784e-01
5.652699300699300933e-01
6.295496503496503804e-01
6.281062937062936724e-01
5.000000000000000000e-01
6.472503496503496656e-01
5.000000000000000000e-01
5.343552447552448736e-01
7.318377622377623126e-01
6.700979020979020984e-01
5.000000000000000000e-01
7.058573426573425680e-01
7.469426573426574123e-01
5.892587412587412254e-01
5.000000000000000000e-01
5.254769230769230637e-01
4.889230769230769047e-01
5.000000000000000000e-01
5.611412587412587527e-01
6.411916083916083808e-01
7.732699300699301670e-01
6.850461538461538602e-01
5.247552447552448207e-01
7.232223776223776213e-01
7.275972027972028577e-01
5.000000000000000000e-01
6.682405594405593785e-01
7.117426573426574032e-01
7.060699300699301295e-01
6.974041958041958811e-01
7.120671328671328570e-01
7.258181818181818068e-01
5.164755244755245833e-01
7.220027972027972529e-01
7.284139860139859923e-01
6.794181818181818100e-01
7.037538461538461743e-01
4.842797202797202161e-01
7.123580419580419765e-01
7.315132867132867478e-01
6.998489510489510623e-01
7.357762237762237589e-01
7.280559440559440931e-01
5.000000000000000000e-01
7.202573426573426474e-01
7.452755244755244757e-01
8.399104895104894108e-01
8.268587412587412588e-01
7.227244755244754959e-01
8.456055944055942408e-01
7.718825174825175717e-01
5.000000000000000000e-01
5.000000000000000000e-01
8.577678321678321449e-01
5.000000000000000000e-01
8.371300699300698867e-01
7.370293706293705727e-01
4.922573426573426669e-01
7.072055944055943844e-01
5.000000000000000000e-01
6.389594405594405391e-01
6.985342657342658024e-01
7.270937062937063988e-01
7.585454545454544117e-01
8.519496503496503115e-01
6.742601398601398843e-01
5.000000000000000000e-01
8.500811188811188135e-01
7.847944055944056085e-01
7.147524475524476006e-01
7.308643356643356181e-01
5.000000000000000000e-01
7.367048951048951189e-01
6.753510489510490267e-01
4.934601398601398681e-01
4.969230769230769118e-01
8.455384615384615721e-01
6.976895104895105559e-01
7.342209790209790476e-01
7.301202797202797079e-01
7.108587412587412668e-01
7.314909090909090805e-01
5.322013986013985898e-01
6.991664335664335983e-01
4.943999999999999506e-01
5.851748251748252194e-01
5.000000000000000000e-01
8.487832167832167762e-01
6.411916083916083808e-01
7.189930069930069445e-01
5.288447552447552713e-01
7.208895104895104433e-01
6.918937062937062787e-01
5.870433566433566064e-01
5.000000000000000000e-01
6.734433566433566387e-01
5.457958041958042017e-01
4.923524475524475585e-01
5.103999999999999648e-01
6.954629370629369367e-01
8.395300699300699554e-01
8.390489510489509417e-01
8.343664335664335852e-01
8.230433566433565939e-01
7.275972027972027467e-01
4.966377622377622369e-01
5.000000000000000000e-01
5.949650349650349446e-01
7.277986013986013081e-01
5.111999999999998767e-01
5.184839160839160854e-01
5.036251748251747706e-01
4.984615384615384559e-01
6.664167832167832151e-01
5.018181818181818299e-01
7.032279720279720481e-01
8.378517482517482406e-01
6.428083916083916494e-01
8.225678321678322469e-01
5.529622377622377405e-01
7.907692307692306688e-01
5.660475524475524489e-01
5.018181818181818299e-01
7.607720279720279200e-01
6.055272727272726918e-01
5.783272727272726899e-01
5.835020979020978382e-01
5.000000000000000000e-01
5.320895104895104755e-01
7.437538461538462098e-01
5.805482517482517535e-01
5.687160839160838588e-01
8.283300699300699677e-01
5.170629370629370447e-01
6.693034965034965200e-01
6.671272727272727909e-01
7.181202797202796972e-01
7.133202797202796708e-01
5.000000000000000000e-01
6.547636363636362145e-01
6.603860139860140421e-01
7.235916083916082986e-01
6.976335664335664433e-01
5.000000000000000000e-01
7.477594405594406579e-01
6.619300699300699753e-01
7.315972027972027503e-01
7.267580419580419449e-01
7.320839160839160975e-01
7.741762237762237486e-01
5.000000000000000000e-01
6.845314685314685121e-01
7.077818181818181786e-01
6.901202797202796724e-01
5.876083916083916225e-01
5.780307692307692369e-01
6.852923076923076451e-01
7.499972027972028332e-01
7.145510489510489283e-01
7.242517482517483174e-01
8.363748251748251983e-01
7.226629370629371607e-01
6.253146853146853701e-01
7.267580419580419449e-01
7.323748251748252169e-01
7.266741258741258314e-01
5.000000000000000000e-01
7.093594405594405572e-01
7.229818181818181699e-01
5.000000000000000000e-01
4.955412587412587055e-01
5.661986013986013422e-01
7.095048951048952279e-01
7.249790209790210049e-01
5.000000000000000000e-01
8.513678321678321836e-01
6.327888111888111400e-01
5.014377622377621524e-01
8.545566433566433862e-01
7.082125874125873022e-01
5.000000000000000000e-01
7.357202797202797573e-01
7.316307692307691957e-01
5.070209790209789791e-01
7.209174825174824441e-01
8.515356643356642996e-01
7.280223776223776477e-01
6.540587412587413052e-01
7.393566433566434171e-01
4.966041958041957916e-01
5.000000000000000000e-01
7.307692307692307265e-01
5.000000000000000000e-01
5.000000000000000000e-01
7.174825174825174567e-01
7.325258741258742212e-01
5.002741258741258967e-01
4.901594405594405512e-01
8.391720279720279452e-01
5.048167832167832492e-01
5.000000000000000000e-01
8.416000000000001258e-01
4.984615384615384559e-01
7.075636363636363946e-01
5.000000000000000000e-01
8.487496503496502198e-01
5.234237762237762270e-01
4.921174825174824963e-01
5.015384615384614886e-01
5.000000000000000000e-01
5.000000000000000000e-01
7.254153846153845731e-01
5.000000000000000000e-01
5.572419580419580853e-01
5.000000000000000000e-01
5.808895104895105410e-01
7.277762237762237518e-01
5.000000000000000000e-01
4.984615384615384559e-01
7.255160839160839092e-01
5.000000000000000000e-01
7.270825174825175097e-01
5.475244755244754735e-01
6.006937062937063310e-01
5.645370629370629612e-01
6.665342657342657740e-01
7.125594405594405378e-01
5.000000000000000000e-01
5.000000000000000000e-01
5.155244755244754451e-01
7.369398601398600146e-01
8.456615384615384645e-01
5.000000000000000000e-01
6.593790209790210133e-01
5.000000000000000000e-01
6.118097902097902052e-01
7.166769230769231003e-01
5.195636363636363386e-01
4.979412587412587188e-01
7.192167832167831731e-01
6.439664335664334605e-01
5.000000000000000000e-01
5.000000000000000000e-01
7.292307692307691269e-01
8.490405594405594503e-01
7.300363636363635944e-01
4.652083916083916137e-01
7.181202797202796972e-01
5.398713286713286985e-01
6.553510489510490089e-01
7.432727272727273071e-01
5.994629370629370735e-01
6.994685314685313848e-01
6.128895104895104584e-01
4.971748251748251413e-01
7.056783216783216739e-01
7.604251748251749099e-01
5.400391608391608145e-01
6.591440559440560065e-01
7.503216783216783980e-01
7.200335664335664188e-01
8.090181818181818585e-01
6.326993006993006929e-01
7.766377622377621526e-01
8.263272727272726881e-01
6.967832167832168633e-01
7.879272727272726984e-01
7.174489510489510113e-01
8.540027972027970371e-01
8.531244755244754563e-01
8.221202797202797896e-01
7.453090909090909211e-01
8.345510489510489238e-01
8.301202797202797967e-01
8.423496503496502585e-01
7.097510489510489018e-01
7.369342657342656810e-01
7.514069930069929848e-01
8.523636363636363233e-01
8.597706293706294245e-01
8.496223776223775781e-01
7.764027972027971458e-01
8.301762237762237984e-01
8.538629370629369220e-01
8.559776223776223159e-01
8.618069930069929274e-01
8.481006993006993122e-01
8.554293706293707444e-01
8.643580419580418894e-01
8.592223776223775200e-01
8.525314685314685503e-01
8.519384615384615334e-01
8.564475524475524404e-01
8.583832167832167181e-01
8.540195804195803708e-01
5.000000000000000000e-01
8.513230769230770711e-01
8.562685314685314353e-01
8.596475524475524210e-01
8.491524475524475646e-01
8.513006993006992928e-01
8.502153846153845951e-01
8.527776223776223352e-01
8.455832167832167956e-01
8.550265734265733997e-01
8.579580419580419282e-01
8.551832167832167375e-01
8.310825174825173800e-01
8.568615384615383412e-01
8.520503496503497587e-01
8.505286713286713818e-01
8.569398601398601212e-01
8.536503496503495825e-01
8.470601398601398380e-01
8.474293706293707373e-01
8.475748251748251860e-01
8.530797202797202328e-01
8.540083916083914817e-01
8.521958041958042074e-01
8.450237762237762240e-01
8.504839160839159362e-01
8.373594405594404488e-01
8.485482517482516585e-01
8.407720279720281020e-01
8.493650349650350151e-01
8.503496503496503767e-01
8.467468531468531623e-01
8.525650349650348847e-01
7.247608391608391099e-01
8.476979020979019674e-01
8.440279720279719733e-01
8.533146853146853505e-01
8.446209790209789903e-01
6.779356643356642120e-01
8.453370629370630107e-01
8.431104895104893915e-01
8.503720279720279329e-01
8.471832167832168414e-01
8.462321678321679252e-01
8.522069930069928745e-01
8.506853146853146086e-01
8.520951048951047602e-01
8.485930069930069930e-01
8.530797202797202328e-01
8.501258741258741480e-01
8.431440559440559479e-01
8.486377622377623275e-01
8.439944055944057499e-01
6.808559440559440734e-01
8.425846153846153763e-01
8.390489510489509417e-01
8.451356643356642273e-01
8.429202797202797193e-01
8.498349650349650286e-01
8.429314685314686084e-01
8.480223776223776433e-01
8.485594405594405476e-01
8.403692307692307573e-01
8.448335664335664408e-01
8.385006993006993703e-01
8.528783216783216714e-01
8.446433566433566575e-01
8.452923076923075651e-01
8.496000000000000218e-01
8.568615384615384523e-01
8.482013986013986484e-01
8.420587412587413612e-01
8.388923076923077149e-01
8.514013986013984070e-01
8.497118881118880251e-01
8.347860139860139306e-01
8.434685314685315127e-01
8.530573426573426765e-01
8.514797202797204090e-01
4.952391608391608635e-01
5.040223776223775598e-01
6.264895104895105149e-01
5.070433566433566464e-01
6.814993006993006475e-01
6.876979020979021584e-01
6.386853146853147534e-01
4.748531468531468347e-01
5.801622377622377424e-01
7.350601398601397385e-01
7.174041958041958988e-01
5.000000000000000000e-01
7.315300699300697485e-01
6.542097902097901985e-01
5.180755244755244071e-01
7.701258741258741880e-01
6.678041958041958104e-01
7.496391608391607120e-01
7.008447552447552020e-01
7.573482517482517107e-01
7.041902097902097424e-01
8.420139860139860266e-01
5.339300699300699726e-01
8.369006993006992134e-01
4.937958041958041555e-01
8.605762237762237810e-01
7.393342657342657498e-01
7.657286713286712843e-01
6.910713286713285886e-01
7.715692307692307850e-01
5.585846153846153461e-01
8.557650349650349764e-01
7.469986013986014139e-01
8.591216783216782948e-01
8.595020979020978613e-01
8.565930069930070001e-01
8.566489510489511128e-01
8.542545454545454886e-01
8.573426573426573549e-01
8.569062937062936758e-01
7.184335664335663729e-01
8.522405594405593199e-01
8.532923076923077943e-01
8.137958041958043287e-01
5.000000000000000000e-01
8.512000000000000677e-01
8.436251748251748506e-01
8.537286713286712514e-01
8.515692307692308560e-01
8.562125874125874336e-01
8.465790209790209353e-01
8.524979020979021049e-01
8.521398601398602057e-01
8.551832167832166265e-01
8.549258741258739525e-01
8.536279720279719152e-01
8.430209790209790555e-01
5.133090909090908260e-01
8.510881118881118423e-01
7.302041958041958214e-01
8.526657342657342209e-01
8.438937062937063027e-01
8.290685314685315443e-01
8.503832167832167110e-01
6.930181818181818665e-01
8.445650349650349886e-01
8.518265734265735301e-01
8.482461538461537609e-01
8.447216783216782154e-01
8.497342657342656924e-01
8.486489510489509946e-01
8.524083916083915469e-01
6.603804195804195976e-01
8.417678321678321307e-01
8.493090909090909024e-01
8.476419580419580768e-01
8.470377622377622817e-01
8.561342657342656537e-01
8.489622377622376703e-01
8.484475524475525443e-01
8.510433566433566188e-01
8.551160839160838467e-01
8.449006993006992206e-01
8.546125874125873878e-01
8.478433566433565272e-01
8.415664335664335693e-01
8.512783216783216256e-01
8.531804195804195690e-01
8.429426573426572755e-01
8.501258741258741480e-01
5.282741258741258106e-01
8.431888111888112824e-01
6.635636363636363555e-01
8.550377622377620668e-01
8.439272727272726371e-01
6.574265734265734018e-01
8.510769230769230642e-01
8.461874125874127017e-01
8.397202797202797386e-01
8.526097902097902193e-01
8.509538461538460608e-01
8.521958041958042074e-01
8.479664335664335306e-01
4.633958041958042284e-01
8.459748251748251402e-01
8.478657342657341944e-01
7.179524475524474703e-01
8.437818181818180774e-01
8.379076923076923533e-01
8.491412587412586754e-01
8.378741258741259079e-01
8.489958041958042267e-01
8.331636363636363285e-01
8.355580419580419527e-01
8.470713286713286161e-01
8.494993006993005746e-01
8.281398601398599624e-01
5.000000000000000000e-01
8.342601398601398044e-01
8.433342657342657311e-01
8.510993006993008425e-01
8.426741258741259344e-01
7.136839160839161256e-01
8.387468531468532662e-01
8.321790209790209669e-01
8.584727272727272762e-01
8.458293706293705805e-01
8.476083916083916314e-01
8.485818181818183259e-01
6.806713286713286237e-01
5.000000000000000000e-01
6.559999999999999165e-01
5.000000000000000000e-01
5.565594405594405103e-01
6.470825174825174386e-01
7.179412587412588032e-01
6.633454545454544604e-01
6.663160839160838789e-01
6.685146853146852752e-01
5.000000000000000000e-01
7.814489510489510682e-01
8.175888111888112153e-01
5.360055944055943655e-01
5.950545454545453916e-01
5.993286713286712919e-01
8.377286713286713482e-01
7.178517482517482451e-01
8.479888111888113089e-01
6.634349650349650185e-01
8.127328671328669651e-01
8.585846153846153905e-01
5.264335664335664244e-01
5.000000000000000000e-01
7.256727272727272471e-01
7.578629370629370587e-01
6.855272727272727629e-01
8.596475524475524210e-01
8.442405594405594238e-01
5.694545454545454355e-01
4.969342657342656899e-01
6.807328671328671810e-01
8.611020979020977961e-01
8.566489510489510018e-01
5.416783216783216393e-01
7.261930069930070397e-01
7.235300699300699634e-01
8.562069930069929891e-01
5.472111888111887978e-01
8.536615384615384716e-01
8.559104895104894251e-01
7.820643356643357524e-01
4.566041958041958115e-01
8.564587412587413295e-01
6.001118881118880921e-01
7.193958041958041782e-01
8.420475524475523610e-01
6.982489510489510165e-01
4.995356643356643200e-01
8.501930069930070388e-01
8.513118881118881820e-01
8.477874125874125255e-01
8.536391608391608044e-01
8.497118881118880251e-01
7.507244755244755208e-01
6.942601398601399021e-01
8.473958041958042919e-01
8.459300699300699167e-01
8.535048951048951338e-01
8.500811188811188135e-01
8.528000000000000025e-01
8.567720279720278942e-01
5.004643356643357910e-01
8.460307692307692529e-01
8.476755244755244112e-01
8.551496503496504031e-01
8.487720279720278871e-01
8.414657342657342332e-01
8.574321678321679130e-01
8.429314685314686084e-01
8.505622377622377162e-01
7.357986013986014262e-01
8.465790209790209353e-01
8.504951048951049364e-01
8.506405594405594961e-01
5.000000000000000000e-01
8.512447552447552912e-01
8.485818181818181039e-01
7.150657342657343873e-01
8.509090909090910593e-01
5.356643356643358000e-01
8.473062937062937339e-01
8.538741258741259221e-01
8.474629370629371827e-01
8.468363636363636093e-01
7.282909090909090999e-01
5.000000000000000000e-01
8.397426573426572949e-01
7.357090909090908681e-01
8.464000000000000412e-01
8.522069930069929855e-01
8.489510489510487812e-01
7.310993006993007359e-01
8.493538461538461259e-01
8.531804195804195690e-01
5.029874125874126412e-01
8.447552447552448829e-01
6.126657342657343408e-01
7.627580419580419768e-01
8.475524475524475188e-01
8.463216783216782613e-01
8.519496503496502005e-01
7.114965034965035073e-01
8.535384615384614682e-01
5.537230769230769845e-01
6.064783216783216080e-01
8.504727272727272691e-01
8.580923076923075987e-01
8.360951048951047460e-01
8.515804195804197452e-01
8.464223776223775975e-01
6.543832167832167590e-01
8.479104895104894180e-01
4.981818181818181701e-01
8.256335664335663349e-01
8.420587412587412501e-01
6.965482517482517455e-01
8.428979020979021630e-01
8.356811188811188451e-01
8.507860139860139448e-01
8.422153846153845880e-01
7.289678321678321193e-01
8.480895104895105341e-01
8.499468531468531429e-01
6.298013986013986099e-01
7.218349650349649149e-01
8.418237762237761324e-01
8.453370629370628997e-01
7.897622377622378620e-01
6.436363636363636731e-01
7.961174825174823777e-01
7.833622377622376787e-01
7.783048951048952002e-01
7.019524475524475671e-01
7.669034965034966511e-01
7.616447552447551672e-01
8.319664335664335164e-01
7.428923076923076296e-01
6.850685314685314165e-01
7.262209790209789295e-01
7.883748251748251556e-01
7.246545454545453291e-01
6.932139860139859833e-01
7.890685314685313978e-01
8.555076923076924134e-01
8.516475524475525249e-01
8.236979020979020572e-01
7.939188811188812034e-01
8.546125874125873878e-01
8.558881118881118688e-01
8.595020979020978613e-01
7.513174825174826488e-01
8.575888111888111398e-01
8.550153846153847326e-01
8.510545454545455080e-01
8.466573426573427152e-01
8.416895104895105728e-01
7.727440559440559298e-01
8.112111888111888103e-01
8.567272727272726707e-01
8.526545454545453318e-01
8.561790209790208772e-01
8.501482517482517043e-01
8.609566433566433474e-01
8.605538461538462247e-01
8.487608391608392200e-01
8.582601398601400478e-01
8.543104895104896013e-01
8.538853146853147003e-01
8.544559440559440500e-01
8.492755244755245680e-01
8.509986013986012843e-01
8.619972027972028217e-01
8.491076923076923411e-01
8.470153846153847255e-01
8.526545454545455538e-01
8.540083916083915927e-01
8.557818181818181991e-01
8.503720279720279329e-01
8.541538461538460414e-01
8.569958041958041228e-01
8.540531468531468162e-01
8.530349650349651203e-01
8.581706293706293787e-01
8.476755244755245222e-01
8.645818181818181181e-01
8.495440559440559092e-01
8.578797202797202592e-01
8.595468531468530848e-01
8.488951048951048906e-01
8.527888111888111133e-01
8.559216783216783142e-01
8.540867132867133726e-01
8.440615384615384187e-01
8.531692307692307908e-01
8.495328671328672421e-01
8.431216783216782806e-01
8.509090909090909483e-01
8.511999999999999567e-01
8.472167832167831758e-01
8.519496503496502005e-01
8.585622377622377233e-01
8.584055944055943854e-01
8.524083916083915469e-01
8.479216783216781961e-01
8.540811188811188170e-01
8.560559440559440958e-01
8.552167832167834050e-01
8.563804195804195496e-01
8.505734265734264943e-01
8.510545454545455080e-01
8.442853146853148694e-01
8.397762237762238513e-01
8.470601398601398380e-01
8.464000000000000412e-01
8.386349650349650409e-01
8.454489510489510140e-01
8.536055944055945810e-01
8.451132867132866711e-01
8.546573426573427223e-01
8.502153846153845951e-01
8.473510489510489574e-01
8.437370629370628539e-01
8.421258741258740299e-01
8.543216783216782684e-01
8.468363636363636093e-01
8.492195804195804554e-01
8.509874125874125061e-01
8.477986013986014147e-01
8.434797202797202909e-01
8.267076923076923656e-01
8.493314685314685697e-01
8.502601398601399296e-01
8.467244755244754950e-01
8.432671328671328403e-01
8.427300699300699360e-01
8.367888111888110991e-01
8.465678321678320462e-01
8.603748251748252196e-01
8.506517482517481632e-01
8.329958041958041015e-01
8.415440559440559021e-01
8.220083916083916753e-01
8.460195804195802527e-01
7.258181818181816958e-01
8.439384615384615262e-01
8.303664335664334706e-01
8.554293706293706334e-01
8.404587412587413153e-01
8.438265734265735230e-01
8.484699300699299895e-01
8.391944055944056124e-01
8.071272727272726932e-01
8.475860139860139641e-01
8.484139860139860989e-01
8.413314685314683405e-01
7.991048951048951299e-01
7.660307692307691818e-01
7.782489510489508655e-01
7.580307692307692857e-01
7.538461538461538325e-01
7.621370629370628480e-01
7.371300699300700199e-01
7.410013986013985754e-01
8.009622377622377387e-01
7.704615384615384199e-01
7.634237762237763292e-01
7.500419580419580567e-01
8.234517482517482723e-01
7.270489510489510643e-01
8.214937062937064383e-01
8.269986013986013740e-01
8.591552447552446292e-01
8.456167832167832410e-01
8.484587412587412114e-01
8.567496503496503379e-01
8.461426573426573672e-01
8.443076923076922036e-01
8.605650349650348918e-01
8.260139860139860124e-01
8.585510489510488341e-01
8.552055944055945158e-01
8.442629370629370911e-01
8.506629370629370523e-01
8.593902097902097470e-01
8.483244755244755408e-01
8.479216783216784181e-01
8.545566433566433862e-01
8.543216783216782684e-01
8.604195804195804431e-01
8.573538461538461330e-01
8.557426573426573091e-01
8.583048951048949382e-01
8.556307692307691948e-01
8.518265734265734190e-01
8.622433566433567176e-01
8.609454545454545693e-01
8.536055944055943590e-01
8.571188811188811263e-01
8.578013986013985903e-01
8.538069930069929203e-01
8.549146853146851743e-01
8.579692307692308173e-01
8.578797202797202592e-01
8.490965034965034519e-01
8.511216783216782877e-01
8.526881118881118882e-01
8.467804195804196077e-01
8.560223776223775394e-01
8.521734265734265401e-01
8.509650349650350609e-01
8.530797202797202328e-01
8.515132867132867434e-01
8.576335664335664744e-01
8.553062937062936300e-01
8.489286713286714470e-01
8.551048951048951796e-01
8.544783216783216062e-01
8.490741258741258957e-01
8.511104895104895096e-01
8.562461538461537680e-01
8.481566433566434249e-01
8.549706293706293980e-01
8.439496503496504154e-01
8.478769230769230836e-01
8.513230769230768491e-01
8.552279720279719610e-01
8.517258741258740828e-01
8.525650349650349957e-01
8.520279720279719804e-01
8.537062937062936951e-01
8.460643356643355872e-01
8.484363636363636552e-01
8.507748251748251667e-01
8.480783216783216449e-01
8.507188811188810540e-01
8.557874125874125326e-01
8.483580419580419862e-01
8.404139860139859808e-01
8.473510489510489574e-01
8.528111888111888916e-01
8.548587412587412837e-01
8.480671328671328668e-01
8.417006993006992399e-01
8.487832167832167762e-01
8.503272727272727094e-01
8.531692307692307908e-01
8.471160839160838396e-01
8.504391608391608237e-01
8.506069930069931617e-01
8.487944055944054433e-01
8.464671328671329320e-01
8.430433566433566117e-01
8.507860139860140558e-01
8.491972027972027881e-01
8.450685314685314475e-01
8.442517482517483129e-01
8.428307692307692722e-01
8.490405594405594503e-01
8.361398601398601915e-01
8.276475524475523926e-01
8.283076923076924114e-01
8.552279720279720721e-01
8.531804195804196800e-01
8.430657342657343900e-01
8.403244755244755337e-01
8.481902097902098703e-01
8.523860139860139906e-01
8.470489510489509488e-01
8.434685314685315127e-01
8.539412587412587019e-01
8.410741258741258886e-01
8.438153846153845228e-01
8.487384615384615527e-01
8.383664335664335887e-01
8.307692307692307043e-01
8.311944055944054943e-01
8.546237762237761659e-01
8.525314685314685503e-01
8.481790209790210922e-01
8.098797202797203276e-01
8.366209790209790942e-01
8.471048951048951725e-01
8.463216783216782613e-01
8.152615384615384819e-01
8.158433566433567208e-01
8.154853146853147106e-01
7.674181818181818882e-01
7.994405594405593618e-01
7.806657342657342680e-01
7.589706293706294238e-01
8.310713286713286019e-01
6.415216783216783902e-01
7.792223776223775600e-01
7.830041958041957795e-01
5.002853146853146749e-01
8.193118881118880426e-01
8.039608391608391580e-01
7.484419580419580109e-01
7.615552447552447202e-01
8.420923076923076955e-01
8.450573426573426694e-01
8.396195804195802914e-01
8.536615384615384716e-01
8.572307692307692406e-01
8.555748251748251931e-01
8.437482517482517430e-01
8.492755244755245680e-01
8.477762237762236364e-01
8.590545454545455151e-01
8.647832167832167904e-01
8.610573426573426836e-01
8.570629370629370136e-01
8.590993006993006276e-01
8.599720279720279859e-01
8.544335664335663827e-01
8.576671328671328087e-01
8.557874125874126436e-01
8.561454545454545428e-01
8.583496503496503838e-01
8.506965034965034977e-01
8.579468531468531500e-01
8.502601398601399296e-01
8.568839160839160085e-01
8.541538461538460414e-01
8.604979020979021120e-01
8.562797202797203244e-01
8.578461538461539249e-01
8.567272727272726707e-01
8.593006993006993000e-01
8.571076923076922371e-01
8.565930069930070001e-01
8.561342657342656537e-01
8.548027972027971710e-01
8.410181818181817759e-01
8.494209790209790167e-01
8.545006993006992735e-01
8.524307692307692141e-01
8.436139860139859614e-01
8.423608391608390367e-01
8.491412587412587865e-01
8.493426573426573478e-01
8.472055944055942867e-01
8.532363636363635706e-01
8.544447552447553829e-01
8.500475524475523681e-01
8.500587412587412572e-01
8.494993006993006857e-01
8.504951048951049364e-01
8.554965034965035242e-01
8.526321678321678865e-01
8.465902097902097134e-01
8.554517482517483007e-01
8.538965034965035894e-01
8.389146853146852711e-01
8.492979020979021243e-01
8.538405594405593657e-01
8.513454545454546274e-01
8.440055944055945281e-01
8.575440559440559163e-01
8.514909090909090761e-01
8.452363636363635635e-01
8.521062937062937603e-01
8.457174825174825772e-01
8.452251748251748964e-01
8.523524475524475452e-01
8.498125874125873613e-01
8.450125874125873349e-01
8.514797202797202980e-01
8.412083916083916701e-01
8.439720279720280827e-01
8.387244755244755989e-01
8.452811188811187870e-01
8.539188811188811457e-01
8.557874125874125326e-01
8.488391608391607779e-01
8.522629370629369872e-01
8.442293706293706457e-01
8.534713286713286884e-01
8.450125874125874459e-01
8.549706293706293980e-01
8.501482517482517043e-01
8.360279720279720772e-01
8.549482517482517308e-01
8.406377622377623204e-01
8.505174825174824926e-01
8.323356643356643048e-01
8.466013986013986026e-01
8.523412587412586561e-01
8.468027972027971639e-01
8.415776223776224585e-01
8.543216783216782684e-01
8.476195804195804095e-01
8.537062937062936951e-01
8.536391608391608044e-01
8.490517482517483394e-01
8.443972027972028727e-01
8.300979020979021294e-01
8.566825174825174471e-01
8.517930069930070847e-01
8.405930069930069859e-01
8.531916083916084581e-01
8.487496503496503308e-01
8.431776223776223933e-01
8.319328671328671820e-01
8.504055944055944893e-01
8.422153846153845880e-01
8.465454545454544899e-01
8.455384615384615721e-01
8.347076923076923727e-01
8.473062937062936228e-01
8.463216783216782613e-01
