8.555524475524475259e-01
8.598601398601398715e-01
8.563468531468531042e-01
8.570629370629370136e-01
8.591776223776222965e-01
7.425790209790208429e-01
8.578909090909091484e-01
8.564139860139859950e-01
8.551832167832168485e-01
8.634629370629370859e-01
8.540195804195804818e-01
8.560447552447553177e-01
7.200895104895104204e-01
8.578685314685313701e-01
8.586629370629370595e-01
8.584839160839160543e-01
8.520615384615384258e-01
8.573426573426573549e-01
8.518377622377621972e-01
8.547356643356642802e-01
8.557090909090909747e-01
8.573202797202796877e-01
8.443188811188810927e-01
8.573426573426572439e-01
8.580363636363635971e-01
8.550713286713287342e-01
8.500251748251748118e-01
8.568503496503496741e-01
8.589426573426572897e-01
8.519608391608392006e-01
8.525426573426573285e-01
8.549034965034965072e-01
8.572867132867132423e-01
8.383216783216782542e-01
8.504839160839160472e-01
8.531692307692309019e-01
8.537958041958042532e-01
8.523076923076922107e-01
8.511999999999999567e-01
8.491860139860141210e-01
8.523076923076923217e-01
8.572195804195803515e-01
8.495888111888111327e-01
8.511552447552448442e-01
8.535384615384613571e-01
8.532251748251749035e-01
8.572643356643356860e-01
8.552727272727272956e-01
8.551832167832167375e-01
8.536615384615384716e-01
8.496223776223776891e-01
8.541986013986013759e-01
8.497902097902096941e-01
8.553622377622377426e-01
8.563804195804194386e-01
8.566489510489510018e-01
8.554405594405594115e-01
8.535496503496502463e-01
8.548475524475523946e-01
8.564363636363636623e-01
8.509202797202797264e-01
8.516475524475524139e-01
8.499468531468532539e-01
8.594237762237761924e-01
8.498125874125872503e-01
8.636867132867133146e-01
8.514909090909091871e-01
8.526881118881119992e-01
8.479552447552448635e-01
8.518153846153846409e-01
8.491748251748252319e-01
8.547692307692307256e-01
8.487048951048951073e-01
8.533930069930069084e-01
8.426069930069930436e-01
8.515244755244754105e-01
8.504727272727272691e-01
8.453482517482517888e-01
8.556419580419580839e-01
8.555076923076923023e-01
8.562797202797202134e-01
8.579356643356643719e-01
8.526097902097902193e-01
8.515132867132867434e-01
8.572419580419580187e-01
8.564699300699301077e-01
8.475524475524475188e-01
8.532475524475524598e-01
8.429538461538461647e-01
8.445202797202796541e-01
8.494657342657342403e-01
8.545902097902098316e-01
8.533930069930069084e-01
8.516923076923077485e-01
8.489398601398602251e-01
8.553174825174825191e-01
8.455720279720279065e-01
8.509090909090909483e-01
8.466909090909091606e-01
8.523188811188809888e-01
8.540643356643357054e-01
8.517482517482517501e-01
8.424839160839159291e-01
8.549146853146852854e-01
8.508195804195803902e-01
8.515356643356642996e-01
8.549818181818180651e-01
8.521286713286710945e-01
8.515244755244755215e-01
8.501482517482517043e-01
8.523972027972028798e-01
8.551160839160838467e-01
8.492419580419580116e-01
8.416223776223776820e-01
8.525426573426573285e-01
8.460307692307692529e-01
8.424951048951049293e-01
8.421146853146852518e-01
8.566153846153845564e-01
8.562237762237763228e-01
5.000000000000000000e-01
8.528559440559440041e-01
8.543999999999999373e-01
8.592111888111888529e-01
8.561006993006992083e-01
8.480783216783216449e-01
8.577678321678321449e-01
8.444419580419580962e-01
8.582937062937063821e-01
8.516363636363635248e-01
8.586741258741259486e-01
8.553510489510488535e-01
8.596475524475524210e-01
8.563916083916084387e-01
8.572755244755244641e-01
8.606433566433566718e-01
8.595020979020979723e-01
8.557090909090908637e-01
8.575104895104894709e-01
8.600391608391608766e-01
5.000000000000000000e-01
8.574433566433564691e-01
8.527216783216783336e-01
8.470489510489510598e-01
8.614265734265733609e-01
8.553622377622378536e-01
8.486937062937063292e-01
8.579132867132867046e-01
8.534489510489510211e-01
8.547468531468531694e-01
8.490517482517482284e-01
8.525986013986013301e-01
8.514573426573426307e-01
8.533482517482517959e-01
8.449342657342657770e-01
8.546685314685313895e-01
8.543776223776223810e-01
8.588531468531468427e-01
8.539076923076922565e-01
8.527216783216783336e-01
8.532475524475524598e-01
8.537622377622376968e-01
8.516587412587413031e-01
8.578461538461538138e-01
8.520279720279719804e-01
8.484699300699301006e-01
8.501818181818181497e-01
8.520279720279722024e-01
8.580363636363637081e-01
8.506517482517482742e-01
8.492419580419580116e-01
8.554965034965034132e-01
8.535944055944055808e-01
8.518601398601397534e-01
8.557874125874124216e-01
8.576223776223775852e-01
8.543999999999999373e-01
8.557986013986015328e-01
8.512559440559440693e-01
8.545230769230769408e-01
8.503496503496503767e-01
8.617734265734264820e-01
8.532363636363636816e-01
8.575216783216783600e-01
8.519496503496502005e-01
8.487160839160838854e-01
8.559104895104895361e-01
8.469034965034962781e-01
8.509874125874126172e-01
8.507300699300700542e-01
8.542433566433567105e-01
8.543104895104896013e-01
8.593454545454546345e-01
8.514125874125872961e-01
8.528447552447552260e-01
8.546909090909091677e-01
8.541650349650349305e-01
8.505062937062936035e-01
5.000000000000000000e-01
8.534937062937063557e-01
8.514125874125874072e-01
8.544559440559440500e-01
8.505958041958041616e-01
8.521286713286712056e-01
8.507188811188811650e-01
8.541090909090909289e-01
8.486825174825173290e-01
8.550209790209790661e-01
8.550041958041958434e-01
8.496223776223776891e-01
8.519384615384615334e-01
8.562125874125873226e-01
8.545006993006993845e-01
8.626237762237761730e-01
8.486489510489509946e-01
8.567944055944054504e-01
8.601398601398602128e-01
8.500363636363637010e-01
8.574209790209790238e-01
8.424055944055943712e-01
8.561790209790209882e-01
8.452811188811188980e-01
8.533146853146853505e-01
5.000000000000000000e-01
8.508643356643356137e-01
8.492755244755244570e-01
8.479216783216783071e-01
8.570293706293705682e-01
8.493986013986014605e-01
8.474853146853145169e-01
8.476531468531468549e-01
8.548811188811187289e-01
8.448895104895104424e-01
8.634629370629369749e-01
8.447664335664335500e-01
8.492083916083916773e-01
8.551944055944055156e-01
8.525202797202797722e-01
8.516811188811188593e-01
8.484587412587412114e-01
8.549930069930069543e-01
8.391272727272727217e-01
8.475300699300699625e-01
8.462881118881118159e-01
8.536727272727272497e-01
8.499356643356643648e-01
8.413538461538461188e-01
8.512111888111888458e-01
8.500139860139859227e-01
8.472279720279721760e-01
8.566937062937063363e-01
8.479328671328671962e-01
8.455944055944055737e-01
8.471832167832167304e-01
8.421706293706292534e-01
8.455384615384615721e-01
8.509202797202797264e-01
8.559776223776224269e-01
8.581482517482517114e-01
8.547356643356643913e-01
8.562909090909091026e-01
8.577566433566433668e-01
8.574993006993006928e-01
8.567496503496503379e-01
8.570293706293705682e-01
8.556419580419580839e-01
8.517146853146853047e-01
8.547020979020979459e-01
8.534825174825173555e-01
8.537174825174825843e-01
8.598713286713286497e-01
8.512000000000000677e-01
8.561678321678320991e-01
8.539972027972028146e-01
8.567048951048951144e-01
8.578125874125873684e-01
8.510433566433566188e-01
8.538293706293706986e-01
8.535832167832168027e-01
8.556867132867131964e-01
8.553286713286712972e-01
8.536727272727273608e-01
8.587972027972028410e-01
8.547468531468530584e-01
8.605202797202797793e-01
8.564027972027972169e-01
8.546909090909091677e-01
8.579244755244754828e-01
8.560559440559439848e-01
8.498909090909090303e-01
8.548139860139860602e-01
8.496895104895103579e-01
8.508755244755243918e-01
8.566041958041957782e-01
8.517818181818181955e-01
8.545454545454546080e-01
8.520503496503495366e-01
8.611020979020979071e-01
8.505510489510488270e-01
8.566825174825174471e-01
8.541202797202795960e-01
8.554853146853147461e-01
8.572755244755244641e-01
8.549258741258740635e-01
8.546573426573426113e-01
8.515244755244755215e-01
8.566713286713285580e-01
8.585846153846152795e-01
8.492979020979021243e-01
8.516811188811189703e-01
8.535160839160840229e-01
8.532923076923076833e-01
8.547020979020979459e-01
5.000000000000000000e-01
8.527552447552446679e-01
8.554741258741258569e-01
8.462433566433565924e-01
8.576000000000000290e-01
8.473062937062937339e-01
8.539636363636363692e-01
8.483356643356643190e-01
8.521846153846153182e-01
8.528223776223775587e-01
8.453146853146853434e-01
8.642013986013985516e-01
8.438825174825175246e-01
8.527216783216784446e-01
8.481678321678320920e-01
8.490629370629371175e-01
8.499804195804195883e-01
8.457174825174824662e-01
8.469370629370629455e-01
8.510545454545453969e-01
8.499468531468531429e-01
8.602181818181817707e-01
8.504503496503496018e-01
8.482237762237763157e-01
8.510993006993006205e-01
8.477090909090907456e-01
8.439944055944055279e-01
8.526097902097902193e-01
8.493426573426574588e-01
8.529454545454545622e-01
8.478769230769230836e-01
8.498685314685314740e-01
8.531748251748252354e-01
6.915468531468531577e-01
8.531132867132866782e-01
8.536167832167832481e-01
8.536615384615384716e-01
8.472055944055942867e-01
8.545790209790209424e-01
8.572755244755243531e-01
8.549370629370628416e-01
7.259412587412586992e-01
8.393062937062937268e-01
8.451804195804195619e-01
8.481118881118880903e-01
8.463104895104895942e-01
8.434237762237761782e-01
8.608223776223775658e-01
8.519272727272728662e-01
8.435692307692307379e-01
8.507748251748251667e-01
7.445258741258742319e-01
8.556195804195804167e-01
8.369006993006994355e-01
8.471496503496503960e-01
8.400447552447553035e-01
8.500363636363637010e-01
7.390769230769231868e-01
8.427188811188810469e-01
8.472391608391608431e-01
8.487944055944055544e-01
5.000000000000000000e-01
7.242741258741258736e-01
6.241118881118881134e-01
8.430321678321678336e-01
8.411636363636364466e-01
8.402909090909090883e-01
8.423832167832168150e-01
8.454825174825175704e-01
8.333762237762238900e-01
8.482573426573425390e-01
8.565258741258739983e-01
8.596139860139859756e-01
8.616839160839162570e-01
8.489734265734265595e-01
8.601958041958042145e-01
8.593230769230768562e-01
8.528783216783216714e-01
8.480111888111888652e-01
8.452139860139860073e-01
8.501258741258741480e-01
8.531244755244755673e-01
8.584391608391608308e-01
8.481790209790208701e-01
8.522181818181817636e-01
8.561790209790209882e-01
8.551832167832168485e-01
8.523860139860139906e-01
8.567384615384614488e-01
8.518713286713286426e-01
8.525202797202797722e-01
8.493426573426573478e-01
8.471272727272727288e-01
8.568167832167832287e-01
8.515580419580420779e-01
8.582377622377622695e-01
8.488055944055943325e-01
8.525986013986013301e-01
8.500251748251749229e-01
8.513566433566432945e-01
8.554741258741259680e-01
8.544111888111888264e-01
8.545566433566433862e-01
8.507524475524474994e-01
8.438489510489510792e-01
8.511328671328671769e-01
8.547468531468531694e-01
8.530909090909091219e-01
8.421482517482516972e-01
8.566713286713286690e-01
8.519496503496504225e-01
8.551160839160839577e-01
8.525986013986013301e-01
8.481230769230769795e-01
8.507188811188810540e-01
8.491748251748252319e-01
8.532475524475522377e-01
8.514349650349649634e-01
8.489958041958041157e-01
8.460419580419580310e-01
8.526209790209789974e-01
8.452251748251748964e-01
8.541874125874124868e-01
8.513454545454544053e-01
8.451580419580418946e-01
8.519944055944055350e-01
8.609566433566433474e-01
8.537846153846153641e-01
8.429090909090908301e-01
8.472279720279719539e-01
8.437706293706292993e-01
8.510545454545455080e-01
8.490293706293706721e-01
8.521622377622377620e-01
8.510433566433566188e-01
8.477538461538463022e-01
8.531804195804195690e-01
8.479328671328671962e-01
8.548699300699300618e-01
8.436363636363637397e-01
8.535160839160840229e-01
8.458629370629371369e-01
8.564811188811188858e-01
8.469594405594405018e-01
8.489174825174825578e-01
8.448671328671328862e-01
8.495776223776223546e-01
8.431664335664335042e-01
8.435524475524474042e-01
8.465230769230769337e-01
8.606209790209791155e-01
8.417230769230769072e-01
8.445314685314685432e-01
8.472055944055945087e-01
8.457622377622376897e-01
8.536391608391609154e-01
8.483580419580419862e-01
8.356251748251748435e-01
8.511104895104895096e-01
8.511440559440559550e-01
8.496000000000000218e-01
8.425286713286712637e-01
8.477426573426574130e-01
8.468139860139860531e-01
8.511104895104895096e-01
8.468139860139860531e-01
8.535384615384615792e-01
8.465566433566432680e-01
8.398545454545454092e-01
8.401006993006994161e-01
8.453930069930069013e-01
8.402797202797203102e-01
8.535160839160840229e-01
8.378629370629371298e-01
8.453482517482517888e-01
8.497902097902098051e-01
8.436363636363637397e-01
8.454489510489510140e-01
8.513790209790209618e-01
8.506741258741258305e-01
8.484027972027972098e-01
8.485594405594405476e-01
8.507860139860139448e-01
7.187020979020978251e-01
8.399664335664335235e-01
8.351776223776222752e-01
8.324027972027971956e-01
8.422825174825174788e-01
8.147020979020977993e-01
8.335440559440557839e-01
8.425846153846154873e-01
8.357594405594406251e-01
8.516027972027971904e-01
8.398993006993006327e-01
8.370685314685314404e-01
8.374377622377622288e-01
8.444307692307693181e-01
8.478545454545454163e-01
8.461986013986013688e-01
8.603076923076922178e-01
8.582153846153846022e-01
8.572755244755244641e-01
8.521734265734265401e-01
8.534265734265733538e-01
8.557426573426573091e-01
8.536839160839161389e-01
8.522069930069930965e-01
8.547020979020979459e-01
8.591216783216784059e-01
8.565706293706294439e-01
8.571412587412586825e-01
8.586629370629370595e-01
8.543888111888111592e-01
8.514461538461539636e-01
8.592895104895104108e-01
8.562461538461537680e-01
8.504279720279719346e-01
8.560671328671328739e-01
8.548363636363636164e-01
8.471720279720278413e-01
8.519272727272728662e-01
8.584279720279719417e-01
8.554293706293705224e-01
8.542993006993007121e-01
8.477090909090909676e-01
8.575888111888112508e-01
8.587636363636363956e-01
8.516587412587411920e-01
8.483244755244755408e-01
8.590993006993006276e-01
8.540755244755245945e-01
8.550937062937062905e-01
8.502377622377621513e-01
8.526881118881117771e-01
8.446657342657343248e-01
8.537622377622378078e-01
8.568279720279721179e-01
8.578629370629371476e-01
8.568391608391610070e-01
8.535496503496504683e-01
8.516699300699300812e-01
8.556643356643356402e-01
8.533370629370629068e-01
8.595244755244755286e-01
8.566713286713286690e-01
8.525762237762237739e-01
8.515020979020978542e-01
8.544671328671329391e-01
8.570517482517482355e-01
8.488615384615384452e-01
8.520951048951048712e-01
8.538517482517481438e-01
8.444755244755244306e-01
8.490629370629370065e-01
8.485258741258741022e-01
8.516139860139860795e-01
8.506965034965036088e-01
8.521062937062935383e-01
8.556083916083916385e-01
8.514461538461538526e-01
8.523972027972026577e-01
8.539972027972027036e-01
8.499132867132866975e-01
8.532027972027972362e-01
8.538517482517482549e-01
8.519608391608390896e-01
8.504167832167832675e-01
8.558097902097903109e-01
8.428419580419579393e-01
8.512671328671327364e-01
8.561006993006993193e-01
8.501818181818182607e-01
8.474181818181817372e-01
8.518153846153846409e-01
8.478209790209789709e-01
8.515132867132867434e-01
8.488503496503496670e-01
8.510209790209790626e-01
8.532811188811189052e-01
8.496783216783215797e-01
8.421258741258741409e-01
8.459076923076922494e-01
8.434909090909089580e-01
8.554069930069930772e-01
8.421930069930070317e-01
8.491188811188811192e-01
8.440839160839161970e-01
8.494209790209790167e-01
8.470265734265733926e-01
8.419356643356641356e-01
8.444643356643357635e-01
8.525202797202797722e-01
8.402013986013985303e-01
8.510881118881119534e-01
8.433790209790209547e-01
8.452475524475524526e-01
8.482685314685314282e-01
8.480895104895104231e-01
8.527999999999998915e-01
8.479440559440560854e-01
8.542881118881119340e-01
8.455832167832167956e-01
8.414881118881119004e-01
8.407048951048952112e-01
8.478209790209790819e-01
8.396979020979020714e-01
8.493314685314685697e-01
8.380307692307692458e-01
8.465342657342657118e-01
8.580251748251748189e-01
8.480111888111887541e-01
8.460531468531469201e-01
8.460531468531469201e-01
8.363300699300697527e-01
8.424167832167831493e-01
8.416895104895105728e-01
8.504279720279721566e-01
8.448335664335664408e-01
8.455608391608392393e-01
8.502825174825174859e-01
8.506629370629370523e-01
8.455944055944055737e-01
8.435804195804196270e-01
8.407048951048952112e-01
8.419916083916083593e-01
8.430545454545455009e-01
8.529342657342656731e-01
8.486153846153845492e-01
8.552839160839161847e-01
8.569398601398600102e-01
8.584279720279721637e-01
8.550377622377622888e-01
8.608559440559440112e-01
8.555860139860139713e-01
8.500923076923075916e-01
8.528111888111887806e-01
8.576000000000000290e-01
8.562573426573426572e-01
8.544223776223776046e-01
8.549482517482516197e-01
8.548923076923078401e-01
8.600727272727273220e-01
8.522965034965035436e-01
8.556531468531468620e-01
8.545342657342658299e-01
8.534489510489510211e-01
8.570965034965034590e-01
8.578909090909090374e-01
8.534937062937063557e-01
8.505510489510488270e-01
8.520279720279719804e-01
8.539524475524477021e-01
8.522517482517482090e-01
8.508643356643355027e-01
8.557538461538460872e-01
8.546461538461538332e-01
8.574993006993006928e-01
8.554965034965035242e-01
8.538293706293705876e-01
8.523860139860139906e-01
8.578573426573427030e-01
8.536503496503495825e-01
8.581818181818182678e-01
8.555412587412588588e-01
8.523860139860139906e-01
8.551496503496504031e-01
8.556755244755244183e-01
8.518489510489509753e-01
8.589314685314686226e-01
8.519160839160839771e-01
8.571524475524475717e-01
8.509986013986015063e-01
8.467020979020979388e-01
8.543160839160839348e-01
8.566041958041956672e-01
8.524307692307692141e-01
8.515916083916083013e-01
8.568167832167832287e-01
8.520839160839160931e-01
8.538069930069930313e-01
8.531020979020980111e-01
8.553062937062937410e-01
8.553174825174826301e-01
8.512559440559439583e-01
8.497006993006993580e-01
8.552615384615385175e-01
8.554965034965037463e-01
8.524195804195804360e-01
8.486601398601398838e-01
8.529230769230768949e-01
8.558545454545454234e-01
8.499804195804196993e-01
8.547132867132867240e-01
8.503608391608391548e-01
8.512671328671328475e-01
8.534937062937062446e-01
8.522853146853145434e-01
8.581370629370628222e-01
8.538069930069930313e-01
8.528783216783216714e-01
8.551944055944056267e-01
8.532363636363636816e-01
8.549034965034965072e-01
8.475972027972028533e-01
8.544223776223774935e-01
8.528671328671327823e-01
8.510321678321679517e-01
8.499692307692308102e-01
8.482797202797203173e-01
8.446769230769231029e-01
8.474293706293705153e-01
8.481566433566434249e-01
8.487720279720279981e-01
8.562237762237762118e-01
8.488615384615384452e-01
8.528223776223775587e-01
8.523972027972028798e-01
8.462209790209790361e-01
8.474517482517482936e-01
8.551832167832167375e-01
8.481006993006993122e-01
8.455160839160840158e-01
8.450237762237763350e-01
8.455720279720280175e-01
8.534041958041957976e-01
8.503944055944054892e-01
8.425622377622378201e-01
8.446545454545455467e-01
8.506741258741258305e-01
8.491076923076923411e-01
8.471048951048949505e-01
8.576895104895105870e-01
8.506181818181817178e-01
8.482125874125874265e-01
8.474965034965034061e-01
8.453594405594406780e-01
8.463104895104895942e-01
8.542321678321678213e-01
8.538069930069929203e-01
8.488391608391607779e-01
8.462209790209789251e-01
8.467692307692308296e-01
8.453370629370628997e-01
8.510209790209790626e-01
8.514237762237761853e-01
8.493986013986014605e-01
8.440055944055944170e-01
8.382657342657342525e-01
8.451020979020977819e-01
8.506965034965034977e-01
8.545118881118881626e-01
8.439384615384615262e-01
8.430881118881119463e-01
8.435020979020978471e-01
8.509650349650350609e-01
8.344279720279720314e-01
8.280951048951048499e-01
8.272671328671328261e-01
8.405370629370628732e-01
8.418685314685313559e-01
8.333986013986014463e-01
8.270097902097901521e-01
8.354461538461538384e-01
8.489958041958042267e-01
8.374153846153846725e-01
8.286097902097901979e-01
8.356811188811189561e-01
8.372923076923075580e-01
8.279048951048950666e-01
8.351440559440559408e-01
8.271104895104894883e-01
8.328055944055944293e-01
8.311608391608391599e-01
8.395076923076922881e-01
8.272111888111888245e-01
8.364195804195803108e-01
8.341482517482516901e-01
8.319776223776224056e-01
8.325258741258740880e-01
8.354125874125875040e-01
8.327944055944056512e-01
8.312055944055942724e-01
8.333650349650350009e-01
8.422153846153845880e-01
8.441174825174825314e-01
8.300083916083915714e-01
8.339244755244755725e-01
8.328391608391607637e-01
8.312167832167831616e-01
8.304671328671329178e-01
8.143776223776224565e-01
8.260475524475524578e-01
8.321454545454545215e-01
8.317986013986014004e-01
8.361622377622377478e-01
8.327608391608392058e-01
8.326825174825174258e-01
8.200727272727272865e-01
8.211244755244755389e-01
8.150937062937062549e-01
8.294825174825175562e-01
8.367104895104895412e-01
8.359384615384614081e-01
7.979300699300699851e-01
8.171300699300698689e-01
8.348755244755244886e-01
8.357706293706294032e-01
8.302097902097901327e-01
8.317202797202796205e-01
8.204083916083915184e-01
8.364643356643357563e-01
8.394741258741258427e-01
8.324027972027970845e-01
8.228475524475524772e-01
8.306237762237762556e-01
8.139972027972027790e-01
8.302433566433566892e-01
8.150825174825174768e-01
8.273454545454546061e-01
8.169958041958041983e-01
8.162909090909090670e-01
8.209454545454545338e-01
8.270209790209789302e-01
8.277146853146852834e-01
8.052363636363636390e-01
8.032559440559440267e-01
8.264391608391608024e-01
8.274797202797201656e-01
8.155972027972029359e-01
8.298965034965034571e-01
8.121062937062937248e-01
8.187076923076923585e-01
8.130013986013986393e-01
8.280055944055944028e-01
8.242125874125874052e-01
8.217846153846154467e-01
7.370405594405593508e-01
7.658293706293706204e-01
8.234741258741259395e-01
8.098797202797202166e-01
8.042405594405593883e-01
8.063440559440558930e-01
8.144223776223775690e-01
8.153174825174824836e-01
8.232951048951048234e-01
7.921958041958042651e-01
8.121174825174823919e-01
8.106405594405594606e-01
8.157874125874124971e-01
8.188531468531468072e-01
8.134153846153846512e-01
7.758993006993006869e-01
8.243244755244755195e-01
8.169062937062936403e-01
8.049790209790210760e-01
7.380587412587411578e-01
8.140195804195804463e-01
7.974601398601399715e-01
7.710265734265733251e-01
8.069482517482517991e-01
7.302041958041958214e-01
7.323412587412587715e-01
7.938013986013985335e-01
7.949426573426572329e-01
7.335160839160839163e-01
8.093762237762238687e-01
7.750153846153846615e-01
8.019468531468531003e-01
7.763356643356642550e-01
7.447048951048951260e-01
7.205370629370628777e-01
7.918657342657343667e-01
7.432167832167831945e-01
7.972139860139859646e-01
7.947972027972027842e-01
7.354293706293706379e-01
7.340979020979019332e-01
7.285594405594405520e-01
7.245874125874126603e-01
7.459132867132866052e-01
7.267020979020979432e-01
7.925034965034963852e-01
7.876587412587412462e-01
8.315300699300699483e-01
8.341034965034965776e-01
8.336559440559438983e-01
8.376951048951049028e-01
8.320111888111886289e-01
8.398433566433567421e-01
8.310713286713287129e-01
8.340811188811187993e-01
8.302657342657342454e-01
8.322573426573427469e-01
8.373258741258742255e-01
8.365650349650349815e-01
8.287272727272727568e-01
8.352895104895106115e-01
8.335440559440558950e-01
8.283412587412586348e-01
8.326265734265735352e-01
8.387916083916084897e-01
8.338461538461539035e-01
8.387468531468530442e-01
8.367104895104894302e-01
8.369678321678321042e-01
8.298517482517482335e-01
8.282181818181818533e-01
8.352559440559439441e-01
8.365202797202796470e-01
8.339076923076922387e-01
8.272335664335663807e-01
8.347636363636363743e-01
8.391384615384616108e-01
8.362965034965035294e-01
8.317762237762237332e-01
8.300195804195804605e-01
8.311496503496503818e-01
8.260811188811189032e-01
8.277706293706292850e-01
8.314405594405595012e-01
8.348419580419580432e-01
8.329398601398602109e-01
8.357146853146852905e-01
8.361286713286711914e-01
8.262041958041957956e-01
8.298293706293705663e-01
8.294377622377622217e-01
8.347748251748251525e-01
8.336000000000001187e-01
8.288335664335665376e-01
8.246937062937063079e-01
8.309370629370630423e-01
8.304000000000000270e-01
8.302209790209790219e-01
8.336447552447551201e-01
8.289230769230769846e-01
8.271888111888111572e-01
8.306125874125873665e-01
8.240223776223776220e-01
8.310601398601399348e-01
8.169846153846154202e-01
8.279608391608391793e-01
8.336223776223775639e-01
8.310153846153846002e-01
8.245146853146853028e-01
8.348195804195805980e-01
8.260587412587412359e-01
8.280279720279719591e-01
8.296055944055944487e-01
8.204867132867134094e-01
8.270097902097901521e-01
8.232951048951049344e-01
8.236643356643356118e-01
8.243804195804195212e-01
8.385342657342658157e-01
8.267412587412588110e-01
8.270209790209789302e-01
8.181370629370630088e-01
8.091300699300698618e-01
8.232951048951049344e-01
8.246489510489509733e-01
8.254321678321677735e-01
8.317762237762238442e-01
8.165706293706294083e-01
8.165146853146852957e-01
8.210909090909092045e-01
8.159328671328671678e-01
7.994517482517482510e-01
7.985454545454544473e-01
8.236867132867132790e-01
8.239440559440559531e-01
8.223328671328672401e-01
8.286657342657343106e-01
8.165706293706292973e-01
7.966097902097901695e-01
8.058405594405594341e-01
8.277818181818181742e-01
8.364419580419579781e-01
8.145678321678321288e-01
8.076755244755244867e-01
8.135048951048950983e-01
8.094881118881118720e-01
7.932755244755245183e-01
7.722293706293705817e-01
7.889118881118880600e-01
7.282237762237762091e-01
8.043524475524475026e-01
7.915972027972028036e-01
8.011972027972028565e-01
8.135048951048950983e-01
8.045986013986015095e-01
7.889790209790210618e-01
7.877370629370629151e-01
8.026741258741258989e-01
8.039496503496502688e-01
7.279888111888112023e-01
7.818853146853146363e-01
7.789650349650348859e-01
8.028979020979021275e-01
7.961062937062937106e-01
7.356083916083916430e-01
7.434517482517482012e-01
7.745678321678322042e-01
7.950097902097902347e-01
7.399160839160838776e-01
7.933762237762237435e-01
7.945734265734265556e-01
7.482629370629370058e-01
7.689846153846153776e-01
7.370741258741257962e-01
7.911608391608391244e-01
8.343048951048951389e-01
8.286321678321677542e-01
8.354685314685313946e-01
8.302993006993006908e-01
8.318881118881118475e-01
8.374825174825175633e-01
8.275468531468530564e-01
8.337006993006993438e-01
8.405818181818180967e-01
8.325034965034964207e-01
8.326377622377622023e-01
8.333762237762236680e-01
8.276139860139859472e-01
8.408503496503495489e-01
8.322349650349649686e-01
8.399552447552446344e-01
8.318993006993007366e-01
8.387804195804196006e-01
8.275132867132867220e-01
8.328951048951047653e-01
8.384783216783217030e-01
8.320447552447551853e-01
8.369230769230768807e-01
8.358377622377622940e-01
8.309594405594405986e-01
8.382433566433566963e-01
8.392615384615385032e-01
8.307468531468531481e-01
8.344391608391609205e-01
8.353342657342657240e-01
8.328167832167833184e-01
8.312167832167831616e-01
8.372251748251746672e-01
8.332307692307693303e-01
8.350993006993007173e-01
8.327496503496503166e-01
8.334545454545453369e-01
8.391608391608391671e-01
8.333650349650350009e-01
8.325818181818182007e-01
8.325482517482517553e-01
8.280951048951048499e-01
8.310825174825174910e-01
8.377398601398601263e-01
8.294489510489511108e-01
8.346293706293705927e-01
8.338797202797201269e-01
8.313734265734264994e-01
8.288111888111888703e-01
8.356699300699300670e-01
8.373594405594404488e-01
8.285986013986014198e-01
8.267636363636363672e-01
8.261370629370630159e-01
8.383328671328671433e-01
8.243020979020979633e-01
8.295608391608392251e-01
8.285090909090908617e-01
8.289902097902097644e-01
8.281958041958040750e-01
8.295160839160840016e-01
8.316531468531468407e-01
8.350993006993006063e-01
8.295608391608391141e-01
8.341146853146853557e-01
8.257790209790210056e-01
8.241342657342657363e-01
8.249734265734264271e-01
8.114013986013987045e-01
8.226685314685315831e-01
8.328167832167832074e-01
8.334993006993006714e-01
8.309818181818182659e-01
8.231160839160839293e-01
8.315188811188810591e-01
8.209006993006991992e-01
8.228139860139861428e-01
8.252419580419581013e-01
8.235524475524474974e-01
8.174993006993006572e-01
8.174321678321677664e-01
8.183944055944055718e-01
8.165034965034965175e-01
8.091972027972027526e-01
8.112335664335664775e-01
8.215608391608393291e-01
8.164027972027970703e-01
8.182601398601399012e-01
8.236307692307691664e-01
8.223552447552446854e-01
7.975272727272726403e-01
8.242909090909091852e-01
8.260923076923077923e-01
8.112783216783217011e-01
8.222097902097901256e-01
8.206097902097901908e-01
8.095776223776224301e-01
7.676195804195804495e-01
8.097230769230769898e-01
8.055160839160839803e-01
8.197594405594406108e-01
7.880055944055943673e-01
8.213594405594405456e-01
7.914629370629370220e-01
7.985118881118882239e-01
8.182041958041957885e-01
8.086489510489510701e-01
8.143664335664335674e-01
7.859916083916083096e-01
8.113454545454544808e-01
8.098797202797203276e-01
7.749258741258741034e-01
7.900867132867133158e-01
8.007832167832167336e-01
7.232223776223776213e-01
8.001902097902098276e-01
8.112335664335664775e-01
7.400503496503496592e-01
7.407552447552449015e-01
7.333258741258741331e-01
7.741874125874126378e-01
8.098685314685315495e-01
7.595748251748252189e-01
8.033006993006992502e-01
7.748587412587412127e-01
7.823776223776223171e-01
7.837986013986013578e-01
8.031776223776223578e-01
8.553062937062936300e-01
8.548363636363636164e-01
8.593790209790210799e-01
7.303496503496502701e-01
8.589874125874126243e-01
7.254993006993006865e-01
8.568727272727272304e-01
8.569062937062937868e-01
7.230769230769230616e-01
8.541314685314684851e-01
7.231216783216782851e-01
8.539300699300700348e-01
7.295440559440560246e-01
8.589762237762237351e-01
7.290517482517482328e-01
8.593790209790209689e-01
8.515132867132867434e-01
7.303496503496504921e-01
8.510769230769229532e-01
7.396923076923076490e-01
8.060867132867133300e-01
8.154293706293705979e-01
8.583160839160839384e-01
8.560671328671327629e-01
8.513454545454546274e-01
7.259524475524475884e-01
8.552839160839160737e-01
8.494097902097901276e-01
8.540307692307691489e-01
8.546013986013986097e-01
8.504727272727272691e-01
8.555748251748251931e-01
8.530685314685315657e-01
8.528000000000000025e-01
8.505510489510489380e-01
8.548699300699300618e-01
8.576783216783215869e-01
8.520055944055944241e-01
8.555860139860138602e-01
8.559888111888112050e-01
5.000000000000000000e-01
8.538853146853145892e-01
8.321118881118880761e-01
8.568839160839161195e-01
8.518713286713286426e-01
8.581258741258741551e-01
8.520727272727273149e-01
8.513902097902097399e-01
8.521622377622377620e-01
8.536839160839161389e-01
8.407160839160838783e-01
8.538629370629370330e-01
8.516699300699300812e-01
8.508979020979020591e-01
8.560223776223776504e-01
8.567608391608392271e-01
8.530013986013986749e-01
8.564251748251748841e-01
8.493538461538461259e-01
8.537622377622378078e-01
8.481566433566433139e-01
8.521398601398602057e-01
8.555636363636363040e-01
8.538965034965035894e-01
8.492307692307692335e-01
8.540979020979021508e-01
8.544000000000000483e-01
8.462657342657342596e-01
8.525202797202796612e-01
8.501482517482517043e-01
8.576559440559439196e-01
8.518265734265734190e-01
8.489958041958042267e-01
8.509538461538461718e-01
8.565594405594405547e-01
8.490069930069930049e-01
8.534153846153846867e-01
8.503944055944057112e-01
8.500811188811190355e-01
8.521622377622377620e-01
8.498349650349650286e-01
8.525538461538462176e-01
8.552391608391607392e-01
8.536839160839160279e-01
8.470937062937062834e-01
8.534937062937062446e-01
8.663832167832168363e-01
8.484251748251747660e-01
8.542881118881119340e-01
8.531132867132866782e-01
7.296559440559440279e-01
8.506069930069928287e-01
8.434461538461538455e-01
8.555524475524475259e-01
8.561678321678322101e-01
8.505062937062937145e-01
8.552279720279720721e-01
8.497454545454545816e-01
8.448223776223776627e-01
8.525202797202796612e-01
8.536503496503495825e-01
8.497342657342656924e-01
8.526881118881119992e-01
8.494097902097902386e-01
8.382545454545453634e-01
8.520391608391608695e-01
8.465230769230769337e-01
8.525538461538462176e-01
8.500811188811188135e-01
8.472279720279720650e-01
8.560335664335664285e-01
8.514909090909090761e-01
8.488391608391607779e-01
8.351664335664334970e-01
8.483356643356643190e-01
8.438377622377623011e-01
8.556531468531467510e-01
8.472951048951048447e-01
8.490741258741258957e-01
8.530237762237761201e-01
8.523748251748251015e-01
8.442965034965035365e-01
8.432783216783217295e-01
8.373930069930070053e-01
8.492979020979020133e-01
7.245090909090908804e-01
8.512895104895104037e-01
8.421146853146852518e-01
8.028363636363636813e-01
8.545790209790209424e-01
8.444419580419579852e-01
8.555412587412586367e-01
7.227412587412587186e-01
8.568503496503496741e-01
8.546349650349649441e-01
8.552167832167832939e-01
8.348531468531468214e-01
7.329230769230768994e-01
8.568951048951048977e-01
8.410181818181818869e-01
8.562685314685314353e-01
8.581594405594406005e-01
8.373370629370628926e-01
8.551944055944056267e-01
8.586293706293707251e-01
8.587076923076922830e-01
8.560447552447553177e-01
8.581370629370629333e-01
8.507300699300699431e-01
8.586965034965035048e-01
7.155580419580418461e-01
8.370461538461537732e-01
7.252475524475524571e-01
8.523972027972027687e-01
8.472615384615383993e-01
7.479496503496503301e-01
5.000000000000000000e-01
8.569510489510490103e-01
8.576895104895105870e-01
8.558545454545454234e-01
8.502153846153845951e-01
8.485930069930069930e-01
8.560335664335663175e-01
8.492195804195805664e-01
8.546125874125873878e-01
8.530685314685315657e-01
8.567944055944056725e-01
8.579692307692308173e-01
8.550601398601398451e-01
8.493202797202796805e-01
8.520839160839160931e-01
8.580363636363637081e-01
8.510657342657343971e-01
8.538293706293706986e-01
8.507300699300699431e-01
8.443300699300699819e-01
8.528783216783216714e-01
8.516811188811187483e-01
8.545230769230769408e-01
8.513790209790210728e-01
8.562349650349649899e-01
8.566377622377623346e-01
8.467356643356643842e-01
8.567832167832167833e-01
8.551944055944056267e-01
8.585398601398601670e-01
8.524755244755245487e-01
8.545342657342658299e-01
8.467244755244756060e-01
8.572531468531467969e-01
8.563580419580418823e-01
7.375888111888111442e-01
8.579916083916083736e-01
8.507524475524476104e-01
8.517146853146853047e-01
8.473286713286714011e-01
8.550377622377621778e-01
8.538853146853147003e-01
8.493762237762239042e-01
8.582489510489510476e-01
8.500699300699301464e-01
8.477034965034964120e-01
8.486937062937063292e-01
8.560895104895105412e-01
8.579020979020979265e-01
8.545790209790209424e-01
8.561342657342657647e-01
8.497230769230769143e-01
8.488727272727273343e-01
8.500587412587412572e-01
8.554741258741258569e-01
8.552615384615385175e-01
8.475188811188811844e-01
8.558097902097900889e-01
8.494657342657343513e-01
7.203356643356643163e-01
7.169342657342657743e-01
8.472727272727273995e-01
8.589650349650350680e-01
8.483244755244755408e-01
7.163524475524475355e-01
8.536951048951050280e-01
8.504503496503497129e-01
7.826181818181817684e-01
8.445650349650350996e-01
5.000000000000000000e-01
8.418797202797201340e-01
8.536167832167832481e-01
8.532363636363637927e-01
8.514125874125874072e-01
5.000000000000000000e-01
8.460755244755244764e-01
8.464111888111887083e-01
8.431216783216783917e-01
8.575888111888111398e-01
8.551384615384616250e-01
8.489622377622378924e-01
8.578125874125873684e-01
8.526433566433565536e-01
7.248559440559441125e-01
8.364643356643357563e-01
8.463216783216782613e-01
8.470377622377621707e-01
8.452363636363635635e-01
6.688055944055943947e-01
7.392223776223776355e-01
8.422153846153844770e-01
8.595468531468531959e-01
8.485370629370629914e-01
8.504167832167832675e-01
8.449454545454545551e-01
8.351664335664336081e-01
8.450797202797203367e-01
8.529454545454544512e-01
4.984615384615384559e-01
8.425958041958042655e-01
8.534601398601399103e-01
8.579356643356642609e-01
8.563020979020978807e-01
8.595580419580419740e-01
8.528559440559440041e-01
8.546685314685313895e-01
8.607552447552448971e-01
8.601062937062937674e-01
8.546461538461538332e-01
8.564811188811188858e-01
8.568839160839160085e-01
7.317930069930069781e-01
8.577566433566433668e-01
8.559216783216783142e-01
8.578237762237763686e-01
8.586853146853146157e-01
8.532027972027972362e-01
8.556867132867134185e-01
8.528335664335664479e-01
7.321846153846153227e-01
8.574321678321678020e-01
8.574881118881119146e-01
8.522853146853146544e-01
8.630713286713287413e-01
8.540419580419580381e-01
8.530909090909091219e-01
8.581034965034964879e-01
8.563244755244755479e-01
8.544559440559440500e-01
8.496559440559441345e-01
8.539188811188810346e-01
8.517818181818181955e-01
8.558097902097901999e-01
8.566377622377622236e-01
8.557762237762237545e-01
8.096111888111887644e-01
7.496055944055943776e-01
8.489958041958042267e-01
8.541090909090909289e-01
8.576671328671329197e-01
8.490741258741257846e-01
8.548475524475523946e-01
8.606545454545454499e-01
8.562013986013985445e-01
8.450797202797204477e-01
8.478545454545455273e-01
8.538517482517482549e-01
8.583496503496503838e-01
5.000000000000000000e-01
8.509874125874127282e-01
8.528671328671328933e-01
8.564363636363637733e-01
6.448559440559440414e-01
8.601510489510489910e-01
7.498517482517481625e-01
8.514237762237761853e-01
8.529678321678322295e-01
8.547244755244753911e-01
8.537622377622375858e-01
8.581034965034964879e-01
8.518041958041958628e-01
8.489062937062936687e-01
8.540755244755244835e-01
8.587972027972028410e-01
8.538293706293706986e-01
8.539636363636364802e-01
7.212083916083915636e-01
8.470153846153845034e-01
8.475636363636362969e-01
8.628139860139860673e-01
8.490629370629370065e-01
8.488951048951048906e-01
7.260531468531468136e-01
8.503384615384614875e-01
8.446321678321677684e-01
8.462993006993007050e-01
8.559776223776223159e-01
8.528783216783217824e-01
8.512559440559440693e-01
8.539412587412587019e-01
5.000000000000000000e-01
8.582489510489510476e-01
7.286153846153845537e-01
8.418349650349649105e-01
8.509538461538461718e-01
7.204587412587413198e-01
8.503944055944057112e-01
8.548587412587411727e-01
8.544559440559440500e-01
8.562125874125873226e-01
8.521062937062936493e-01
8.555188811188811915e-01
6.619524475524475315e-01
8.490853146853146738e-01
8.568167832167832287e-01
8.523972027972028798e-01
8.424615384615384839e-01
5.000000000000000000e-01
8.569174825174824539e-01
8.476755244755245222e-01
5.000000000000000000e-01
8.479776223776224198e-01
8.501706293706294826e-01
8.473286713286712901e-01
8.270097902097901521e-01
7.357202797202797573e-01
7.367552447552447870e-01
8.453818181818182342e-01
8.518825174825174207e-01
8.481790209790210922e-01
8.500811188811188135e-01
7.239216783216783080e-01
8.520055944055944241e-01
8.488951048951047795e-01
8.404139860139859808e-01
8.510433566433565078e-01
8.544111888111888264e-01
8.421482517482516972e-01
8.508195804195803902e-01
8.456391608391607972e-01
7.274181818181817416e-01
6.912951048951049282e-01
8.516699300699300812e-01
5.000000000000000000e-01
8.457734265734266899e-01
7.359328671328670968e-01
7.420307692307692715e-01
5.000000000000000000e-01
8.516027972027970794e-01
8.539300699300699238e-01
8.537622377622378078e-01
8.575440559440559163e-01
8.607104895104895625e-01
8.587524475524475065e-01
8.524979020979019939e-01
8.551608391608391813e-01
8.591999999999999638e-01
8.610797202797203509e-01
8.622321678321678284e-01
8.526433566433565536e-01
8.550377622377622888e-01
8.542545454545454886e-01
8.578573426573425920e-01
8.538517482517482549e-01
8.554853146853147461e-01
8.513678321678321836e-01
8.541650349650349305e-01
8.557986013986014218e-01
8.528783216783216714e-01
8.479440559440558633e-01
8.618853146853147074e-01
8.602181818181819928e-01
8.553734265734265207e-01
8.549706293706293980e-01
8.588307692307691754e-01
8.478097902097901928e-01
8.544559440559441610e-01
8.585734265734266124e-01
8.544223776223776046e-01
8.546797202797203896e-01
8.552615384615385175e-01
8.512335664335664021e-01
8.533258741258741287e-01
8.521958041958042074e-01
8.547916083916083929e-01
8.508195804195803902e-01
8.552391608391607392e-01
8.586293706293706141e-01
8.533370629370629068e-01
8.550377622377620668e-01
8.528335664335665589e-01
8.504167832167831564e-01
8.531244755244755673e-01
8.547244755244755021e-01
8.462209790209789251e-01
8.550489510489510669e-01
8.494769230769230184e-01
8.547916083916085039e-01
8.470937062937061723e-01
8.517370629370628610e-01
8.575440559440559163e-01
8.560335664335664285e-01
8.548139860139860602e-01
8.523300699300699890e-01
8.582041958041959351e-01
8.479999999999999760e-01
8.541538461538460414e-01
8.584839160839159433e-01
8.577118881118881433e-01
8.509314685314685045e-01
8.538741258741258111e-01
8.429986013986013882e-01
8.551272727272726248e-01
8.543440559440558246e-01
8.452587412587413418e-01
8.478433566433566382e-01
8.524755244755244377e-01
8.447328671328672156e-01
8.614489510489510282e-01
8.526321678321677755e-01
8.501034965034964808e-01
8.479999999999998650e-01
8.490293706293706721e-01
8.536055944055944700e-01
8.494433566433566840e-01
8.549258741258742855e-01
8.523860139860139906e-01
8.501930069930070388e-01
8.488503496503497781e-01
8.439496503496504154e-01
8.490293706293705611e-01
8.542097902097902651e-01
8.498237762237761395e-01
8.466125874125873807e-01
8.483692307692307644e-01
8.574097902097901347e-01
8.557202797202797528e-01
8.517818181818180845e-01
8.503160839160839313e-01
8.492307692307691225e-01
8.511440559440558440e-01
8.532475524475523487e-01
8.564251748251747731e-01
8.534041958041957976e-01
8.519832167832167569e-01
8.438825174825175246e-01
8.504055944055943783e-01
8.428307692307692722e-01
8.549706293706293980e-01
8.540195804195804818e-01
8.410853146853146667e-01
8.483020979020978736e-01
8.547244755244755021e-01
8.515804195804195231e-01
8.455720279720280175e-01
8.570405594405594574e-01
8.464559440559440429e-01
8.470265734265733926e-01
8.503832167832167110e-01
8.546349650349650551e-01
8.439384615384615262e-01
8.564811188811188858e-01
8.375272727272727868e-01
8.509090909090908372e-01
8.382209790209791400e-01
8.554629370629370788e-01
8.541202797202795960e-01
8.452811188811188980e-01
8.472503496503496212e-01
8.455720279720280175e-01
8.477762237762238584e-01
8.421594405594404753e-01
8.440503496503497516e-01
8.347860139860139306e-01
8.352447552447552770e-01
8.399776223776223016e-01
8.546909090909089457e-01
8.531020979020980111e-01
8.565930069930070001e-01
8.535496503496503573e-01
8.563132867132866588e-01
8.547916083916082819e-01
8.493202797202797916e-01
8.594797202797201940e-01
8.509538461538460608e-01
8.546237762237761659e-01
8.561118881118880974e-01
8.496111888111888000e-01
8.575328671328670271e-01
8.585734265734263904e-01
8.539860139860140364e-01
8.505846153846153834e-01
8.506965034965034977e-01
8.512671328671328475e-01
8.561118881118880974e-01
8.529118881118881168e-01
8.506629370629370523e-01
8.507748251748253887e-01
8.562797202797203244e-01
8.533594405594404630e-01
8.539748251748251473e-01
8.574433566433565801e-01
8.555412587412587477e-01
8.492643356643354569e-01
8.590545454545454040e-01
8.520503496503497587e-01
8.542657342657342667e-01
8.544671328671328281e-01
8.542545454545453776e-01
8.550713286713286232e-01
8.514349650349650744e-01
8.503832167832168221e-01
8.519608391608393116e-01
8.557762237762237545e-01
8.562125874125874336e-01
8.541762237762238197e-01
8.512335664335664021e-01
8.495328671328670200e-01
8.512111888111888458e-01
8.562573426573425461e-01
8.516363636363636358e-01
8.551384615384616250e-01
8.567608391608392271e-01
8.550377622377622888e-01
8.492307692307692335e-01
8.552391608391607392e-01
8.533930069930069084e-01
8.497006993006992470e-01
8.559999999999999831e-01
8.509090909090909483e-01
8.524867132867132158e-01
8.583496503496503838e-01
8.509874125874125061e-01
8.505510489510489380e-01
8.530797202797202328e-01
8.559664335664334267e-01
8.467020979020978277e-01
8.467916083916083858e-01
8.608000000000000096e-01
8.545006993006993845e-01
8.552615384615385175e-01
8.473958041958040699e-01
8.550713286713285122e-01
8.544895104895104954e-01
8.469818181818181690e-01
8.516363636363636358e-01
8.514237762237764073e-01
8.540755244755244835e-01
8.504727272727272691e-01
8.533034965034966834e-01
8.503496503496503767e-01
8.527216783216782225e-01
8.550377622377622888e-01
8.546125874125873878e-01
8.572979020979020204e-01
8.549482517482516197e-01
8.479776223776224198e-01
8.485258741258741022e-01
8.517146853146853047e-01
8.517818181818181955e-01
8.461874125874124797e-01
8.549146853146852854e-01
8.508419580419579464e-01
8.482013986013985374e-01
8.588307692307691754e-01
8.557202797202797528e-01
8.468699300699299437e-01
8.562461538461538790e-01
8.452027972027972291e-01
8.508307692307692793e-01
8.508979020979019481e-01
8.531580419580420127e-01
8.591552447552447402e-01
8.489622377622376703e-01
8.437482517482517430e-01
8.511216783216783988e-01
8.492867132867133462e-01
8.542433566433565995e-01
8.505622377622377162e-01
8.574545454545454692e-01
8.501482517482518153e-01
8.530909090909091219e-01
8.498797202797202521e-01
8.508083916083915010e-01
8.467020979020978277e-01
8.534153846153845757e-01
8.492755244755243460e-01
8.622657342657342738e-01
8.470041958041958363e-01
8.443748251748250944e-01
8.360503496503495224e-01
8.531244755244755673e-01
8.524867132867132158e-01
8.481118881118882014e-01
8.434013986013986219e-01
7.148867132867131602e-01
8.556419580419579729e-01
8.459748251748251402e-01
8.486489510489511057e-01
8.494769230769231294e-01
8.399216783216783000e-01
8.454601398601397921e-01
8.494209790209790167e-01
8.423496503496503696e-01
8.542097902097901541e-01
8.500811188811189245e-01
5.015384615384614886e-01
8.564923076923076639e-01
8.536727272727271387e-01
8.578013986013985903e-01
8.547804195804196148e-01
8.549258741258740635e-01
8.559999999999999831e-01
8.623776223776222771e-01
8.558097902097901999e-01
8.556195804195805277e-01
8.579020979020978155e-01
8.574993006993005817e-01
8.539636363636364802e-01
8.551048951048951796e-01
8.527776223776224462e-01
8.562909090909089915e-01
8.565818181818182220e-01
8.494545454545454621e-01
8.446881118881118811e-01
8.540755244755245945e-01
8.546013986013986097e-01
8.505958041958042726e-01
8.617062937062937023e-01
8.562797202797203244e-01
8.509762237762237280e-01
8.536279720279720262e-01
8.446209790209791013e-01
8.587524475524475065e-01
8.547132867132867240e-01
8.607888111888111204e-01
8.564027972027972169e-01
8.558433566433566453e-01
8.546013986013986097e-01
8.553734265734265207e-01
8.528111888111886696e-01
8.527440559440557788e-01
8.511328671328670659e-01
8.499356643356643648e-01
8.543776223776223810e-01
8.550601398601399561e-01
8.577790209790209230e-01
8.503496503496503767e-01
8.499580419580420321e-01
8.522069930069930965e-01
8.539748251748251473e-01
8.598825174825175388e-01
8.566825174825174471e-01
8.468699300699300547e-01
8.565258741258741093e-01
8.493538461538461259e-01
8.519832167832167569e-01
8.552503496503496283e-01
8.563020979020977697e-01
8.529678321678321185e-01
8.552951048951049628e-01
8.500923076923077026e-01
8.545566433566433862e-01
8.499356643356643648e-01
8.564139860139861060e-01
8.509650349650350609e-01
8.531020979020979000e-01
8.489622377622377813e-01
8.540083916083915927e-01
8.434573426573427346e-01
8.518041958041957518e-01
8.511216783216782877e-01
8.487160839160838854e-01
8.520503496503497587e-01
8.497118881118881362e-01
8.507300699300699431e-01
8.507076923076922759e-01
8.440727272727273078e-01
8.519608391608390896e-01
8.490405594405594503e-01
8.516587412587413031e-01
8.527552447552446679e-01
8.529118881118880058e-01
8.568167832167831177e-01
8.526993006993006663e-01
8.516363636363635248e-01
8.456055944055942408e-01
8.522741258741258763e-01
8.559999999999999831e-01
8.464895104895104883e-01
8.503272727272728204e-01
8.549706293706293980e-01
8.481790209790209811e-01
8.409734265734265524e-01
8.432335664335663949e-01
8.471496503496502850e-01
8.371468531468531094e-01
8.493426573426573478e-01
8.491636363636363427e-01
8.463328671328671504e-01
8.522741258741258763e-01
8.508979020979020591e-01
8.495104895104894638e-01
8.485370629370629914e-01
8.419356643356643577e-01
8.408951048951047724e-01
8.532251748251749035e-01
8.446993006993006592e-01
8.527216783216784446e-01
8.488951048951048906e-01
8.580699300699300425e-01
8.445426573426573214e-01
8.505062937062937145e-01
8.570181818181817901e-01
8.572755244755244641e-01
8.548923076923076181e-01
8.511888111888112896e-01
8.466349650349649369e-01
8.491076923076922300e-01
8.458517482517482478e-01
8.456727272727272426e-01
8.569958041958043449e-01
8.381986013986013617e-01
8.451804195804195619e-01
8.429314685314684974e-01
8.472503496503496212e-01
8.397090909090909605e-01
8.344615384615385878e-01
8.493538461538461259e-01
8.426741258741259344e-01
8.466237762237762698e-01
8.503944055944054892e-01
8.583832167832168292e-01
8.565818181818182220e-01
8.551832167832167375e-01
8.531692307692309019e-01
8.520503496503495366e-01
8.544111888111889375e-01
8.528783216783217824e-01
8.545566433566433862e-01
8.567608391608391161e-01
8.574769230769231365e-01
8.562461538461537680e-01
8.551832167832168485e-01
8.475636363636364079e-01
8.605090909090907791e-01
8.445986013986013230e-01
8.536615384615385826e-01
8.538629370629369220e-01
8.563692307692307715e-01
8.525874125874126630e-01
8.561678321678322101e-01
8.576111888111886961e-01
8.544335664335663827e-01
8.508195804195803902e-01
8.560783216783216520e-01
8.470265734265735036e-01
8.512671328671328475e-01
8.541426573426573743e-01
8.519832167832168679e-01
8.550713286713287342e-01
8.573762237762238003e-01
8.575552447552446944e-01
8.497118881118881362e-01
8.444195804195804289e-01
8.538461538461539213e-01
8.541874125874125978e-01
8.499244755244755867e-01
8.550265734265736217e-01
8.568839160839161195e-01
8.539636363636362582e-01
8.540419580419580381e-01
8.488839160839161124e-01
8.486041958041957711e-01
8.581594405594406005e-01
8.533370629370630178e-01
8.591216783216782948e-01
8.553846153846154099e-01
8.578349650349650357e-01
8.540307692307693710e-01
8.537622377622376968e-01
8.525090909090908831e-01
8.520055944055944241e-01
8.534153846153846867e-01
8.540531468531469272e-01
8.525426573426573285e-01
8.566153846153846674e-01
8.502153846153847061e-01
8.476867132867131893e-01
8.557202797202797528e-01
8.527776223776224462e-01
8.497230769230769143e-01
8.468027972027972750e-01
8.562685314685314353e-01
8.586517482517481703e-01
8.474853146853147390e-01
8.519608391608390896e-01
8.549258741258740635e-01
8.570405594405594574e-01
8.519832167832168679e-01
8.479888111888111979e-01
8.495216783216782419e-01
8.464111888111888193e-01
8.418461538461537996e-01
8.525874125874125520e-01
8.443636363636362052e-01
8.473174825174822899e-01
8.557426573426573091e-01
8.513342657342657382e-01
8.595468531468530848e-01
8.486265734265734384e-01
8.579132867132865936e-01
8.469034965034963891e-01
8.505286713286713818e-01
8.510545454545455080e-01
8.593790209790209689e-01
8.499692307692305882e-01
8.506853146853146086e-01
8.491972027972026771e-01
8.532811188811189052e-01
8.473958041958040699e-01
8.482909090909090954e-01
8.470601398601398380e-01
8.485034965034964349e-01
8.608447552447551221e-01
8.454601398601399032e-01
8.475188811188810734e-01
8.514909090909088540e-01
8.522181818181817636e-01
8.431664335664335042e-01
8.547692307692307256e-01
8.482797202797203173e-01
8.485370629370629914e-01
8.551496503496504031e-01
8.527440559440560008e-01
8.283076923076923004e-01
8.501818181818181497e-01
8.258909090909090089e-01
8.438377622377623011e-01
8.431328671328670588e-01
8.327496503496503166e-01
8.511888111888112896e-01
8.566041958041957782e-01
8.475636363636362969e-01
8.496447552447553564e-01
8.320783216783217418e-01
8.467132867132867169e-01
8.401454545454545286e-01
8.433566433566432874e-01
8.415776223776222364e-01
8.314629370629369465e-01
8.384447552447552576e-01
8.377958041958042390e-01
8.417342657342656853e-01
8.327944055944055401e-01
8.237202797202797244e-01
8.471384615384615069e-01
8.410181818181818869e-01
8.557090909090908637e-01
8.472951048951049557e-01
8.558769230769230907e-01
8.611244755244754634e-01
8.507076923076922759e-01
8.494769230769230184e-01
8.599608391608390967e-01
8.562573426573426572e-01
8.537398601398602516e-01
8.523076923076922107e-01
8.525202797202796612e-01
8.562797202797203244e-01
8.538405594405595878e-01
8.586629370629369484e-01
8.462881118881118159e-01
8.597258741258742010e-01
8.465454545454544899e-01
8.516251748251747467e-01
8.545678321678321643e-01
8.563916083916083277e-01
8.574321678321679130e-01
8.508755244755243918e-01
8.586069930069930578e-01
8.532587412587412379e-01
8.596587412587413102e-01
8.550937062937062905e-01
8.485034965034965460e-01
8.591328671328670730e-01
8.512559440559440693e-01
8.543328671328671575e-01
8.607776223776223423e-01
8.506741258741258305e-01
8.540307692307693710e-01
8.530013986013985638e-01
8.548475524475523946e-01
8.514909090909090761e-01
8.557090909090909747e-01
8.578797202797203703e-01
8.549818181818181761e-01
8.547580419580419475e-01
8.574881118881119146e-01
8.501594405594405934e-01
8.528671328671328933e-01
8.536503496503495825e-01
8.574097902097901347e-01
8.551944055944056267e-01
8.575104895104895819e-01
8.593790209790209689e-01
8.575552447552448054e-01
8.526881118881118882e-01
8.490965034965034519e-01
8.453370629370628997e-01
8.442181818181818675e-01
8.549034965034965072e-01
8.564475524475524404e-01
8.550937062937062905e-01
8.511552447552446221e-01
8.562685314685314353e-01
8.495664335664334654e-01
8.520391608391609806e-01
8.455272727272727940e-01
8.562125874125872116e-01
8.578461538461537028e-01
8.568391608391610070e-01
8.583272727272726055e-01
8.505734265734266053e-01
8.535160839160839119e-01
8.501482517482517043e-01
8.538293706293706986e-01
8.442741258741258692e-01
8.535608391608391354e-01
8.512335664335664021e-01
8.483804195804196535e-01
8.499356643356643648e-01
8.513678321678321836e-01
8.458517482517482478e-01
8.570629370629370136e-01
8.433118881118880639e-01
8.559440559440558705e-01
8.496000000000000218e-01
8.468027972027971639e-01
8.555636363636363040e-01
8.535048951048951338e-01
8.523188811188810998e-01
8.563916083916084387e-01
8.529342657342657841e-01
8.597706293706293135e-01
8.539860139860139254e-01
8.463552447552447067e-01
8.514573426573426307e-01
8.485818181818182149e-01
8.478825174825174171e-01
8.544335664335664937e-01
8.498349650349650286e-01
8.479664335664336416e-01
8.302097902097902438e-01
8.554517482517480786e-01
8.545790209790209424e-01
8.436587412587411849e-01
8.505510489510488270e-01
8.458741258741258040e-01
8.523412587412586561e-01
8.531132867132865671e-01
8.442741258741257582e-01
8.559999999999999831e-01
8.401566433566434178e-01
8.517706293706293064e-01
8.511440559440558440e-01
8.533594405594406851e-01
8.598489510489510934e-01
8.541538461538462634e-01
8.458517482517482478e-01
8.484811188811188787e-01
8.521286713286714276e-01
8.533706293706293522e-01
8.438153846153846338e-01
7.321510489510489883e-01
8.493426573426573478e-01
8.416223776223776820e-01
8.387020979020979317e-01
8.452251748251748964e-01
8.437370629370628539e-01
8.450797202797202257e-01
8.370909090909088857e-01
8.432335664335665060e-01
8.494545454545454621e-01
8.442741258741258692e-01
8.422041958041958098e-01
8.320111888111887399e-01
8.362965034965035294e-01
8.552727272727271846e-01
8.565594405594405547e-01
8.554293706293705224e-01
8.560671328671329849e-01
8.558321678321678672e-01
8.570517482517483465e-01
8.575328671328670271e-01
8.519720279720277567e-01
8.555972027972027494e-01
8.510769230769230642e-01
8.575664335664335836e-01
8.508307692307693904e-01
8.488055944055943325e-01
8.553622377622376316e-01
8.540755244755244835e-01
8.535720279720279136e-01
8.592111888111887419e-01
8.557090909090909747e-01
8.513902097902098509e-01
8.496223776223774671e-01
8.524531468531468814e-01
8.499020979020979194e-01
8.579356643356643719e-01
8.488503496503496670e-01
8.570965034965034590e-01
8.580363636363637081e-01
8.558097902097901999e-01
8.523860139860139906e-01
8.533370629370629068e-01
8.538853146853147003e-01
8.534601398601399103e-01
8.526097902097902193e-01
8.573986013986013566e-01
8.567272727272726707e-01
8.546685314685313895e-01
8.545790209790209424e-01
8.541650349650349305e-01
8.488503496503496670e-01
8.578573426573427030e-01
8.569734265734265666e-01
8.567608391608391161e-01
8.575888111888112508e-01
8.527999999999998915e-01
8.566153846153845564e-01
8.536727272727272497e-01
8.590209790209789587e-01
8.580923076923077097e-01
8.573538461538462441e-01
8.520167832167833133e-01
8.545566433566436082e-01
8.581482517482517114e-01
8.542993006993007121e-01
8.530237762237762311e-01
8.566153846153845564e-01
8.430545454545453898e-01
8.535272727272726900e-01
8.513566433566432945e-01
8.481230769230769795e-01
8.523972027972026577e-01
8.566153846153845564e-01
8.568055944055943396e-01
8.525538461538462176e-01
8.523860139860139906e-01
8.514797202797201869e-01
8.526321678321677755e-01
8.503048951048951531e-01
8.531804195804195690e-01
8.558433566433566453e-01
8.500139860139859227e-01
8.563020979020979917e-01
8.491972027972027881e-01
8.537622377622375858e-01
8.553622377622377426e-01
8.517706293706293064e-01
8.307916083916083716e-01
8.531804195804195690e-01
8.398041958041958521e-01
8.542097902097902651e-01
8.442069930069930894e-01
8.478993006993007508e-01
8.475636363636362969e-01
8.561006993006993193e-01
8.487384615384615527e-01
8.577678321678322559e-01
8.502041958041958170e-01
8.510321678321678407e-01
8.577454545454545887e-01
8.542881118881119340e-01
8.536839160839160279e-01
8.501146853146854809e-01
8.496000000000001329e-01
8.529006993006993387e-01
8.513118881118881820e-01
8.620755244755244906e-01
8.532363636363637927e-01
8.498349650349651396e-01
8.488951048951048906e-01
8.461538461538460343e-01
8.492195804195805664e-01
8.403020979020979775e-01
8.522181818181817636e-01
8.451244755244755602e-01
8.506405594405593851e-01
8.476531468531467439e-01
8.413538461538462299e-01
8.469930069930069472e-01
8.471944055944056196e-01
8.509986013986013953e-01
8.528111888111887806e-01
8.456727272727273537e-01
8.418685314685312449e-01
8.554853146853147461e-01
8.363636363636364202e-01
8.415999999999999037e-01
8.360279720279719662e-01
8.454601398601399032e-01
8.472391608391608431e-01
8.426293706293705998e-01
8.408055944055943254e-01
8.496111888111889110e-01
8.460643356643356983e-01
8.479776223776223087e-01
8.468923076923078330e-01
8.539412587412588129e-01
8.455720279720280175e-01
8.374937062937062304e-01
8.407720279720279910e-01
8.549818181818180651e-01
8.044083916083916153e-01
8.568839160839161195e-01
7.290573426573425664e-01
8.207216783216781941e-01
7.604811188811189115e-01
7.252811188811189025e-01
7.718041958041959028e-01
7.124475524475525345e-01
7.956363636363635861e-01
7.327776223776223397e-01
8.036363636363635932e-01
7.257062937062936925e-01
7.248839160839161133e-01
8.132923076923075367e-01
8.272895104895104934e-01
6.444195804195804733e-01
8.505734265734266053e-01
7.162741258741258665e-01
6.373370629370629370e-01
8.016447552447552027e-01
7.555244755244755472e-01
7.318937062937063143e-01
7.253706293706293495e-01
7.256839160839161362e-01
8.379972027972029114e-01
7.240055944055943105e-01
7.195972027972028506e-01
7.843356643356642621e-01
7.950657342657342364e-01
7.301930069930070433e-01
7.372867132867131357e-01
6.733986013986014152e-01
7.958713286713285928e-01
8.536839160839162499e-01
8.591664335664335184e-01
8.425734265734265982e-01
7.200111888111888625e-01
8.572979020979021314e-01
8.521846153846154293e-01
6.478881118881119061e-01
7.241958041958042047e-01
8.530125874125874530e-01
8.582937062937063821e-01
8.173650349650348756e-01
7.257622377622376941e-01
8.544783216783216062e-01
7.931300699300698476e-01
7.202125874125875349e-01
8.544000000000000483e-01
8.526993006993006663e-01
8.563020979020979917e-01
7.278881118881118661e-01
8.510881118881119534e-01
7.259804195804194782e-01
8.480671328671327558e-01
7.470545454545454156e-01
8.489734265734265595e-01
8.579020979020980375e-01
8.510769230769229532e-01
8.529006993006993387e-01
7.465286713286712894e-01
8.485930069930069930e-01
7.236027972027971877e-01
8.386909090909089315e-01
8.560783216783216520e-01
8.411076923076923340e-01
8.539524475524475911e-01
8.542209790209791542e-01
8.500139860139859227e-01
8.517930069930068626e-01
7.265230769230768271e-01
8.527776223776224462e-01
8.526769230769229990e-01
8.587636363636363956e-01
8.400839160839159714e-01
8.414209790209790096e-01
8.549930069930069543e-01
8.496559440559440235e-01
8.254993006993006643e-01
8.544895104895104954e-01
7.593958041958042138e-01
7.293426573426572412e-01
7.842461538461539261e-01
8.505846153846153834e-01
7.298069930069930322e-01
8.494993006993005746e-01
7.272391608391608475e-01
7.435748251748250937e-01
8.260587412587412359e-01
8.496559440559441345e-01
8.395076923076922881e-01
8.444195804195805399e-01
8.527552447552446679e-01
8.493762237762237932e-01
8.520167832167833133e-01
8.541202797202798180e-01
8.482349650349649828e-01
5.000000000000000000e-01
8.108755244755244673e-01
8.413314685314685626e-01
8.436755244755244076e-01
8.490629370629371175e-01
8.401230769230768614e-01
8.345622377622377019e-01
8.365650349650349815e-01
8.477538461538463022e-01
8.399104895104894108e-01
7.199832167832167507e-01
7.151440559440559452e-01
8.483692307692307644e-01
8.328727272727272091e-01
5.050461538461538114e-01
7.293874125874126868e-01
8.454041958041956795e-01
8.428643356643357176e-01
8.241286713286712917e-01
8.323132867132867485e-01
8.482461538461538719e-01
6.952279720279721520e-01
7.316923076923075309e-01
8.487608391608392200e-01
8.388699300699300476e-01
8.346293706293705927e-01
8.473958041958042919e-01
8.452699300699301199e-01
7.281678321678322074e-01
7.971692307692306301e-01
7.274517482517481870e-01
7.935440559440557484e-01
7.297902097902098095e-01
8.575104895104894709e-01
8.171636363636363143e-01
8.578349650349650357e-01
8.574769230769232475e-01
7.201678321678322003e-01
8.498125874125874724e-01
7.255832167832168000e-01
7.221034965034964781e-01
8.592447552447552983e-01
7.639496503496503443e-01
7.222265734265733705e-01
7.293538461538462414e-01
7.371524475524475761e-01
7.403748251748252240e-01
7.282797202797203218e-01
7.313174825174824090e-01
7.170237762237763324e-01
7.959272727272728165e-01
7.902545454545455428e-01
7.206769230769229928e-01
7.329902097902097902e-01
7.845706293706293799e-01
7.940811188811187638e-01
7.254937062937062420e-01
8.489174825174825578e-01
8.018573426573427643e-01
7.372755244755244686e-01
7.775776223776225127e-01
7.791328671328671129e-01
8.550265734265733997e-01
7.577174825174824990e-01
7.378573426573427074e-01
7.306853146853147241e-01
7.272391608391608475e-01
7.273062937062937383e-01
7.349258741258739569e-01
8.533370629370629068e-01
7.230993006993006178e-01
8.531916083916084581e-01
8.343160839160838060e-01
7.233902097902098483e-01
8.485258741258741022e-01
8.554965034965036352e-01
7.220923076923075890e-01
8.486601398601399948e-01
8.455496503496503502e-01
8.540979020979020397e-01
8.540531468531468162e-01
7.762237762237762517e-01
7.302489510489510449e-01
8.483692307692307644e-01
8.592391608391607427e-01
8.502489510489510405e-01
8.544335664335664937e-01
8.497454545454545816e-01
7.496727272727273794e-01
8.282405594405594096e-01
7.328111888111887851e-01
7.347356643356642847e-01
8.554853146853147461e-01
7.209958041958041131e-01
8.541426573426572633e-01
8.480000000000000870e-01
7.115300699300699527e-01
8.451916083916084510e-01
8.469370629370629455e-01
5.000000000000000000e-01
8.514797202797204090e-01
7.107692307692308198e-01
8.573874125874125784e-01
8.559776223776223159e-01
8.524979020979021049e-01
8.548699300699300618e-01
7.508475524475524132e-01
8.457510489510490226e-01
7.262993006993007095e-01
8.480223776223775323e-01
6.572363636363636186e-01
8.471608391608391742e-01
8.577342657342656995e-01
8.387020979020979317e-01
8.524643356643356595e-01
8.450461538461540023e-01
8.464111888111888193e-01
8.550377622377621778e-01
8.457286713286713553e-01
7.913174825174824623e-01
8.472727272727271774e-01
8.487272727272727746e-01
8.513230769230769601e-01
8.542657342657342667e-01
8.576671328671329197e-01
8.513790209790210728e-01
8.523748251748252125e-01
7.408335664335663484e-01
8.417118881118881291e-01
5.000000000000000000e-01
8.383216783216784762e-01
8.526209790209789974e-01
7.290405594405594547e-01
8.495664335664335765e-01
7.173426573426573416e-01
8.467804195804196077e-01
8.499804195804194773e-01
7.223272727272727067e-01
4.638209790209789629e-01
7.172475524475524500e-01
7.276195804195804140e-01
7.327552447552446724e-01
7.324307692307692186e-01
8.514013986013987401e-01
8.418909090909090231e-01
8.401678321678321959e-01
7.113734265734266149e-01
7.288951048951048950e-01
8.229874125874127033e-01
8.441286713286713095e-01
7.156923076923077387e-01
8.459860139860140293e-01
8.431888111888112824e-01
5.000000000000000000e-01
8.439832167832167498e-01
7.224503496503495992e-01
4.981818181818181701e-01
8.383440559440560325e-01
8.473398601398600682e-01
7.393006993006993044e-01
7.330573426573427920e-01
8.587636363636362846e-01
8.109874125874125816e-01
8.205650349650350783e-01
7.236923076923076348e-01
7.824783216783217643e-01
8.577678321678321449e-01
7.951216783216782380e-01
8.547020979020978348e-01
6.544895104895105398e-01
7.235356643356642969e-01
7.236139860139860769e-01
8.535608391608392465e-01
7.293426573426573523e-01
7.387524475524476220e-01
8.530237762237762311e-01
7.160895104895104168e-01
7.353006993006993008e-01
7.217566433566433570e-01
8.062433566433567789e-01
7.274405594405594089e-01
7.415048951048950343e-01
7.233398601398600691e-01
8.495664335664336875e-01
7.207048951048951047e-01
8.541314685314684851e-01
7.146629370629370426e-01
7.408895104895104611e-01
7.119608391608391873e-01
6.741034965034964355e-01
8.430657342657341680e-01
8.445202797202797651e-01
8.486937062937063292e-01
7.166321678321678768e-01
8.527104895104895554e-01
8.314629370629371685e-01
8.433230769230769530e-01
8.485706293706293257e-01
7.323860139860139951e-01
8.559552447552447596e-01
7.930069930069930662e-01
8.554293706293707444e-01
7.284867132867132167e-01
8.540083916083914817e-01
8.538965034965033674e-01
8.554965034965035242e-01
8.552279720279720721e-01
8.529566433566433403e-01
4.984615384615384559e-01
8.561566433566434320e-01
7.317930069930069781e-01
8.518153846153846409e-01
8.557762237762238655e-01
7.256951048951050254e-01
7.269930069930070626e-01
7.463944055944056188e-01
8.439496503496503044e-01
8.606321678321677826e-01
7.359328671328670968e-01
7.532923076923077055e-01
4.984615384615384559e-01
8.307916083916084826e-01
8.536839160839160279e-01
7.398489510489509868e-01
8.591664335664336294e-01
7.324531468531468859e-01
8.504279720279720456e-01
7.389426573426572942e-01
8.493482517482517924e-01
7.406657342657343435e-01
8.509426573426572826e-01
8.593790209790210799e-01
7.271496503496504005e-01
7.229090909090909456e-01
8.527440559440560008e-01
7.339076923076922609e-01
7.935776223776223048e-01
8.554629370629369678e-01
8.428363636363636058e-01
7.276195804195804140e-01
8.449790209790210005e-01
8.472279720279720650e-01
4.981818181818181701e-01
7.260419580419580354e-01
8.496895104895103579e-01
7.291076923076922345e-01
8.297958041958042319e-01
8.489174825174824468e-01
8.487720279720281091e-01
8.403804195804195354e-01
8.514237762237761853e-01
8.502097902097902615e-01
7.384055944055942788e-01
8.479440559440558633e-01
5.000000000000000000e-01
7.265566433566433835e-01
7.272839160839160710e-01
7.467412587412587399e-01
8.450349650349648911e-01
7.287160839160840009e-01
8.434237762237762892e-01
7.329678321678321229e-01
8.406377622377623204e-01
7.214433566433566813e-01
8.465678321678321572e-01
7.206489510489508810e-01
7.346461538461538376e-01
5.000000000000000000e-01
8.465790209790209353e-01
8.373930069930070053e-01
7.285034965034964394e-01
7.226741258741258278e-01
5.000000000000000000e-01
7.287048951048951118e-01
7.218237762237762478e-01
6.713398601398601340e-01
7.385510489510489496e-01
5.000000000000000000e-01
5.000000000000000000e-01
5.018181818181818299e-01
8.420139860139859156e-01
7.372643356643356904e-01
8.513342657342657382e-01
7.315356643356643040e-01
6.661706293706294302e-01
7.133538461538461162e-01
7.291524475524474580e-01
8.534601398601397992e-01
8.361286713286711914e-01
8.542097902097902651e-01
8.560559440559440958e-01
8.485482517482516585e-01
7.225174825174824900e-01
7.252475524475524571e-01
8.592335664335664092e-01
7.217678321678322462e-01
8.554741258741259680e-01
8.590993006993007386e-01
7.972027972027971865e-01
8.566825174825174471e-01
8.633734265734265279e-01
7.265734265734267172e-01
8.542209790209790432e-01
8.568167832167832287e-01
8.572867132867132423e-01
8.549930069930069543e-01
8.542993006993007121e-01
7.903664335664336571e-01
8.220755244755244551e-01
8.558433566433566453e-01
8.592559440559440764e-01
8.564251748251747731e-01
8.574321678321679130e-01
8.609342657342657912e-01
8.529118881118882278e-01
8.555748251748251931e-01
8.616167832167832552e-01
8.542881118881118230e-01
8.379188811188811314e-01
8.550601398601398451e-01
8.501594405594405934e-01
8.543552447552447138e-01
8.645034965034964491e-01
8.542433566433567105e-01
8.525762237762237739e-01
8.544671328671328281e-01
8.566377622377621126e-01
8.518713286713286426e-01
8.549146853146853964e-01
8.530349650349650092e-01
8.460867132867132545e-01
8.526209790209789974e-01
8.511216783216783988e-01
8.586853146853146157e-01
8.473734265734265136e-01
8.533034965034963504e-01
8.532699300699300160e-01
8.537398601398601405e-01
8.494769230769231294e-01
8.558881118881117578e-01
8.523076923076923217e-01
8.560895104895104302e-01
8.545230769230769408e-01
8.491860139860138990e-01
8.599720279720279859e-01
8.606657342657342280e-01
8.515020979020979652e-01
8.534377622377623540e-01
8.551496503496504031e-01
8.488391608391608889e-01
8.549258741258740635e-01
8.484027972027970987e-01
8.578461538461539249e-01
8.533258741258741287e-01
8.518937062937063098e-01
8.578349650349650357e-01
8.534601398601397992e-01
8.589650349650350680e-01
8.407048951048949892e-01
8.425846153846153763e-01
8.448895104895104424e-01
8.492307692307692335e-01
8.398433566433566311e-01
8.605202797202797793e-01
8.508643356643357247e-01
8.516699300699300812e-01
8.528447552447551150e-01
8.519720279720279787e-01
8.533706293706294632e-01
8.536055944055944700e-01
8.565146853146853312e-01
8.540195804195803708e-01
8.513342657342657382e-01
8.477650349650350803e-01
8.511664335664335113e-01
8.568839160839160085e-01
8.452811188811186760e-01
8.495104895104895748e-01
8.576447552447552525e-01
8.427412587412587142e-01
8.524979020979021049e-01
8.511552447552447331e-01
8.395748251748251789e-01
8.449006993006993316e-01
8.458741258741259150e-01
8.505174825174824926e-01
8.434797202797202909e-01
8.513790209790208507e-01
8.576223776223774742e-01
8.488167832167832216e-01
8.511888111888110675e-01
8.439384615384615262e-01
8.421482517482516972e-01
8.522965034965034326e-01
8.528447552447552260e-01
8.480335664335664214e-01
8.524307692307693252e-01
8.462097902097902580e-01
8.373034965034965582e-01
8.427188811188810469e-01
8.459748251748253622e-01
8.458965034965034713e-01
8.448111888111887735e-01
8.499244755244754757e-01
8.464895104895102662e-01
8.472839160839161776e-01
8.435804195804196270e-01
8.517874125874126401e-01
8.285426573426573071e-01
8.447440559440559937e-01
8.403916083916084245e-01
8.411412587412587794e-01
8.479104895104894180e-01
8.471720279720279523e-01
8.379412587412586877e-01
8.547916083916085039e-01
8.564139860139859950e-01
8.541762237762237087e-01
7.197090909090908539e-01
8.565034965034964420e-01
8.550489510489509559e-01
8.518153846153846409e-01
8.595132867132866394e-01
8.554405594405595226e-01
7.307412587412586147e-01
7.292643356643355723e-01
8.565370629370629985e-01
8.509538461538461718e-01
8.558657342657343126e-01
8.563580419580418823e-01
8.551048951048951796e-01
8.491188811188810082e-01
8.536503496503495825e-01
8.544111888111888264e-01
8.540419580419580381e-01
7.237258741258740802e-01
8.600391608391610987e-01
8.558881118881119798e-01
8.506405594405594961e-01
8.554741258741258569e-01
8.499580419580419210e-01
8.550489510489511780e-01
8.368615384615384345e-01
8.558209790209789780e-01
5.090909090909090384e-01
8.524531468531468814e-01
8.496447552447552454e-01
8.540419580419580381e-01
8.534489510489510211e-01
8.557986013986014218e-01
8.525426573426573285e-01
8.556867132867134185e-01
8.568727272727272304e-01
8.560671328671327629e-01
8.525650349650348847e-01
8.528111888111887806e-01
8.567048951048950034e-01
8.531468531468530125e-01
8.520615384615384258e-01
8.533370629370630178e-01
8.541650349650349305e-01
8.517370629370628610e-01
8.523300699300697669e-01
8.519160839160839771e-01
8.589090909090910664e-01
8.514797202797201869e-01
8.549370629370629526e-01
8.592671328671328546e-01
8.553958041958041880e-01
8.516251748251747467e-01
8.518489510489510863e-01
8.485034965034965460e-01
8.496111888111888000e-01
8.501482517482517043e-01
8.531356643356643454e-01
8.568279720279718958e-01
8.516139860139859685e-01
8.469482517482516126e-01
8.539300699300698128e-01
8.522405594405593199e-01
8.498125874125873613e-01
8.507524475524476104e-01
8.518153846153846409e-01
8.488279720279718887e-01
8.463552447552447067e-01
8.527216783216784446e-01
8.557874125874125326e-01
8.520167832167832023e-01
8.575440559440559163e-01
8.542993006993004901e-01
8.481230769230768685e-01
8.511552447552448442e-01
8.474965034965036281e-01
8.547356643356642802e-01
8.581594405594406005e-01
8.521622377622378730e-01
8.560335664335665395e-01
8.556083916083916385e-01
8.489286713286712249e-01
7.407272727272726787e-01
8.504055944055943783e-01
8.541986013986013759e-01
8.466797202797202715e-01
8.482685314685314282e-01
8.528111888111887806e-01
8.495664335664334654e-01
8.486489510489511057e-01
8.566153846153845564e-01
8.497118881118881362e-01
8.550153846153845105e-01
8.513342657342657382e-01
7.174489510489510113e-01
8.456727272727272426e-01
8.535944055944054698e-01
8.491860139860140100e-01
8.472391608391608431e-01
8.512335664335664021e-01
8.494097902097902386e-01
8.485258741258739912e-01
8.499132867132866975e-01
8.449454545454544441e-01
8.545902097902098316e-01
8.391720279720279452e-01
8.469482517482517236e-01
8.477426573426574130e-01
8.519832167832168679e-01
8.498461538461536957e-01
8.481678321678320920e-01
8.441062937062937532e-01
8.416223776223776820e-01
8.498797202797202521e-01
8.370909090909091077e-01
8.428867132867132739e-01
8.532139860139860144e-01
8.394405594405593973e-01
8.510209790209789515e-01
8.557986013986014218e-01
8.428083916083916050e-01
8.377062937062936809e-01
8.452587412587412308e-01
8.492979020979021243e-01
8.428867132867132739e-01
8.385006993006992593e-01
8.481230769230769795e-01
8.466461538461538261e-01
8.567944055944055615e-01
8.523188811188810998e-01
7.247552447552446653e-01
8.573538461538461330e-01
8.564027972027971058e-01
8.577902097902098122e-01
8.610349650349650164e-01
8.500587412587412572e-01
7.305398601398602754e-01
8.572083916083915733e-01
8.534937062937062446e-01
8.536055944055943590e-01
8.591664335664335184e-01
8.523860139860138796e-01
8.570741258741259028e-01
8.484811188811187677e-01
8.608895104895104566e-01
8.613594405594404702e-01
8.430657342657341680e-01
8.465230769230769337e-01
8.548363636363636164e-01
8.484251748251748770e-01
8.494321678321677949e-01
5.000000000000000000e-01
8.469258741258741674e-01
8.557650349650349764e-01
8.549034965034965072e-01
8.514461538461539636e-01
8.574881118881119146e-01
8.508867132867132810e-01
8.548363636363635054e-01
8.518881118881118653e-01
8.521846153846153182e-01
8.495552447552446873e-01
8.526097902097901082e-01
8.518265734265735301e-01
7.204811188811188760e-01
8.533146853146853505e-01
8.552951048951049628e-01
8.514573426573426307e-01
8.540643356643355943e-01
8.436587412587412960e-01
8.594797202797203051e-01
8.497006993006992470e-01
8.541426573426573743e-01
8.551832167832168485e-01
8.511888111888111785e-01
7.628363636363636457e-01
8.497566433566433597e-01
8.544895104895104954e-01
7.336615384615385871e-01
8.522405594405594309e-01
8.572307692307692406e-01
8.497342657342656924e-01
8.524419580419578812e-01
8.581706293706294897e-01
8.572867132867132423e-01
8.578909090909090374e-01
8.560783216783216520e-01
8.551160839160838467e-01
8.492195804195804554e-01
8.587524475524475065e-01
8.520839160839160931e-01
8.542433566433567105e-01
8.440951048951049751e-01
8.469930069930069472e-01
8.524195804195803250e-01
8.564363636363636623e-01
7.291356643356643463e-01
8.527440559440558898e-01
8.553958041958040770e-01
8.550377622377622888e-01
5.752055944055943781e-01
8.466349650349650480e-01
8.531020979020980111e-01
8.519272727272726442e-01
8.566937062937063363e-01
8.506741258741259415e-01
8.577790209790210341e-01
8.480671328671327558e-01
8.497230769230769143e-01
8.478769230769229726e-01
8.533146853146852395e-01
8.526433566433566646e-01
8.446209790209789903e-01
8.505398601398601599e-01
8.497790209790211380e-01
8.543999999999998263e-01
8.483020979020977625e-01
8.496000000000001329e-01
7.474685314685314275e-01
8.387916083916082677e-01
8.531132867132866782e-01
8.519832167832168679e-01
8.475468531468530742e-01
8.576000000000000290e-01
8.479328671328671962e-01
8.447999999999998844e-01
8.612475524475524669e-01
8.513678321678321836e-01
8.567048951048950034e-01
8.515580419580418559e-01
8.554069930069929661e-01
5.259412587412588547e-01
8.539748251748251473e-01
8.417678321678321307e-01
8.549930069930070653e-01
8.517258741258741939e-01
8.548363636363636164e-01
8.502489510489510405e-01
8.560335664335663175e-01
8.517594405594406393e-01
8.571972027972027952e-01
8.437818181818181884e-01
8.535496503496502463e-01
8.475524475524475188e-01
8.423608391608391477e-01
8.474853146853147390e-01
8.400223776223776362e-01
8.455272727272727940e-01
8.382545454545452523e-01
8.408167832167832145e-01
8.345734265734264801e-01
7.495608391608391541e-01
8.452811188811188980e-01
5.000000000000000000e-01
8.555636363636363040e-01
8.583496503496502728e-01
8.560335664335665395e-01
8.565930069930070001e-01
8.639888111888112121e-01
8.515244755244755215e-01
8.520839160839162041e-01
8.560447552447552066e-01
8.325034965034965317e-01
8.549258741258740635e-01
8.586741258741259486e-01
8.581258741258740441e-01
8.504503496503496018e-01
8.527776223776224462e-01
8.564587412587413295e-01
8.535384615384615792e-01
8.497118881118882472e-01
8.539636363636363692e-01
8.574545454545454692e-01
8.590993006993006276e-01
8.578461538461539249e-01
8.549818181818181761e-01
8.513790209790209618e-01
8.516699300699299702e-01
8.542657342657341557e-01
8.560783216783216520e-01
8.556531468531468620e-01
8.548251748251749493e-01
8.565706293706293328e-01
8.583384615384614946e-01
8.505734265734266053e-01
8.521174825174825385e-01
8.523188811188810998e-01
8.490405594405594503e-01
8.574881118881118036e-01
8.537062937062936951e-01
8.523412587412586561e-01
8.558881118881119798e-01
8.490965034965034519e-01
8.530629370629370101e-01
8.560559440559440958e-01
8.545566433566433862e-01
8.512335664335664021e-01
8.475860139860140752e-01
8.548139860139860602e-01
8.579020979020979265e-01
8.536839160839160279e-01
8.535160839160838009e-01
8.583720279720279400e-01
8.570741258741260138e-01
8.548811188811187289e-01
8.547804195804195038e-01
8.576335664335665854e-01
8.557762237762237545e-01
8.566489510489511128e-01
8.544000000000000483e-01
8.537398601398601405e-01
8.552055944055945158e-01
8.497454545454545816e-01
8.525426573426574395e-01
8.503160839160839313e-01
8.541202797202795960e-01
8.545230769230769408e-01
8.544671328671329391e-01
8.511888111888110675e-01
8.496895104895103579e-01
8.475524475524475188e-01
8.612475524475524669e-01
8.560335664335664285e-01
8.504279720279720456e-01
8.554293706293705224e-01
8.587748251748252848e-01
8.537510489510490297e-01
8.497006993006992470e-01
8.579132867132867046e-01
8.520615384615384258e-01
8.439160839160838590e-01
8.498685314685314740e-01
8.493202797202796805e-01
8.481678321678322030e-01
8.470713286713285051e-01
8.488503496503495560e-01
8.432895104895106186e-01
8.454937062937062375e-01
8.575888111888110288e-01
8.488727272727272233e-01
8.516699300699300812e-01
8.484587412587412114e-01
8.424503496503495947e-01
8.525426573426573285e-01
8.528783216783215604e-01
8.473846153846154028e-01
8.486265734265734384e-01
8.489622377622378924e-01
8.503384615384614875e-01
8.496895104895104689e-01
8.451692307692307837e-01
8.508139860139859456e-01
8.482797202797203173e-01
8.452923076923075651e-01
8.526657342657342209e-01
8.474517482517482936e-01
8.455832167832169066e-01
8.548139860139859492e-01
8.334657342657342260e-01
8.452699300699300089e-01
8.422153846153845880e-01
8.476531468531467439e-01
8.410853146853146667e-01
8.397986013986014076e-01
8.491300699300700083e-01
8.422041958041956988e-01
8.486265734265734384e-01
8.496559440559440235e-01
8.521734265734266511e-01
8.398657342657342983e-01
8.250517482517482071e-01
8.461650349650349234e-01
8.303440559440559143e-01
8.379076923076923533e-01
8.528223776223776698e-01
8.451468531468532275e-01
8.454265734265735688e-01
8.318321678321678458e-01
8.602181818181818818e-01
8.494209790209790167e-01
8.427188811188810469e-01
8.482797202797203173e-01
8.592223776223776310e-01
8.549258741258740635e-01
8.549930069930071763e-01
8.555636363636363040e-01
8.589986013986012914e-01
8.546909090909090567e-01
8.492755244755244570e-01
8.542209790209789322e-01
8.491076923076923411e-01
8.523412587412586561e-01
8.566377622377621126e-01
8.544335664335664937e-01
8.567272727272727817e-01
8.606321678321677826e-01
8.516923076923077485e-01
8.502265734265732622e-01
8.537062937062936951e-01
8.561006993006994303e-01
8.523412587412586561e-01
8.500923076923077026e-01
8.579132867132868157e-01
8.548027972027971710e-01
8.547692307692307256e-01
8.502265734265733732e-01
8.531468531468531236e-01
8.511999999999999567e-01
8.530349650349650092e-01
8.547132867132868350e-01
8.541314685314685962e-01
8.584839160839159433e-01
8.526769230769229990e-01
8.558097902097901999e-01
8.411748251748251137e-01
8.577118881118881433e-01
8.535832167832168027e-01
8.570965034965035700e-01
8.517594405594404172e-01
8.532811188811189052e-01
8.539524475524474800e-01
8.532475524475524598e-01
8.459748251748252512e-01
8.478321678321678601e-01
8.550489510489509559e-01
8.485594405594405476e-01
8.539860139860140364e-01
8.549034965034963962e-01
8.615272727272726971e-01
8.479888111888111979e-01
8.533818181818181303e-01
8.517930069930069736e-01
8.433566433566433984e-01
8.548587412587411727e-01
8.524307692307692141e-01
8.510993006993008425e-01
8.557538461538460872e-01
8.450125874125873349e-01
8.570405594405594574e-01
8.487608391608392200e-01
8.481230769230769795e-01
8.498573426573426959e-01
8.449902097902098896e-01
8.528223776223775587e-01
8.422713286713285896e-01
8.551832167832167375e-01
8.551272727272728469e-01
8.502265734265733732e-01
8.538069930069931424e-01
8.485706293706293257e-01
8.463216783216783723e-01
8.549482517482517308e-01
8.502153846153845951e-01
8.424279720279720385e-01
8.518937062937063098e-01
8.489062937062936687e-01
8.541314685314684851e-01
8.542097902097902651e-01
8.427636363636363814e-01
8.520951048951048712e-01
8.468699300699300547e-01
8.556195804195805277e-01
8.546797202797202786e-01
8.529342657342657841e-01
8.514013986013986290e-01
8.483692307692306533e-01
8.564699300699299966e-01
8.500251748251748118e-01
8.470713286713286161e-01
8.538181818181818095e-01
8.457062937062936880e-01
8.539524475524475911e-01
8.523860139860139906e-01
8.628923076923077362e-01
8.450013986013986678e-01
8.510657342657343971e-01
8.466349650349650480e-01
8.528000000000001135e-01
8.504167832167832675e-01
8.402909090909090883e-01
8.456167832167832410e-01
8.516139860139859685e-01
8.505734265734266053e-01
8.490293706293706721e-01
8.482013986013986484e-01
8.558657342657343126e-01
8.532923076923076833e-01
8.507748251748251667e-01
8.500923076923077026e-01
8.560223776223776504e-01
8.573650349650349112e-01
8.416447552447552383e-01
8.552503496503496283e-01
8.488055944055944435e-01
8.557874125874125326e-01
8.381986013986015838e-01
8.431328671328672808e-01
8.519608391608390896e-01
8.426629370629370452e-01
8.462321678321679252e-01
8.464447552447553758e-01
8.476419580419580768e-01
8.420363636363636939e-01
8.451916083916083400e-01
8.482797202797203173e-01
8.571524475524475717e-01
8.407720279720278800e-01
8.438153846153846338e-01
8.484811188811189897e-01
8.443188811188810927e-01
8.540083916083917037e-01
8.555524475524475259e-01
8.532923076923075723e-01
8.484699300699301006e-01
8.566377622377621126e-01
8.536615384615384716e-01
8.507636363636362775e-01
8.578685314685314811e-01
8.553846153846154099e-01
8.562685314685314353e-01
8.557874125874125326e-01
8.537286713286713624e-01
8.578685314685313701e-01
8.565706293706294439e-01
8.545454545454544970e-01
8.602629370629368832e-01
8.569734265734265666e-01
8.513678321678321836e-01
8.509426573426573936e-01
8.546461538461538332e-01
8.531356643356643454e-01
8.546237762237762770e-01
8.552727272727272956e-01
8.583944055944057183e-01
8.555972027972027494e-01
8.547244755244755021e-01
8.593902097902096360e-01
8.557314685314685310e-01
8.488951048951048906e-01
8.537846153846153641e-01
8.556643356643355292e-01
8.527328671328671117e-01
8.560447552447552066e-01
8.582041958041958241e-01
8.560671328671329849e-01
8.539748251748252583e-01
8.548139860139860602e-01
8.548587412587412837e-01
8.496335664335664672e-01
8.529566433566433403e-01
8.565370629370629985e-01
8.568503496503496741e-01
8.560895104895105412e-01
8.513230769230768491e-01
8.535832167832166917e-01
8.549258741258740635e-01
8.593118881118881891e-01
8.561342657342656537e-01
8.510433566433566188e-01
8.464111888111889304e-01
8.484475524475523223e-01
8.471608391608391742e-01
8.557482517482517537e-01
8.539748251748251473e-01
8.548475524475525056e-01
8.535608391608391354e-01
8.565930069930068891e-01
8.535048951048951338e-01
8.523188811188810998e-01
8.495328671328672421e-01
8.455272727272726829e-01
8.577230769230769214e-01
8.557986013986013107e-01
8.574657342657342474e-01
8.455272727272727940e-01
8.486713286713286619e-01
8.515356643356642996e-01
8.560559440559439848e-01
8.520279720279719804e-01
8.568615384615384523e-01
8.546909090909091677e-01
8.500699300699301464e-01
8.513790209790210728e-01
8.534937062937062446e-01
8.438601398601398573e-01
8.549594405594405089e-01
8.514237762237761853e-01
8.487048951048952183e-01
8.577566433566433668e-01
8.522069930069930965e-01
8.529790209790208966e-01
8.492083916083916773e-01
8.449678321678322224e-01
8.480671328671327558e-01
8.559888111888113160e-01
8.582377622377621584e-01
8.563132867132866588e-01
8.549034965034966183e-01
8.500363636363635900e-01
8.537174825174824733e-01
8.449678321678320003e-01
8.557426573426573091e-01
8.508419580419579464e-01
8.403020979020978665e-01
8.488727272727273343e-01
8.524307692307692141e-01
8.503384615384614875e-01
8.474069930069929590e-01
8.551160839160838467e-01
8.450573426573426694e-01
8.462881118881119269e-01
8.490181818181817830e-01
8.449678321678321113e-01
8.401454545454544176e-01
8.469034965034963891e-01
8.484363636363636552e-01
8.452587412587412308e-01
8.442517482517482019e-01
8.429762237762238319e-01
8.576671328671329197e-01
8.480559440559440887e-01
8.501818181818181497e-01
8.289678321678322082e-01
8.319552447552447383e-01
8.468923076923076110e-01
8.435692307692307379e-01
8.418685314685314669e-01
8.524195804195805470e-01
8.524755244755244377e-01
8.473398601398600682e-01
8.470489510489509488e-01
8.427860139860140487e-01
8.478657342657343055e-01
8.401790209790208630e-01
8.414433566433566769e-01
8.547916083916082819e-01
8.421370629370629191e-01
8.594797202797203051e-01
