8.569622377622377885e-01
8.524867132867133268e-01
8.588979020979021772e-01
8.616055944055943661e-01
8.570741258741259028e-01
8.576447552447552525e-01
8.586853146853146157e-01
8.571636363636363498e-01
8.560223776223777614e-01
8.584615384615383871e-01
8.594573426573426378e-01
7.127944055944055446e-01
8.570741258741256807e-01
8.573986013986014676e-01
8.520279720279719804e-01
8.576671328671329197e-01
8.587636363636363956e-01
8.627356643356641763e-01
8.582937062937062711e-01
8.498797202797202521e-01
8.511776223776224004e-01
8.513342657342657382e-01
8.550937062937062905e-01
8.582825174825174930e-01
8.552615384615384064e-01
8.527104895104894444e-01
8.551496503496502921e-01
8.578461538461538138e-01
8.550825174825174013e-01
8.572083916083916844e-01
8.535496503496502463e-01
8.574545454545453582e-01
8.557762237762236435e-01
8.530013986013986749e-01
8.533594405594404630e-01
8.491636363636363427e-01
8.538853146853147003e-01
8.554181818181817443e-01
8.499020979020978084e-01
8.514685314685314088e-01
8.495999999999999108e-01
8.554181818181818553e-01
8.554293706293706334e-01
8.498349650349650286e-01
8.466125874125874917e-01
8.578685314685314811e-01
8.601510489510489910e-01
8.549930069930070653e-01
8.547468531468531694e-01
8.536727272727272497e-01
8.496223776223775781e-01
8.531356643356643454e-01
8.600839160839159891e-01
8.521398601398602057e-01
8.529230769230768949e-01
8.484811188811188787e-01
8.548811188811188400e-01
8.456951048951049099e-01
8.508195804195803902e-01
8.515468531468531888e-01
8.535048951048949117e-01
7.298349650349650330e-01
8.551160839160838467e-01
8.532251748251746815e-01
8.507300699300699431e-01
8.522293706293707638e-01
8.543440559440559356e-01
8.638545454545455415e-01
8.503832167832168221e-01
8.535944055944055808e-01
8.514461538461539636e-01
8.513790209790209618e-01
8.533370629370629068e-01
8.435468531468530706e-01
8.596475524475521990e-01
8.578349650349649247e-01
8.550377622377621778e-01
8.558433566433567563e-01
8.550937062937062905e-01
8.536783216783216943e-01
8.535944055944055808e-01
8.406265734265734313e-01
8.610125874125873491e-01
8.555860139860139713e-01
8.526097902097902193e-01
8.592671328671328546e-01
8.464559440559441539e-01
8.530013986013986749e-01
8.459860139860139183e-01
8.572643356643355750e-01
8.450461538461538913e-01
8.571748251748252390e-01
8.540083916083917037e-01
8.567048951048950034e-01
7.336279720279720307e-01
8.475860139860139641e-01
8.379860139860139112e-01
8.442405594405595348e-01
8.419132867132868014e-01
8.472503496503496212e-01
8.401342657342656395e-01
8.498685314685313630e-01
8.449230769230768878e-01
8.555412587412586367e-01
8.577230769230769214e-01
8.483132867132866517e-01
8.488951048951048906e-01
8.510993006993007315e-01
8.556419580419580839e-01
8.489622377622378924e-01
8.521622377622377620e-01
8.512895104895104037e-01
8.537958041958042532e-01
8.563132867132867698e-01
8.375160839160840087e-01
8.542769230769231559e-01
8.586741258741258376e-01
8.473846153846154028e-01
8.448111888111887735e-01
8.494209790209789057e-01
8.442405594405595348e-01
8.340811188811187993e-01
8.408615384615384380e-01
8.475636363636364079e-01
8.553510489510489645e-01
8.394965034965033990e-01
8.540419580419580381e-01
8.423160839160838131e-01
8.557314685314685310e-01
8.554965034965034132e-01
8.565930069930070001e-01
8.562685314685314353e-01
8.544447552447551608e-01
8.558881118881118688e-01
8.523860139860139906e-01
8.581370629370628222e-01
8.545454545454544970e-01
8.631832167832168556e-01
8.536727272727272497e-01
8.590209790209789587e-01
8.525426573426572174e-01
8.553734265734265207e-01
8.538405594405594767e-01
8.599048951048950951e-01
8.577678321678321449e-01
8.510657342657342861e-01
8.488391608391608889e-01
8.557314685314684199e-01
8.541202797202798180e-01
8.570629370629370136e-01
8.525090909090908831e-01
8.600615384615384329e-01
8.554405594405594115e-01
8.553510489510489645e-01
8.599720279720279859e-01
8.500923076923077026e-01
8.444755244755245416e-01
8.569398601398601212e-01
8.509762237762238390e-01
8.567384615384614488e-01
8.517482517482517501e-01
8.484139860139862099e-01
8.525538461538462176e-01
8.513902097902098509e-01
8.506069930069929397e-01
8.584503496503497200e-01
8.589762237762237351e-01
8.522069930069929855e-01
8.541762237762238197e-01
8.550041958041958434e-01
8.492979020979021243e-01
8.562349650349649899e-01
8.544447552447551608e-01
4.953846153846153677e-01
8.550377622377622888e-01
8.594461538461537486e-01
8.550041958041958434e-01
8.488391608391608889e-01
8.512559440559440693e-01
8.513566433566434055e-01
8.532587412587412379e-01
8.554517482517483007e-01
8.499356643356643648e-01
8.554629370629371898e-01
8.535384615384615792e-01
8.587860139860140629e-01
8.498797202797202521e-01
5.000000000000000000e-01
8.570181818181819011e-01
8.558321678321678672e-01
8.542433566433565995e-01
8.516363636363636358e-01
8.551944055944055156e-01
8.533034965034964614e-01
8.567496503496503379e-01
8.512111888111888458e-01
8.510433566433566188e-01
8.593342657342657454e-01
8.478881118881119727e-01
8.551496503496502921e-01
8.517706293706294174e-01
8.435020979020979581e-01
8.500363636363637010e-01
8.497790209790210270e-01
8.521734265734265401e-01
8.517482517482517501e-01
8.524195804195804360e-01
8.498349650349650286e-01
8.483916083916083206e-01
8.562125874125874336e-01
8.394069930069929519e-01
8.504951048951048254e-01
8.465454545454546009e-01
8.468587412587411656e-01
8.492867132867132351e-01
8.480447552447551995e-01
8.579804195804194844e-01
8.459300699300700277e-01
8.489174825174825578e-01
8.462769230769230377e-01
7.359216783216783186e-01
8.486265734265734384e-01
8.530013986013985638e-01
8.516587412587411920e-01
8.456503496503495754e-01
8.473510489510490684e-01
8.417454545454545745e-01
8.456839160839161318e-01
8.443300699300698708e-01
8.449790209790208895e-01
8.544111888111889375e-01
8.544895104895104954e-01
8.523748251748252125e-01
8.513454545454546274e-01
8.520839160839160931e-01
8.485706293706294367e-01
8.460419580419580310e-01
8.582041958041957130e-01
8.446545454545453246e-01
8.553398601398601864e-01
8.434349650349650673e-01
8.507188811188811650e-01
8.505286713286712708e-01
8.399888111888111908e-01
8.462993006993007050e-01
8.476195804195802985e-01
8.577566433566432558e-01
8.486601398601397728e-01
8.392615384615383922e-01
8.436251748251747395e-01
8.368783216783216572e-01
8.414881118881120114e-01
8.507972027972028339e-01
8.462657342657341486e-01
8.455832167832169066e-01
8.446545454545455467e-01
8.560559440559440958e-01
8.574993006993006928e-01
8.560783216783216520e-01
8.533370629370629068e-01
8.581706293706294897e-01
8.552951048951049628e-01
8.536615384615382496e-01
8.569174825174825649e-01
8.592559440559439654e-01
8.561006993006993193e-01
8.563692307692307715e-01
8.558545454545454234e-01
8.560111888111887612e-01
8.574097902097902457e-01
8.572083916083915733e-01
8.579244755244755938e-01
8.540083916083915927e-01
8.589202797202797335e-01
8.538629370629371440e-01
8.609342657342657912e-01
8.570181818181816791e-01
8.547468531468530584e-01
8.566153846153845564e-01
8.530125874125874530e-01
8.509202797202796154e-01
8.560559440559440958e-01
8.540867132867132616e-01
8.521398601398600947e-01
8.495328671328671311e-01
8.562685314685314353e-01
8.538629370629371440e-01
8.561454545454545428e-01
8.545006993006993845e-01
8.543664335664336029e-01
8.554853146853145240e-01
8.475300699300699625e-01
8.592111888111888529e-01
8.533146853146853505e-01
8.493762237762236822e-01
8.533482517482517959e-01
8.529006993006992277e-01
8.507300699300699431e-01
8.556195804195804167e-01
8.591888111888112967e-01
8.491412587412586754e-01
8.520391608391608695e-01
8.542321678321679324e-01
8.526097902097902193e-01
8.501818181818181497e-01
7.463440559440558397e-01
8.585622377622378343e-01
8.510097902097901734e-01
8.508979020979021701e-01
8.533370629370629068e-01
8.519944055944056460e-01
8.573986013986014676e-01
8.572419580419581298e-01
8.528111888111887806e-01
8.482125874125872045e-01
8.483020979020977625e-01
8.515580419580419669e-01
8.486601398601398838e-01
8.580251748251748189e-01
8.540755244755244835e-01
8.563020979020978807e-01
8.585958041958041687e-01
8.520167832167832023e-01
6.834349650349650362e-01
8.565034965034964420e-01
8.542993006993006011e-01
8.519384615384614223e-01
8.543104895104896013e-01
8.548923076923077291e-01
8.486937062937062182e-01
8.574433566433565801e-01
8.480335664335663104e-01
8.601958041958043255e-01
8.554965034965036352e-01
8.548139860139860602e-01
8.560783216783216520e-01
8.548251748251747273e-01
8.546349650349651661e-01
8.525426573426573285e-01
8.469034965034965001e-01
8.474853146853147390e-01
8.485034965034966570e-01
8.530125874125873420e-01
8.550937062937062905e-01
8.537622377622378078e-01
8.559216783216783142e-01
8.487720279720278871e-01
8.547468531468531694e-01
8.491188811188810082e-01
8.548923076923076181e-01
8.550937062937062905e-01
8.531468531468532346e-01
8.548811188811189510e-01
8.557090909090909747e-01
8.470601398601399490e-01
8.569734265734265666e-01
8.620531468531468233e-01
8.519272727272726442e-01
8.585622377622376122e-01
8.433790209790209547e-01
8.601062937062936564e-01
8.472503496503496212e-01
8.527552447552446679e-01
8.407832167832167691e-01
8.462993006993007050e-01
8.516699300699301922e-01
8.502265734265732622e-01
8.561342657342656537e-01
8.462657342657342596e-01
4.961398601398601116e-01
8.480223776223776433e-01
8.436699300699301851e-01
8.463216783216782613e-01
7.234125874125874045e-01
8.471496503496502850e-01
8.542769230769230449e-01
8.498909090909090303e-01
5.236979020979021238e-01
8.475524475524475188e-01
8.512000000000000677e-01
8.481566433566434249e-01
8.538069930069930313e-01
7.356419580419580884e-01
8.484363636363636552e-01
8.509762237762237280e-01
8.554293706293705224e-01
8.560167832167833168e-01
8.569622377622376774e-01
8.514349650349650744e-01
8.454713286713285703e-01
8.510881118881119534e-01
8.526993006993007773e-01
8.542097902097901541e-01
8.585174825174826108e-01
8.572419580419580187e-01
8.594909090909090832e-01
8.527104895104895554e-01
8.547020979020978348e-01
8.567496503496503379e-01
8.500027972027971446e-01
8.543440559440558246e-01
8.540979020979020397e-01
8.476083916083916314e-01
8.552951048951048518e-01
8.582601398601398257e-01
8.535160839160839119e-01
8.573650349650350222e-01
8.575888111888112508e-01
8.575216783216783600e-01
8.506517482517482742e-01
8.514461538461537415e-01
8.521958041958042074e-01
8.513454545454546274e-01
8.547804195804196148e-01
8.510769230769231752e-01
8.559104895104894251e-01
8.510321678321678407e-01
8.514125874125872961e-01
8.459860139860140293e-01
8.503384615384614875e-01
8.503048951048952642e-01
8.526209790209791084e-01
8.539748251748251473e-01
8.522181818181817636e-01
8.501706293706292605e-01
8.543664335664336029e-01
8.472615384615382883e-01
8.546013986013984987e-01
8.556531468531468620e-01
8.470489510489509488e-01
8.499244755244754757e-01
8.548923076923078401e-01
8.536615384615384716e-01
8.482349650349649828e-01
8.494881118881119075e-01
8.583608391608391619e-01
8.557202797202798639e-01
8.527104895104894444e-01
8.505398601398601599e-01
8.511552447552447331e-01
8.583048951048951603e-01
8.476979020979020785e-01
8.490629370629370065e-01
8.492755244755244570e-01
8.567944055944055615e-01
8.508755244755243918e-01
8.491636363636363427e-01
8.524643356643355485e-01
8.439384615384615262e-01
8.507524475524474994e-01
8.553958041958041880e-01
8.527664335664335571e-01
8.477538461538461911e-01
8.479664335664335306e-01
8.598377622377620932e-01
8.454825174825173484e-01
8.493090909090910134e-01
8.563244755244756590e-01
8.574881118881119146e-01
8.515580419580419669e-01
8.494769230769232404e-01
8.474853146853147390e-01
8.564363636363636623e-01
8.426405594405594890e-01
8.436475524475524068e-01
8.525538461538459956e-01
8.437818181818181884e-01
8.454153846153845686e-01
8.514909090909090761e-01
8.491188811188811192e-01
8.473286713286712901e-01
8.498237762237761395e-01
8.499244755244754757e-01
8.387468531468531552e-01
8.554181818181818553e-01
8.559440559440559815e-01
8.480895104895105341e-01
8.441846153846154222e-01
8.409286713286713288e-01
7.247552447552447763e-01
8.366881118881119850e-01
8.412867132867132280e-01
8.477202797202796347e-01
8.405594405594405405e-01
8.482685314685314282e-01
8.433454545454545093e-01
8.343720279720279187e-01
8.482349650349650938e-01
8.518041958041956407e-01
8.462545454545454815e-01
8.421706293706293645e-01
8.369006993006992134e-01
8.408727272727272162e-01
8.373930069930068942e-01
8.432671328671328403e-01
8.528447552447553370e-01
8.347300699300699289e-01
8.368223776223775445e-01
8.405482517482518734e-01
8.273790209790209405e-01
8.449566433566433332e-01
8.358825174825176285e-01
8.558657342657340905e-01
8.467916083916082748e-01
8.418349650349650215e-01
8.003020979020978309e-01
8.358489510489510721e-01
8.278041958041958415e-01
8.375384615384615650e-01
8.499804195804195883e-01
8.369790209790209934e-01
8.467580419580418294e-01
8.543552447552447138e-01
8.506293706293706069e-01
8.509762237762237280e-01
8.561454545454545428e-01
8.556643356643357512e-01
8.525202797202797722e-01
8.567048951048952254e-01
8.298517482517481225e-01
8.549818181818182872e-01
8.560895104895104302e-01
8.580027972027971517e-01
7.250349650349650066e-01
8.556755244755245293e-01
8.525986013986014411e-01
8.578237762237761466e-01
8.530349650349650092e-01
8.556643356643356402e-01
8.572979020979021314e-01
8.562909090909089915e-01
8.588083916083916192e-01
8.543776223776222700e-01
8.537622377622376968e-01
8.543664335664333809e-01
8.514125874125875182e-01
8.560447552447552066e-01
8.512559440559439583e-01
8.526433566433566646e-01
8.472951048951048447e-01
8.575776223776224727e-01
8.552055944055944048e-01
8.471048951048950615e-01
8.584951048951049435e-01
8.553510489510490755e-01
8.558545454545455344e-01
8.570741258741257917e-01
8.484027972027972098e-01
8.518601398601398644e-01
8.532139860139859033e-01
8.521062937062935383e-01
8.532027972027971252e-01
8.521286713286713166e-01
8.614489510489509172e-01
8.548251748251747273e-01
8.564475524475524404e-01
8.514797202797201869e-01
8.462209790209790361e-01
8.459524475524475839e-01
8.543999999999999373e-01
8.537510489510489187e-01
8.614377622377620281e-01
8.600839160839159891e-01
8.512447552447552912e-01
8.575776223776223617e-01
8.550713286713287342e-01
8.531356643356642344e-01
8.504391608391608237e-01
8.552167832167831829e-01
8.507860139860140558e-01
8.485706293706294367e-01
8.552839160839160737e-01
8.523860139860139906e-01
8.542881118881118230e-01
8.565146853146853312e-01
8.553958041958040770e-01
8.538629370629370330e-01
8.495664335664335765e-01
8.476195804195804095e-01
8.468027972027972750e-01
8.564475524475525514e-01
8.481118881118880903e-01
8.473734265734266247e-01
8.470937062937061723e-01
8.590881118881119605e-01
8.526545454545454428e-01
8.527440559440560008e-01
8.552279720279720721e-01
8.492643356643355679e-01
8.553174825174824081e-01
8.465566433566433791e-01
8.501146853146851479e-01
8.508979020979020591e-01
8.523076923076923217e-01
8.451244755244755602e-01
8.496111888111889110e-01
8.498573426573426959e-01
8.534489510489510211e-01
8.524979020979021049e-01
8.459748251748251402e-01
8.495216783216784640e-01
8.477874125874125255e-01
8.432895104895103966e-01
8.464559440559440429e-01
8.562461538461537680e-01
8.490741258741258957e-01
8.497454545454545816e-01
8.437146853146854086e-01
8.438153846153845228e-01
8.486377622377621055e-01
8.449230769230768878e-01
8.484475524475525443e-01
8.385230769230768155e-01
8.494993006993006857e-01
8.458293706293706915e-01
8.428195804195803831e-01
8.474069930069928480e-01
8.550825174825174013e-01
8.524755244755245487e-01
8.489062937062936687e-01
8.458629370629369149e-01
8.492755244755243460e-01
8.432671328671328403e-01
8.563356643356643261e-01
8.459860139860139183e-01
8.460643356643356983e-01
8.417006993006993509e-01
8.416895104895105728e-01
8.485706293706294367e-01
8.498349650349650286e-01
8.395076923076922881e-01
8.460979020979020326e-01
8.387020979020979317e-01
8.527552447552446679e-01
8.428531468531468285e-01
8.433230769230769530e-01
8.496783216783216908e-01
8.500363636363635900e-01
8.468139860139860531e-01
8.576223776223776962e-01
8.554405594405594115e-01
8.546125874125874988e-01
8.537958041958042532e-01
8.575440559440559163e-01
8.554853146853146351e-01
8.578909090909090374e-01
8.529454545454544512e-01
8.515020979020978542e-01
8.509538461538461718e-01
8.508531468531468356e-01
8.534937062937062446e-01
8.554741258741258569e-01
8.552615384615385175e-01
8.552167832167831829e-01
8.504391608391607127e-01
8.589202797202796225e-01
8.552391608391607392e-01
8.520615384615384258e-01
8.573986013986014676e-01
8.549818181818180651e-01
8.548923076923076181e-01
8.534601398601397992e-01
8.563916083916083277e-01
8.622209790209789393e-01
8.539076923076923675e-01
8.550601398601398451e-01
8.489622377622377813e-01
8.563580419580419933e-01
8.500363636363637010e-01
8.540867132867133726e-01
8.562797202797203244e-01
8.525314685314684393e-01
8.550825174825175123e-01
8.584055944055943854e-01
8.515132867132866323e-01
8.528111888111887806e-01
8.505734265734264943e-01
8.533818181818180193e-01
8.507748251748252777e-01
8.507860139860139448e-01
8.571636363636363498e-01
8.501930069930070388e-01
8.575888111888111398e-01
8.573986013986013566e-01
8.531132867132866782e-01
8.532027972027972362e-01
8.540083916083917037e-01
8.556979020979020856e-01
8.548027972027971710e-01
8.513566433566434055e-01
8.508195804195803902e-01
8.566713286713286690e-01
8.514909090909090761e-01
8.498125874125874724e-01
8.553622377622378536e-01
8.569510489510488993e-01
8.537734265734265859e-01
8.533706293706293522e-01
8.532139860139860144e-01
8.503608391608391548e-01
8.527216783216783336e-01
8.548475524475525056e-01
8.497230769230768033e-01
8.540419580419580381e-01
8.533706293706293522e-01
8.549818181818180651e-01
8.512783216783215146e-01
8.503048951048950421e-01
8.565258741258742203e-01
8.541986013986014870e-01
8.537174825174824733e-01
8.501258741258741480e-01
6.387748251748252004e-01
8.554517482517483007e-01
8.535720279720279136e-01
8.529902097902095637e-01
8.495552447552447983e-01
8.546349650349649441e-01
8.596139860139858646e-01
8.504055944055946004e-01
8.545566433566433862e-01
8.559888111888112050e-01
8.545678321678321643e-01
8.537062937062935841e-01
8.462657342657342596e-01
8.403580419580418681e-01
8.430209790209789444e-01
8.548587412587411727e-01
8.539748251748252583e-01
8.554405594405595226e-01
8.554629370629371898e-01
8.497902097902096941e-01
8.449566433566433332e-01
8.562461538461538790e-01
8.452139860139861183e-01
8.464223776223775975e-01
8.414545454545454550e-01
8.503496503496503767e-01
8.514237762237761853e-01
8.531132867132865671e-01
8.490069930069928938e-01
8.574433566433566911e-01
8.510209790209790626e-01
8.415104895104894567e-01
8.515020979020979652e-01
8.486489510489509946e-01
8.494993006993007967e-01
8.455272727272727940e-01
8.477650349650349693e-01
8.543440559440559356e-01
8.485146853146854351e-01
8.525874125874126630e-01
8.475636363636364079e-01
8.454153846153844576e-01
8.438377622377624121e-01
8.443748251748250944e-01
8.477650349650349693e-01
8.381090909090909147e-01
8.467692307692307185e-01
8.461762237762237016e-01
8.561230769230769866e-01
8.428531468531468285e-01
8.502713286713285967e-01
8.494545454545454621e-01
8.417006993006993509e-01
8.434461538461538455e-01
8.470713286713288381e-01
8.383440559440560325e-01
8.259468531468531216e-01
8.371916083916082219e-01
8.332531468531467755e-01
8.069930069930069116e-01
8.298293706293706773e-01
8.399328671328671891e-01
8.331412587412587722e-01
8.247608391608390876e-01
8.364419580419582001e-01
8.393510489510490613e-01
8.268755244755243705e-01
8.429538461538462757e-01
8.162125874125873981e-01
8.375496503496503431e-01
8.375384615384615650e-01
8.377510489510489045e-01
8.298517482517483446e-01
8.355020979020978400e-01
8.321342657342656324e-01
8.351888111888111643e-01
8.293034965034965511e-01
8.364755244755244235e-01
8.348755244755243776e-01
8.207104895104895270e-01
8.325370629370630882e-01
8.338237762237762363e-01
8.376727272727273466e-01
8.326713286713286477e-01
8.348643356643357105e-01
8.302321678321678000e-01
8.241230769230769582e-01
8.372811188811188909e-01
8.373034965034964472e-01
8.325930069930069788e-01
8.321902097902097450e-01
8.313622377622377213e-01
8.264727272727272478e-01
8.376727272727272355e-01
8.325930069930070898e-01
8.345846153846154802e-01
8.276923076923076161e-01
8.335888111888112295e-01
8.264391608391608024e-01
8.258349650349650073e-01
8.205202797202796328e-01
8.324811188811188645e-01
8.339804195804194631e-01
8.322237762237760794e-01
8.380867132867132474e-01
8.364419580419579781e-01
8.309146853146852640e-01
8.311832167832168272e-01
8.364643356643357563e-01
8.332083916083915520e-01
8.291916083916084368e-01
8.274349650349650531e-01
8.277258741258740615e-01
8.150153846153846970e-01
8.207999999999998630e-01
8.281734265734265188e-01
8.239664335664336203e-01
8.239216783216782858e-01
8.281510489510488515e-01
8.068475524475524630e-01
8.323916083916083064e-01
8.122965034965033970e-01
7.420643356643357169e-01
8.232951048951049344e-01
8.208111888111887522e-01
8.216615384615383322e-01
8.134937062937063201e-01
8.265846153846154731e-01
8.185510489510490206e-01
8.326265734265734242e-01
8.115020979020979297e-01
7.746125874125873167e-01
8.226125874125873594e-01
8.021930069930069962e-01
7.332363636363636861e-01
8.309258741258741532e-01
8.118937062937063853e-01
8.147132867132866885e-01
8.214825174825174381e-01
7.961286713286712668e-01
8.053258741258740860e-01
8.138181818181818850e-01
7.264223776223776019e-01
8.113566433566434810e-01
7.637930069930070065e-01
8.134265734265735404e-01
8.163020979020978452e-01
8.247384615384615314e-01
8.048783216783217398e-01
8.164027972027970703e-01
7.868979020979021133e-01
8.124867132867132913e-01
8.212251748251748751e-01
7.355188811188810849e-01
7.937566433566433100e-01
7.928951048951049518e-01
7.522461538461537867e-01
7.786517482517482103e-01
7.369510489510489037e-01
8.044419580419580607e-01
8.063888111888111165e-01
7.340867132867132661e-01
7.276979020979020829e-01
7.898517482517483090e-01
7.982993006993006624e-01
7.345342657342657233e-01
7.882629370629370413e-01
7.989706293706293483e-01
7.619804195804196212e-01
8.078433566433566027e-01
7.814153846153846228e-01
7.384503496503496134e-01
7.581650349650349563e-01
8.165706293706294083e-01
7.207496503496504392e-01
7.558937062937062246e-01
7.969678321678321797e-01
7.914853146853146892e-01
7.252363636363636790e-01
7.288167832167832261e-01
7.609734265734264813e-01
7.298125874125873658e-01
7.930405594405592895e-01
8.004363636363636125e-01
8.353678321678321694e-01
8.332643356643356647e-01
8.423720279720279258e-01
8.328279720279719855e-01
8.195580419580419385e-01
8.314069930069929448e-01
8.328503496503496528e-01
8.315524475524475045e-01
8.298069930069928990e-01
8.316531468531469518e-01
8.315972027972028391e-01
8.272895104895104934e-01
8.362517482517483058e-01
8.283412587412588568e-01
8.412755244755244499e-01
8.278041958041958415e-01
8.453034965034964543e-01
8.344615384615383658e-01
8.379636363636362439e-01
8.197258741258741654e-01
8.331076923076923268e-01
8.299076923076922352e-01
8.358041958041958486e-01
8.358825174825175175e-01
8.300531468531467949e-01
8.258461538461537854e-01
8.271104895104894883e-01
8.352223776223776097e-01
8.324923076923076426e-01
8.343720279720278077e-01
8.361734265734265259e-01
8.325818181818180896e-01
8.314069930069929448e-01
8.308811188811189297e-01
8.323692307692307502e-01
8.300195804195803495e-01
8.318545454545454021e-01
8.382545454545455854e-01
8.354909090909090619e-01
8.291580419580419914e-01
8.289230769230768736e-01
8.299300699300699025e-01
8.410517482517483323e-01
8.309370629370629313e-01
8.303552447552446925e-01
8.373258741258741145e-01
8.332307692307692193e-01
8.310489510489510456e-01
8.220419580419580097e-01
8.331524475524474393e-01
8.299076923076922352e-01
8.304335664335664724e-01
8.263608391608391335e-01
8.266181818181819185e-01
8.306125874125873665e-01
8.314965034965036139e-01
8.200727272727272865e-01
8.300531468531469059e-01
8.347300699300698179e-01
8.249510489510490929e-01
8.259132867132866762e-01
8.313846153846153886e-01
8.284307692307693038e-01
8.234965034965034958e-01
8.237762237762238371e-01
8.205426573426573000e-01
8.223216783216784620e-01
8.219188811188811172e-01
8.145566433566433506e-01
8.279384615384615120e-01
8.133930069930070950e-01
8.275244755244755002e-01
8.205650349650349673e-01
8.228811188811189226e-01
8.269762237762238177e-01
8.224223776223775761e-01
8.288895104895104282e-01
8.180923076923076742e-01
8.155860139860139357e-01
8.271664335664337120e-01
8.166377622377621881e-01
8.110993006993006960e-01
8.264727272727273588e-01
8.134937062937063201e-01
8.099804195804195528e-01
7.362461538461538835e-01
8.237538461538461698e-01
7.701258741258740770e-01
8.057622377622377652e-01
7.955580419580419171e-01
7.971244755244755176e-01
7.941818181818183220e-01
8.318433566433565129e-01
8.169958041958041983e-01
8.224783216783216888e-01
7.739076923076922965e-01
8.047440559440559582e-01
7.896951048951048602e-01
7.811692307692308379e-01
7.995860139860140325e-01
8.123636363636362878e-01
8.181482517482516759e-01
7.963748251748252738e-01
7.867188811188809971e-01
7.958601398601398147e-01
8.085594405594406231e-01
7.999664335664334880e-01
7.980195804195804321e-01
8.051916083916084155e-01
8.144000000000000128e-01
8.121062937062937248e-01
7.985342657342657802e-01
8.049902097902097431e-01
7.521678321678321177e-01
7.766377622377622636e-01
7.919888111888111482e-01
7.255496503496503546e-01
7.845370629370629345e-01
8.156195804195803811e-01
7.697566433566435107e-01
7.830041958041956685e-01
7.962069930069930468e-01
7.333706293706293566e-01
8.003356643356643874e-01
7.346125874125875033e-01
7.905678321678322185e-01
8.030993006993006889e-01
8.109986013986013598e-01
8.295944055944055595e-01
8.357706293706294032e-01
8.348531468531469324e-01
8.343048951048951389e-01
8.323692307692308612e-01
8.307020979020978135e-01
8.395188811188809552e-01
8.390041958041958292e-01
8.391832167832167233e-01
8.347972027972028197e-01
8.300419580419580168e-01
8.272223776223777136e-01
8.352559440559439441e-01
8.364867132867133126e-01
8.356923076923076232e-01
8.269986013986012630e-01
8.354013986013986148e-01
8.357482517482517359e-01
8.321230769230768542e-01
8.317538461538460659e-01
8.310153846153846002e-01
8.430769230769230571e-01
8.247496503496503095e-01
8.289790209790210973e-01
8.341594405594405792e-01
8.362629370629369729e-01
8.309258741258741532e-01
8.371916083916082219e-01
8.399552447552447454e-01
8.356923076923077343e-01
8.405818181818182078e-01
8.323132867132867485e-01
8.339580419580419068e-01
8.266293706293705856e-01
8.358937062937064066e-01
8.321006993006994090e-01
8.341930069930070246e-01
8.298741258741260118e-01
8.280279720279720701e-01
8.328391608391607637e-01
8.341594405594405792e-01
8.310153846153847113e-01
8.306237762237762556e-01
8.366433566433567615e-01
8.226013986013985813e-01
8.396195804195802914e-01
8.300083916083915714e-01
8.348867132867132668e-01
8.345734265734265911e-01
8.289790209790210973e-01
8.303440559440559143e-01
8.304223776223775833e-01
8.427524475524474923e-01
8.316867132867132861e-01
8.314853146853146137e-01
8.314069930069930559e-01
8.291468531468531022e-01
8.321454545454544105e-01
8.310265734265733784e-01
8.296839160839160066e-01
8.267636363636363672e-01
8.337342657342656782e-01
8.273566433566432732e-01
8.329846153846154344e-01
8.249734265734265382e-01
8.267748251748252564e-01
8.250741258741258743e-01
8.245930069930070827e-01
8.246265734265734171e-01
8.333762237762237790e-01
8.323468531468530829e-01
8.307916083916083716e-01
8.330405594405594361e-01
8.292475524475524384e-01
8.203860139860139622e-01
8.258125874125874510e-01
8.284643356643357492e-01
8.297622377622377865e-01
8.316083916083915062e-01
8.262489510489511302e-01
8.305006993006993632e-01
8.061762237762237771e-01
8.276923076923077272e-01
8.169846153846151982e-01
8.142433566433565639e-01
8.239216783216782858e-01
7.988475524475523448e-01
8.278601398601398431e-01
8.103160839160838957e-01
8.151272727272727003e-01
8.289902097902098754e-01
8.158321678321678316e-01
8.258797202797203418e-01
8.241902097902098490e-01
8.223216783216783510e-01
8.202069930069928461e-01
8.118489510489510508e-01
7.854881118881118507e-01
8.084587412587412869e-01
8.041174825174823848e-01
8.167048951048950789e-01
7.809678321678322765e-01
8.133034965034964259e-01
7.873006993006992360e-01
7.861482517482516474e-01
7.837874125874125797e-01
7.976503496503496438e-01
7.762797202797202534e-01
7.966433566433566149e-01
8.181818181818181213e-01
8.210461538461537589e-01
7.920111888111889265e-01
7.835636363636364621e-01
7.833734265734266788e-01
7.870657342657343403e-01
7.391216783216781883e-01
7.815272727272726261e-01
7.321510489510489883e-01
7.878377622377623624e-01
8.002237762237761620e-01
7.842909090909090386e-01
8.057510489510489871e-01
7.728111888111888206e-01
7.302937062937062684e-01
8.085818181818181793e-01
7.141706293706293618e-01
7.926377622377622778e-01
7.325650349650350002e-01
8.457958041958042461e-01
7.930405594405594005e-01
7.661426573426574071e-01
6.566265734265734899e-01
7.119216783216782973e-01
6.632167832167832344e-01
8.571076923076923482e-01
8.544111888111887154e-01
8.574097902097902457e-01
7.167664335664335473e-01
7.357090909090908681e-01
6.920167832167832822e-01
8.530573426573426765e-01
7.315524475524475267e-01
7.221034965034964781e-01
8.567608391608391161e-01
8.550825174825174013e-01
6.563132867132867032e-01
8.591664335664335184e-01
8.571300699300699044e-01
7.488839160839160236e-01
8.486825174825175511e-01
8.574881118881119146e-01
8.564139860139859950e-01
7.213650349650349014e-01
8.562797202797202134e-01
8.540643356643355943e-01
8.567384615384614488e-01
7.346461538461538376e-01
7.962629370629370484e-01
8.545342657342657189e-01
8.545566433566433862e-01
8.578349650349650357e-01
8.532027972027971252e-01
8.490013986013985603e-01
8.561006993006992083e-01
8.558097902097900889e-01
8.541202797202795960e-01
7.115412587412586198e-01
7.248895104895105579e-01
7.293986013986013539e-01
8.446321678321679904e-01
8.529566433566433403e-01
7.314013986013985225e-01
7.489342657342658027e-01
8.491748251748251208e-01
8.589874125874125133e-01
8.475300699300698515e-01
8.574993006993006928e-01
8.513342657342657382e-01
8.596587412587413102e-01
8.476531468531468549e-01
8.485930069930069930e-01
8.553286713286711862e-01
8.555076923076923023e-01
8.537398601398601405e-01
8.557314685314685310e-01
8.592559440559440764e-01
8.495328671328672421e-01
8.452811188811188980e-01
8.490965034965036740e-01
8.495888111888112437e-01
8.578125874125872574e-01
8.527776223776223352e-01
8.573874125874126895e-01
8.546349650349650551e-01
8.596699300699300883e-01
8.569622377622377885e-01
8.422825174825175898e-01
8.544671328671329391e-01
8.581482517482518224e-01
8.559999999999999831e-01
8.544223776223776046e-01
8.507412587412588323e-01
8.537734265734264749e-01
8.448671328671328862e-01
8.528223776223775587e-01
8.505958041958041616e-01
8.447216783216782154e-01
8.456839160839161318e-01
8.525874125874126630e-01
8.527888111888112244e-01
8.498013986013985832e-01
8.462321678321678142e-01
8.533594405594406851e-01
8.345622377622378130e-01
8.598825174825173168e-01
8.427076923076922688e-01
8.550937062937062905e-01
8.467692307692307185e-01
8.536503496503495825e-01
8.457398601398601334e-01
8.509650349650349499e-01
8.527104895104895554e-01
8.493090909090907914e-01
8.497006993006991360e-01
8.409734265734265524e-01
8.461762237762237016e-01
8.509762237762237280e-01
8.551608391608391813e-01
8.508419580419580575e-01
8.439944055944055279e-01
8.419916083916083593e-01
8.504279720279719346e-01
8.402125874125874194e-01
8.446657342657342138e-01
8.518153846153846409e-01
8.554853146853146351e-01
8.560335664335664285e-01
8.502041958041959280e-01
8.333370629370630001e-01
8.564139860139859950e-01
8.467916083916083858e-01
8.465454545454544899e-01
8.426181818181818217e-01
8.433006993006992857e-01
8.470825174825173942e-01
4.969230769230769118e-01
8.458853146853145821e-01
8.589090909090908443e-01
8.375272727272725648e-01
8.556531468531468620e-01
8.528559440559440041e-01
8.429650349650348318e-01
7.291748251748252363e-01
8.426181818181818217e-01
8.470377622377622817e-01
8.483468531468532081e-01
8.481006993006994232e-01
7.298461538461538112e-01
8.547244755244753911e-01
8.589874125874125133e-01
8.055272727272727584e-01
8.501818181818181497e-01
8.055048951048950912e-01
7.982881118881118843e-01
7.175832167832167929e-01
8.606769230769230061e-01
8.565482517482516656e-01
6.514797202797202313e-01
8.575216783216783600e-01
7.210069930069928912e-01
7.258069930069930287e-01
8.581482517482517114e-01
8.507076923076923869e-01
8.570405594405594574e-01
8.560111888111887612e-01
8.556867132867133074e-01
8.568839160839160085e-01
8.524195804195804360e-01
8.588083916083915081e-01
8.564251748251748841e-01
8.588083916083915081e-01
8.530909090909091219e-01
8.567384615384616708e-01
8.588307692307692864e-01
8.591999999999999638e-01
8.000615384615384906e-01
8.607440559440558969e-01
8.551608391608391813e-01
8.344055944055943641e-01
8.513230769230768491e-01
8.562797202797203244e-01
8.583776223776223846e-01
8.537510489510489187e-01
8.568951048951050087e-01
8.566377622377621126e-01
8.521678321678320955e-01
8.564139860139858840e-01
8.523972027972027687e-01
7.608055944055944764e-01
8.540419580419579271e-01
8.504055944055943783e-01
8.543888111888111592e-01
8.558769230769230907e-01
8.534041958041957976e-01
8.541426573426573743e-01
8.532027972027973473e-01
8.527664335664335571e-01
8.487832167832168873e-01
8.503384615384613765e-01
8.500363636363635900e-01
8.518265734265735301e-01
8.544335664335664937e-01
8.497454545454545816e-01
8.556643356643357512e-01
8.533034965034964614e-01
8.546349650349650551e-01
8.529790209790208966e-01
8.534713286713286884e-01
8.533818181818182413e-01
8.548139860139859492e-01
8.511104895104895096e-01
8.544111888111887154e-01
8.501706293706293716e-01
7.244307692307692115e-01
8.481454545454545357e-01
8.510881118881118423e-01
8.519496503496503115e-01
8.437930069930068555e-01
8.541650349650350416e-01
8.489398601398601141e-01
8.499356643356643648e-01
8.612475524475524669e-01
8.535832167832166917e-01
8.573090909090907985e-01
8.471608391608391742e-01
8.476531468531467439e-01
8.535160839160838009e-01
8.530237762237762311e-01
8.523188811188812108e-01
8.499356643356643648e-01
8.579132867132865936e-01
8.526097902097901082e-01
8.508643356643356137e-01
8.451468531468531165e-01
5.000000000000000000e-01
8.451356643356643383e-01
8.533930069930070195e-01
8.458517482517482478e-01
8.578349650349649247e-01
8.578349650349649247e-01
8.479328671328670852e-01
8.435468531468531816e-01
8.480111888111888652e-01
8.470489510489511709e-01
8.428531468531468285e-01
8.423944055944054821e-01
8.466461538461538261e-01
8.587636363636363956e-01
8.596363636363635319e-01
8.459524475524475839e-01
8.603860139860139977e-01
8.499244755244755867e-01
6.921174825174825074e-01
8.518713286713286426e-01
6.829314685314684663e-01
8.492643356643356789e-01
5.000000000000000000e-01
8.465902097902097134e-01
7.346685314685315049e-01
8.349986013986013811e-01
8.413874125874126753e-01
8.526881118881118882e-01
8.431272727272727252e-01
8.458517482517482478e-01
8.476979020979019674e-01
8.450349650349651132e-01
8.477762237762237474e-01
8.382545454545453634e-01
8.476195804195805206e-01
8.454377622377621249e-01
8.503160839160839313e-01
7.324755244755245531e-01
8.408951048951048834e-01
8.470825174825175052e-01
7.265958041958042735e-01
8.577342657342658105e-01
7.422209790209790548e-01
8.516699300699301922e-01
7.300475524475524836e-01
7.280671328671328713e-01
7.828251748251748854e-01
8.492979020979020133e-01
8.546125874125873878e-01
7.232223776223776213e-01
7.294769230769231338e-01
7.876475524475523571e-01
7.243412587412587644e-01
8.578349650349651467e-01
8.362853146853146402e-01
7.282909090909090999e-01
8.542545454545454886e-01
8.567720279720278942e-01
8.477090909090909676e-01
8.625566433566433933e-01
8.539636363636364802e-01
8.575104895104895819e-01
8.582377622377621584e-01
8.565482517482517766e-01
8.559552447552446486e-01
8.583496503496503838e-01
8.222097902097902367e-01
8.539748251748252583e-01
8.543216783216782684e-01
7.122349650349650840e-01
8.554853146853147461e-01
8.526545454545454428e-01
8.552895104895105183e-01
7.363020979020978851e-01
8.571636363636363498e-01
8.550825174825174013e-01
8.460139860139860302e-01
8.541314685314684851e-01
8.557202797202797528e-01
8.532363636363636816e-01
8.494993006993006857e-01
8.506853146853148306e-01
8.524083916083915469e-01
8.478321678321677490e-01
8.557090909090909747e-01
8.397538461538460730e-01
8.509762237762237280e-01
8.565370629370628874e-01
7.626181818181818617e-01
8.541874125874123758e-01
8.577902097902097012e-01
8.583048951048950492e-01
8.534601398601400213e-01
8.540195804195804818e-01
8.539076923076922565e-01
8.540419580419581491e-01
8.509986013986015063e-01
8.569062937062937868e-01
8.529230769230768949e-01
8.554853146853147461e-01
8.546349650349649441e-01
8.535832167832168027e-01
8.545342657342657189e-01
8.488615384615383341e-01
8.497118881118882472e-01
8.576447552447552525e-01
8.500139860139859227e-01
8.480559440559441997e-01
7.231776223776222867e-01
8.507076923076921648e-01
8.530685314685314546e-01
8.490965034965034519e-01
8.551048951048950686e-01
8.535720279720280246e-01
8.530125874125873420e-01
8.531356643356643454e-01
8.519496503496504225e-01
7.361790209790209927e-01
7.415832167832167032e-01
5.000000000000000000e-01
8.576335664335663633e-01
8.579356643356643719e-01
8.461314685314684780e-01
5.000000000000000000e-01
8.490181818181818940e-01
8.542993006993007121e-01
8.431888111888113935e-01
8.516363636363636358e-01
8.493202797202796805e-01
8.440839160839161970e-01
8.509874125874126172e-01
8.561790209790209882e-01
8.525314685314685503e-01
8.502825174825175969e-01
8.516699300699300812e-01
8.515356643356641886e-01
7.291748251748251253e-01
5.000000000000000000e-01
5.000000000000000000e-01
7.379804195804195999e-01
8.479440559440559744e-01
8.624671328671329462e-01
8.582937062937061601e-01
8.554629370629370788e-01
8.533258741258742397e-01
8.516923076923075264e-01
8.515804195804195231e-01
8.470377622377621707e-01
8.479328671328671962e-01
8.557874125874125326e-01
8.446993006993006592e-01
8.558881118881118688e-01
8.492643356643356789e-01
8.396307692307690695e-01
8.547020979020979459e-01
8.508979020979020591e-01
5.000000000000000000e-01
8.545342657342656079e-01
8.482461538461538719e-01
8.417902097902096870e-01
8.409958041958043307e-01
8.473734265734265136e-01
8.475412587412587406e-01
8.484923076923076568e-01
5.000000000000000000e-01
8.445650349650350996e-01
8.461202797202796999e-01
8.564475524475525514e-01
7.309314685314685089e-01
7.980307692307692102e-01
8.517258741258741939e-01
8.532587412587412379e-01
8.576671328671328087e-01
8.519776223776224233e-01
8.559664335664334267e-01
8.569398601398601212e-01
8.593006993006993000e-01
8.532699300699300160e-01
8.567720279720278942e-01
8.541986013986013759e-01
8.514237762237761853e-01
8.566489510489510018e-01
8.553846153846154099e-01
6.711384615384614616e-01
8.540307692307691489e-01
8.536279720279720262e-01
8.554293706293705224e-01
8.545230769230769408e-01
8.536951048951048060e-01
8.526769230769231100e-01
8.602461538461538826e-01
8.584839160839160543e-01
8.619188811188811528e-01
8.580251748251748189e-01
8.559888111888112050e-01
8.522405594405594309e-01
8.588867132867131771e-01
8.507524475524476104e-01
8.502601398601399296e-01
8.576895104895103650e-01
8.499580419580420321e-01
8.540755244755244835e-01
8.537062937062936951e-01
8.542993006993008231e-01
8.501818181818181497e-01
8.562461538461537680e-01
8.509874125874126172e-01
8.555300699300699696e-01
8.578909090909090374e-01
8.568503496503496741e-01
8.554405594405594115e-01
8.452811188811188980e-01
8.571188811188811263e-01
8.549370629370629526e-01
8.506965034965034977e-01
8.553846153846154099e-01
8.502041958041958170e-01
8.548811188811188400e-01
8.546685314685313895e-01
8.560895104895104302e-01
8.515132867132868544e-01
8.514797202797202980e-01
8.516699300699300812e-01
8.546517482517482778e-01
8.531356643356644565e-01
8.552279720279721831e-01
8.424839160839161512e-01
8.526433566433566646e-01
8.528895104895104495e-01
8.536167832167831371e-01
8.595916083916084194e-01
8.551944055944056267e-01
8.579020979020980375e-01
8.493650349650350151e-01
8.554853146853146351e-01
8.506517482517483852e-01
8.486713286713286619e-01
8.453818181818182342e-01
8.489622377622378924e-01
8.588531468531468427e-01
8.521734265734265401e-01
8.546573426573426113e-01
8.574993006993006928e-01
8.590209790209790697e-01
8.443748251748252054e-01
8.585846153846153905e-01
8.414545454545454550e-01
8.503944055944056002e-01
8.577006993006992541e-01
8.569846153846153447e-01
8.595020979020979723e-01
8.556083916083916385e-01
8.469818181818180580e-01
8.493762237762236822e-01
8.500699300699301464e-01
8.533818181818182413e-01
8.397986013986014076e-01
8.534825174825175775e-01
8.491524475524474536e-01
8.452811188811190091e-01
8.527999999999997804e-01
8.486265734265733274e-01
8.537062937062936951e-01
8.519832167832168679e-01
8.438265734265735230e-01
7.175496503496503475e-01
8.468923076923076110e-01
8.369006993006993245e-01
8.536279720279720262e-01
8.515916083916083013e-01
8.482909090909092065e-01
8.512783216783217366e-01
8.564587412587412185e-01
8.444419580419582072e-01
8.416895104895105728e-01
8.397538461538460730e-01
8.429202797202797193e-01
8.443860139860139835e-01
8.442853146853146473e-01
8.517034965034965266e-01
8.461986013986013688e-01
8.506853146853146086e-01
8.419804195804195812e-01
8.457958041958042461e-01
8.431104895104895025e-01
8.416000000000000147e-01
8.484475524475525443e-01
8.482909090909089844e-01
8.491972027972027881e-01
8.503944055944056002e-01
8.493538461538461259e-01
8.456951048951049099e-01
8.515580419580420779e-01
8.449006993006993316e-01
8.366433566433566504e-01
8.381986013986013617e-01
8.564363636363636623e-01
8.555188811188810805e-01
8.546125874125873878e-01
8.593118881118881891e-01
8.525202797202797722e-01
8.543328671328671575e-01
7.377118881118881477e-01
8.567608391608392271e-01
8.566489510489510018e-01
8.550265734265732886e-01
8.593230769230769672e-01
8.491972027972028991e-01
8.522853146853146544e-01
7.938461538461538680e-01
8.578349650349650357e-01
8.548475524475525056e-01
8.543104895104893792e-01
8.547468531468531694e-01
8.565594405594405547e-01
8.550937062937062905e-01
8.524867132867131048e-01
8.562685314685314353e-01
8.540083916083914817e-01
8.573762237762238003e-01
8.574881118881119146e-01
8.553398601398600753e-01
8.564139860139859950e-01
8.530461538461537874e-01
8.526657342657342209e-01
8.566153846153845564e-01
8.523860139860139906e-01
8.578461538461539249e-01
8.569622377622376774e-01
8.520615384615384258e-01
8.514797202797201869e-01
8.530573426573425655e-01
8.514909090909089651e-01
8.581370629370628222e-01
8.505286713286713818e-01
8.522069930069928745e-01
8.540755244755244835e-01
8.567608391608391161e-01
8.562461538461538790e-01
8.496223776223776891e-01
8.545118881118881626e-01
8.527552447552447790e-01
8.552839160839160737e-01
8.531132867132866782e-01
8.502377622377621513e-01
8.548251748251749493e-01
8.494545454545454621e-01
8.491412587412587865e-01
8.485594405594405476e-01
8.521622377622377620e-01
8.486377622377623275e-01
8.523076923076923217e-01
8.473398601398601793e-01
8.552727272727272956e-01
8.525426573426572174e-01
8.505062937062937145e-01
8.564923076923076639e-01
8.548699300699300618e-01
8.562125874125874336e-01
8.538629370629369220e-01
8.452475524475524526e-01
8.515804195804197452e-01
8.559216783216783142e-01
8.471944055944056196e-01
8.537958041958041422e-01
8.540419580419580381e-01
8.483132867132867627e-01
8.513118881118881820e-01
8.533370629370629068e-01
8.566601398601396689e-01
8.514237762237761853e-01
8.554629370629370788e-01
8.487272727272727746e-01
8.497454545454544705e-01
8.537286713286713624e-01
8.520615384615385368e-01
8.444867132867132087e-01
8.523972027972028798e-01
8.516699300699300812e-01
8.391720279720280562e-01
8.501706293706294826e-01
8.529118881118880058e-01
8.545678321678321643e-01
8.550041958041958434e-01
8.501258741258741480e-01
8.521062937062937603e-01
8.532811188811189052e-01
8.520727272727272039e-01
8.547580419580418365e-01
8.508419580419580575e-01
8.472951048951048447e-01
8.577006993006993651e-01
8.497230769230768033e-01
8.395972027972028462e-01
8.485370629370629914e-01
8.473734265734265136e-01
8.599720279720279859e-01
8.497230769230769143e-01
8.415440559440559021e-01
8.514237762237761853e-01
8.454825174825174594e-01
8.486041958041958821e-01
8.365426573426573142e-01
8.510433566433566188e-01
8.432895104895105076e-01
8.500699300699301464e-01
8.509986013986012843e-01
8.557762237762236435e-01
8.492531468531467898e-01
8.286657342657341996e-01
8.389482517482517165e-01
8.513118881118881820e-01
8.420587412587412501e-01
8.438601398601397463e-01
8.381426573426573601e-01
8.396419580419580697e-01
8.430433566433566117e-01
8.449006993006993316e-01
8.510321678321678407e-01
8.491972027972027881e-01
8.337454545454544563e-01
8.496000000000000218e-01
8.384111888111888122e-01
8.492419580419579006e-01
8.581258741258741551e-01
8.573650349650350222e-01
8.556755244755245293e-01
8.569174825174824539e-01
8.619300699300699309e-01
8.578125874125873684e-01
7.784615384615385381e-01
8.434909090909090690e-01
7.229202797202797237e-01
8.550377622377622888e-01
8.553846153846154099e-01
8.519048951048950880e-01
8.582041958041957130e-01
8.538293706293706986e-01
8.574209790209790238e-01
8.573650349650349112e-01
8.559552447552447596e-01
8.554293706293705224e-01
8.549034965034963962e-01
8.571636363636363498e-01
8.589202797202797335e-01
8.535272727272726900e-01
8.537398601398600295e-01
8.554405594405594115e-01
8.587748251748252848e-01
8.596587412587411992e-01
8.554069930069929661e-01
8.455496503496503502e-01
8.579468531468530390e-01
8.590097902097901805e-01
8.571636363636363498e-01
8.540195804195803708e-01
8.515916083916085233e-01
8.558321678321678672e-01
8.543328671328671575e-01
8.489062937062937797e-01
8.480895104895104231e-01
8.588867132867132881e-01
8.565258741258742203e-01
8.563580419580418823e-01
8.535272727272728011e-01
8.599944055944056531e-01
8.548251748251748383e-01
8.517706293706293064e-01
8.540419580419580381e-01
8.546909090909090567e-01
8.529230769230768949e-01
8.515132867132866323e-01
8.565482517482516656e-01
8.513342657342657382e-01
8.528671328671327823e-01
8.452923076923076762e-01
8.518713286713286426e-01
8.531356643356642344e-01
8.493650349650350151e-01
8.566377622377623346e-01
8.577342657342658105e-01
8.524979020979021049e-01
8.525986013986013301e-01
8.507188811188810540e-01
8.502041958041959280e-01
8.573090909090909095e-01
8.531356643356642344e-01
8.530013986013985638e-01
8.507076923076923869e-01
8.488839160839161124e-01
8.491300699300700083e-01
8.477090909090908566e-01
8.555972027972027494e-01
8.519048951048950880e-01
8.476307692307694097e-01
8.559552447552447596e-01
8.534825174825175775e-01
8.461650349650349234e-01
8.559552447552447596e-01
8.527776223776223352e-01
8.526993006993006663e-01
8.547020979020978348e-01
8.541762237762237087e-01
8.451916083916084510e-01
8.546909090909090567e-01
8.401678321678320849e-01
8.539412587412585909e-01
5.002741258741258967e-01
8.575664335664334725e-01
8.494881118881119075e-01
8.508867132867133920e-01
8.529790209790208966e-01
8.494993006993005746e-01
8.501370629370630372e-01
8.521398601398602057e-01
8.462881118881118159e-01
8.501818181818181497e-01
8.397090909090908495e-01
8.554965034965036352e-01
8.551944055944055156e-01
8.400559440559439706e-01
8.442853146853146473e-01
8.455720279720280175e-01
8.437258741258741868e-01
8.465118881118881555e-01
8.487720279720278871e-01
8.523076923076923217e-01
8.561566433566433210e-01
8.428419580419581614e-01
8.494433566433565730e-01
8.442741258741258692e-01
8.492531468531467898e-01
8.462881118881119269e-01
8.564587412587412185e-01
6.302433566433566225e-01
8.468251748251747202e-01
8.574769230769230255e-01
8.399104895104894108e-01
8.499636363636363656e-01
8.440279720279719733e-01
8.491524475524475646e-01
8.502825174825174859e-01
8.524083916083916579e-01
8.519720279720279787e-01
8.414321678321678988e-01
8.443076923076922036e-01
8.538629370629371440e-01
8.415216783216783458e-01
8.539188811188811457e-01
8.407720279720278800e-01
8.490853146853147848e-01
8.502601398601397076e-01
8.559328671328672034e-01
8.546013986013986097e-01
8.559440559440559815e-01
8.522741258741259873e-01
8.615832167832166988e-01
8.561454545454545428e-01
8.597930069930068697e-01
8.543888111888111592e-01
8.555300699300698586e-01
8.547804195804195038e-01
8.567384615384615598e-01
8.577902097902097012e-01
8.555972027972027494e-01
8.597146853146853118e-01
8.564363636363635512e-01
8.530909090909091219e-01
8.538629370629371440e-01
8.553398601398600753e-01
8.543664335664333809e-01
8.551496503496502921e-01
8.522293706293706528e-01
8.575216783216782490e-01
8.580251748251748189e-01
8.529118881118881168e-01
8.539524475524474800e-01
8.591216783216784059e-01
8.523524475524475452e-01
8.504279720279719346e-01
8.652307692307692477e-01
8.520839160839159820e-01
8.573538461538461330e-01
8.578237762237761466e-01
8.602293706293705489e-01
8.523412587412588781e-01
8.568951048951047866e-01
8.601958041958042145e-01
8.542881118881119340e-01
8.510321678321677297e-01
8.503608391608391548e-01
8.522405594405593199e-01
8.503048951048951531e-01
8.569062937062937868e-01
8.521846153846153182e-01
8.571972027972027952e-01
8.504839160839160472e-01
8.584839160839161654e-01
8.541986013986013759e-01
8.544111888111888264e-01
8.531132867132864561e-01
8.574769230769230255e-01
8.600279720279720985e-01
8.506181818181817178e-01
8.519832167832168679e-01
8.543104895104894903e-01
8.407496503496503237e-01
8.573986013986014676e-01
8.506069930069929397e-01
8.560559440559440958e-01
8.551832167832167375e-01
8.533818181818182413e-01
8.621650349650349376e-01
8.553062937062936300e-01
8.534937062937063557e-01
8.530909090909091219e-01
8.594237762237760814e-01
8.527888111888112244e-01
8.565930069930070001e-01
8.578349650349650357e-01
8.467580419580419404e-01
8.492531468531467898e-01
8.546797202797202786e-01
8.594125874125874143e-01
8.546685314685315005e-01
8.550041958041957324e-01
8.553846153846152989e-01
8.516699300699300812e-01
8.542993006993007121e-01
8.472503496503496212e-01
8.488279720279718887e-01
8.541874125874124868e-01
8.544447552447551608e-01
8.559664335664336487e-01
8.494993006993007967e-01
8.461874125874124797e-01
8.432223776223777278e-01
8.485818181818181039e-01
8.491636363636363427e-01
8.499020979020978084e-01
8.458853146853146932e-01
8.461874125874125907e-01
8.460979020979020326e-01
8.523972027972026577e-01
8.566153846153845564e-01
8.398657342657342983e-01
8.481454545454545357e-01
8.554181818181818553e-01
8.473846153846152918e-01
8.452587412587413418e-01
8.454041958041957905e-01
8.496335664335663562e-01
8.556083916083916385e-01
8.433566433566432874e-01
8.440727272727273078e-01
8.478769230769230836e-01
8.540083916083915927e-01
8.609790209790210147e-01
8.503384615384614875e-01
8.441174825174826424e-01
8.344503496503495876e-01
8.461090909090910328e-01
8.523076923076922107e-01
8.415888111888111256e-01
8.482797202797204283e-01
8.527440559440557788e-01
8.437482517482517430e-01
8.345734265734265911e-01
8.282293706293706315e-01
8.489174825174823358e-01
8.508531468531468356e-01
8.350433566433566046e-01
8.383328671328672543e-01
8.473734265734267357e-01
8.493538461538461259e-01
8.412979020979021172e-01
8.355804195804197310e-01
8.492195804195804554e-01
8.439272727272726371e-01
8.148811188811189155e-01
8.628699300699299579e-01
8.517034965034964156e-01
8.574657342657343584e-01
8.514237762237761853e-01
8.579580419580419282e-01
8.517482517482517501e-01
8.512447552447552912e-01
8.505622377622378272e-01
8.562013986013986555e-01
8.492643356643356789e-01
8.579356643356643719e-01
8.522629370629369872e-01
8.593902097902096360e-01
8.556643356643356402e-01
8.595692307692307521e-01
8.546125874125874988e-01
8.558097902097903109e-01
8.519160839160839771e-01
8.499580419580419210e-01
8.577790209790209230e-01
8.547692307692307256e-01
8.585734265734265014e-01
8.553174825174825191e-01
8.585958041958041687e-01
8.520279720279719804e-01
8.538181818181818095e-01
8.558881118881118688e-01
8.584391608391609418e-01
8.501930069930069278e-01
8.583384615384614946e-01
8.633174825174825262e-01
8.636755244755244254e-01
8.511664335664337333e-01
8.573314685314684658e-01
8.546909090909090567e-01
8.490517482517482284e-01
8.505510489510489380e-01
8.556139860139859721e-01
8.532587412587413489e-01
8.547916083916082819e-01
8.549034965034965072e-01
8.553286713286714082e-01
8.548699300699300618e-01
8.490069930069930049e-01
8.568839160839160085e-01
8.560447552447552066e-01
8.569622377622377885e-01
8.472615384615382883e-01
8.527888111888112244e-01
8.548587412587412837e-01
8.566937062937063363e-01
8.596923076923076446e-01
8.570853146853146809e-01
8.563916083916085498e-01
8.579356643356643719e-01
8.538741258741258111e-01
8.589314685314686226e-01
8.543104895104894903e-01
8.582713286713287149e-01
8.557650349650349764e-01
8.563580419580418823e-01
8.553846153846154099e-01
8.516139860139859685e-01
8.541762237762238197e-01
8.568951048951047866e-01
8.579244755244754828e-01
8.530125874125874530e-01
8.545006993006992735e-01
8.395636363636362898e-01
8.471272727272727288e-01
8.553846153846154099e-01
8.544783216783216062e-01
8.445986013986013230e-01
8.549482517482518418e-01
8.580475524475522642e-01
8.560335664335663175e-01
8.481118881118880903e-01
8.505174825174826037e-01
8.519048951048950880e-01
8.523524475524474342e-01
8.464000000000000412e-01
8.467244755244756060e-01
8.610685314685315728e-01
8.435692307692307379e-01
8.464895104895104883e-01
8.489174825174825578e-01
8.540195804195804818e-01
8.508643356643357247e-01
8.470041958041958363e-01
8.462881118881119269e-01
8.535384615384615792e-01
8.495328671328670200e-01
8.513790209790208507e-01
8.461426573426573672e-01
8.452587412587413418e-01
8.509538461538461718e-01
8.443076923076923146e-01
8.463104895104895942e-01
8.479552447552447525e-01
8.557202797202797528e-01
8.480895104895105341e-01
8.418909090909091342e-01
8.472167832167831758e-01
8.507972027972028339e-01
8.528223776223776698e-01
8.428083916083917160e-01
8.348643356643355995e-01
8.505510489510488270e-01
8.436139860139859614e-01
8.424951048951048183e-01
8.473174825174825120e-01
8.527440559440560008e-01
8.494657342657343513e-01
8.387020979020980427e-01
8.424167832167832604e-01
8.460419580419580310e-01
8.378517482517482406e-01
8.550041958041958434e-01
8.535048951048951338e-01
8.405706293706293186e-01
8.401118881118880832e-01
8.560223776223776504e-01
8.505510489510490491e-01
8.490629370629371175e-01
8.579916083916083736e-01
8.444419580419579852e-01
8.431216783216782806e-01
8.303104895104894689e-01
8.582489510489509366e-01
8.567160839160840036e-01
8.569622377622376774e-01
8.538853146853147003e-01
8.522181818181817636e-01
8.579916083916083736e-01
8.520503496503497587e-01
8.551160839160839577e-01
8.557650349650349764e-01
8.528559440559440041e-01
8.535720279720280246e-01
8.586405594405595032e-01
8.539188811188811457e-01
8.539524475524474800e-01
8.602181818181817707e-01
8.571524475524474607e-01
8.539524475524475911e-01
8.570741258741260138e-01
8.521398601398602057e-01
8.548699300699300618e-01
8.552503496503496283e-01
8.566825174825175582e-01
8.561566433566434320e-01
8.550265734265733997e-01
8.567048951048952254e-01
8.520503496503496477e-01
8.467916083916083858e-01
8.554629370629369678e-01
8.555076923076923023e-01
8.564139860139861060e-01
8.571188811188811263e-01
8.582825174825174930e-01
8.499132867132868085e-01
8.569734265734265666e-01
8.540755244755244835e-01
8.542209790209791542e-01
8.550937062937062905e-01
8.524643356643357706e-01
8.511440559440559550e-01
8.540643356643355943e-01
8.548699300699300618e-01
8.548475524475525056e-01
8.583608391608391619e-01
8.535720279720280246e-01
8.549034965034965072e-01
8.583496503496503838e-01
8.499468531468532539e-01
8.552503496503496283e-01
8.548587412587413947e-01
8.512000000000000677e-01
8.454713286713287923e-01
8.474405594405595155e-01
8.528111888111887806e-01
8.576783216783216979e-01
8.518489510489510863e-01
8.526097902097903303e-01
8.571188811188810153e-01
8.530573426573426765e-01
8.508867132867132810e-01
8.482685314685314282e-01
8.520615384615385368e-01
8.424727272727272620e-01
8.518153846153846409e-01
8.527328671328671117e-01
8.536055944055944700e-01
8.484811188811188787e-01
8.569734265734265666e-01
8.477426573426573020e-01
8.543776223776223810e-01
8.519720279720278677e-01
8.546013986013984987e-01
8.490293706293706721e-01
8.570629370629370136e-01
8.537622377622378078e-01
8.546573426573427223e-01
8.596139860139859756e-01
8.486489510489511057e-01
8.523300699300699890e-01
8.472839160839161776e-01
8.523076923076923217e-01
8.460307692307693639e-01
8.550265734265733997e-01
8.479328671328671962e-01
8.527440559440560008e-01
8.472391608391608431e-01
8.569062937062936758e-01
8.536391608391608044e-01
8.528335664335664479e-01
8.517146853146853047e-01
8.494433566433566840e-01
8.454713286713284592e-01
8.428195804195803831e-01
8.449678321678321113e-01
8.517482517482517501e-01
8.509314685314685045e-01
8.592671328671328546e-01
8.433902097902097328e-01
8.574433566433568021e-01
8.382657342657342525e-01
8.562909090909089915e-01
8.530685314685314546e-01
8.549258741258741745e-01
8.476643356643356331e-01
8.500251748251748118e-01
8.570517482517482355e-01
8.531356643356642344e-01
8.516363636363636358e-01
8.470489510489510598e-01
8.549930069930068433e-01
8.473062937062936228e-01
8.524867132867132158e-01
8.447552447552446608e-01
8.425734265734265982e-01
8.505062937062937145e-01
8.417118881118881291e-01
8.505398601398600489e-01
8.354013986013985038e-01
8.474517482517481826e-01
8.381650349650350273e-01
8.362293706293706386e-01
8.523972027972028798e-01
8.464335664335663756e-01
8.455832167832165736e-01
8.465790209790210463e-01
8.495888111888112437e-01
8.450349650349650021e-01
8.554181818181817443e-01
8.528335664335664479e-01
7.636811188811188922e-01
7.271608391608392896e-01
7.366489510489511172e-01
6.579356643356643053e-01
6.538293706293707430e-01
7.824895104895104314e-01
7.290853146853146782e-01
7.284699300699299940e-01
7.280447552447552040e-01
7.958377622377621474e-01
7.261986013986014843e-01
6.696055944055943066e-01
6.694153846153845233e-01
7.203580419580419836e-01
7.304615384615384954e-01
7.309986013986013997e-01
7.226405594405593824e-01
8.053034965034965298e-01
7.272895104895104046e-01
6.751104895104894643e-01
7.252419580419580125e-01
7.205594405594405449e-01
7.267020979020978322e-01
6.666629370629369999e-01
8.365986013986014269e-01
7.330013986013986793e-01
8.521174825174824274e-01
7.222601398601399270e-01
7.528279720279720255e-01
7.287720279720280026e-01
6.476643356643356775e-01
7.318601398601398689e-01
8.397986013986012965e-01
8.524867132867133268e-01
8.565930069930070001e-01
7.190153846153846118e-01
8.509874125874126172e-01
8.553286713286714082e-01
7.344111888111887199e-01
7.162293706293706430e-01
5.153062937062936610e-01
8.481902097902097593e-01
8.363244755244756412e-01
7.424615384615383951e-01
8.563132867132867698e-01
7.354293706293706379e-01
8.531020979020977890e-01
8.503944055944056002e-01
7.303832167832168265e-01
8.461426573426573672e-01
8.565594405594405547e-01
7.286713286713286664e-01
7.216111888111887973e-01
8.454489510489511250e-01
8.525874125874124410e-01
8.324363636363636409e-01
8.547692307692308367e-01
7.354965034965035287e-01
8.503608391608392658e-01
8.491636363636363427e-01
8.508755244755245029e-01
7.334937062937063601e-01
7.319160839160839815e-01
8.444755244755245416e-01
7.058797202797202353e-01
8.534041958041957976e-01
8.553734265734266318e-01
8.524195804195804360e-01
7.394797202797203095e-01
8.476643356643357441e-01
8.547916083916083929e-01
8.336447552447552312e-01
8.493090909090907914e-01
8.559552447552447596e-01
8.519944055944055350e-01
8.542433566433567105e-01
8.513006993006991818e-01
8.482797202797202063e-01
8.482461538461538719e-01
7.365258741258741138e-01
8.491524475524474536e-01
8.442181818181818675e-01
8.530685314685315657e-01
8.511552447552448442e-01
8.471384615384615069e-01
8.463888111888111521e-01
7.378349650349650402e-01
8.420363636363635829e-01
8.593790209790210799e-01
7.343888111888112746e-01
8.516699300699299702e-01
8.572083916083915733e-01
8.538517482517482549e-01
8.537398601398601405e-01
8.545902097902098316e-01
8.588755244755243989e-01
8.478433566433567492e-01
8.468811188811189439e-01
8.527328671328672227e-01
8.548811188811188400e-01
8.243244755244755195e-01
7.348027972027970645e-01
8.521398601398602057e-01
7.196531468531468523e-01
7.331916083916083515e-01
7.341706293706293796e-01
7.212195804195803417e-01
8.229090909090909234e-01
8.412083916083916701e-01
8.526321678321677755e-01
8.463216783216783723e-01
8.070265734265734681e-01
8.462321678321678142e-01
8.358489510489510721e-01
8.507300699300700542e-01
8.401902097902098632e-01
8.529118881118882278e-01
7.192727272727272858e-01
8.589314685314686226e-01
8.471048951048949505e-01
8.334209790209790025e-01
8.488279720279718887e-01
8.408055944055943254e-01
8.467132867132867169e-01
8.380643356643356912e-01
8.488167832167832216e-01
8.459524475524474729e-01
8.490853146853147848e-01
7.327216783216783380e-01
7.219916083916084748e-01
7.279440559440559788e-01
7.467188811188810726e-01
8.586741258741258376e-01
7.517090909090908823e-01
7.763020979020979206e-01
6.621538461538460929e-01
6.900139860139860026e-01
6.639664335664334782e-01
7.375104895104895864e-01
7.306629370629370568e-01
7.760671328671328029e-01
7.225622377622377135e-01
7.286265734265735539e-01
7.262209790209790405e-01
7.179300699300699140e-01
8.472727272727271774e-01
7.207160839160838828e-01
8.512671328671328475e-01
7.249790209790210049e-01
7.722853146853146944e-01
7.378685314685315966e-01
7.294321678321677993e-01
7.972923076923076335e-01
7.594293706293706592e-01
7.268027972027971684e-01
8.482461538461538719e-01
7.299356643356643692e-01
7.396587412587412036e-01
8.541426573426572633e-01
7.340251748251747088e-01
8.484083916083915433e-01
8.586517482517481703e-01
5.000000000000000000e-01
7.312335664335664065e-01
7.229314685314685018e-01
8.481118881118880903e-01
8.444195804195804289e-01
7.222489510489510378e-01
8.559104895104895361e-01
7.266349650349649414e-01
7.419748251748252699e-01
8.130125874125874175e-01
7.966769230769230603e-01
7.249678321678321158e-01
7.657958041958041751e-01
7.239272727272727526e-01
7.344111888111888309e-01
8.572867132867132423e-01
7.302041958041957104e-01
8.545342657342658299e-01
8.283748251748251912e-01
8.039384615384616017e-01
8.343944055944056970e-01
8.290909090909091006e-01
8.523748251748252125e-01
7.154461538461538428e-01
7.848951048951049447e-01
8.519944055944055350e-01
8.547244755244756131e-01
8.532139860139860144e-01
8.509762237762237280e-01
8.402125874125874194e-01
7.265790209790209397e-01
5.000000000000000000e-01
7.319160839160839815e-01
8.481342657342656466e-01
8.549706293706293980e-01
7.282013986013986528e-01
8.494657342657343513e-01
8.433454545454543982e-01
8.501370629370629262e-01
7.214209790209791251e-01
7.341762237762238241e-01
8.549482517482517308e-01
8.523972027972027687e-01
7.262545454545454859e-01
7.370013986013985718e-01
7.101090909090909120e-01
7.375664335664335880e-01
8.419132867132866904e-01
8.546013986013986097e-01
8.544335664335663827e-01
8.491300699300698973e-01
7.400951048951047717e-01
7.187468531468531596e-01
8.489622377622376703e-01
7.317482517482517546e-01
8.226965034965034729e-01
7.205706293706293231e-01
8.465006993006992664e-01
7.288839160839161169e-01
7.182153846153846999e-01
7.234797202797202953e-01
5.000000000000000000e-01
7.308531468531468400e-01
8.432111888111888387e-01
8.459972027972028075e-01
8.474965034965035171e-01
8.484587412587412114e-01
8.453146853146853434e-01
7.153230769230769504e-01
7.356755244755244227e-01
8.473958041958041809e-01
7.717594405594405682e-01
8.461818181818181461e-01
7.337454545454545896e-01
7.291748251748252363e-01
8.379524475524474658e-01
8.391608391608391671e-01
8.466013986013987136e-01
8.468923076923077220e-01
5.000000000000000000e-01
8.524307692307693252e-01
8.441174825174824203e-01
8.440055944055944170e-01
8.456839160839160208e-01
5.282629370629371435e-01
5.000000000000000000e-01
8.441510489510489768e-01
5.000000000000000000e-01
8.410517482517483323e-01
7.319944055944056505e-01
8.343160839160838060e-01
7.286937062937063336e-01
7.243748251748252098e-01
7.324195804195804405e-01
6.653986013986014081e-01
7.821650349650349776e-01
7.276195804195804140e-01
7.176055944055943492e-01
7.255944055944055782e-01
7.287048951048950007e-01
7.214657342657342376e-01
7.780475524475524152e-01
7.888223776223777239e-01
6.624783216783216577e-01
7.333426573426573558e-01
6.597258741258742454e-01
7.306293706293706114e-01
7.208727272727273316e-01
7.855552447552447415e-01
7.356755244755244227e-01
8.459076923076922494e-01
8.655216783216783671e-01
7.338461538461539257e-01
6.999384615384615094e-01
7.871776223776222325e-01
7.286825174825175555e-01
7.268531468531469475e-01
7.168559440559441054e-01
7.298797202797202566e-01
7.314461538461538570e-01
6.668531468531468942e-01
7.320839160839160975e-01
7.567888111888112501e-01
6.481846153846153591e-01
8.487048951048952183e-01
8.418293706293706880e-01
7.364475524475524448e-01
7.687496503496503708e-01
8.526993006993006663e-01
8.002013986013986058e-01
8.521062937062936493e-01
7.730237762237761601e-01
7.145286713286713720e-01
8.555860139860138602e-01
7.309314685314685089e-01
7.994405594405594728e-01
8.519608391608392006e-01
8.399104895104894108e-01
7.300587412587412617e-01
7.348195804195805092e-01
8.339916083916084633e-01
7.339524475524474845e-01
8.558769230769230907e-01
8.579468531468531500e-01
8.462993006993007050e-01
7.429034965034965188e-01
7.225062937062938229e-01
7.315020979020978587e-01
8.522405594405594309e-01
8.579580419580419282e-01
8.456391608391607972e-01
8.516699300699300812e-01
8.498797202797203632e-01
8.555300699300698586e-01
8.496000000000000218e-01
7.640223776223775687e-01
8.545566433566433862e-01
7.247776223776223326e-01
7.216000000000000192e-01
8.500027972027972556e-01
8.513678321678321836e-01
8.490181818181816720e-01
7.543496503496502914e-01
7.304615384615384954e-01
8.577678321678322559e-01
7.114685314685315065e-01
8.435804195804195160e-01
7.297678321678322533e-01
7.290517482517482328e-01
7.306125874125873887e-01
8.498909090909090303e-01
7.165146853146853179e-01
7.434293706293706450e-01
8.461314685314685891e-01
8.546797202797202786e-01
8.534153846153844647e-01
8.519048951048951990e-01
7.197538461538461885e-01
7.728671328671329332e-01
7.289958041958042312e-01
7.722125874125873590e-01
7.305958041958042770e-01
7.290853146853147893e-01
7.814265734265735119e-01
5.000000000000000000e-01
8.529566433566434513e-01
8.339076923076922387e-01
6.269034965034964157e-01
8.521622377622376510e-01
7.450741258741259143e-01
8.544447552447551608e-01
7.234685314685314061e-01
7.335272727272728055e-01
5.000000000000000000e-01
8.419132867132866904e-01
7.451524475524473612e-01
7.304335664335663836e-01
7.156139860139860698e-01
8.481902097902096482e-01
8.571972027972027952e-01
7.334713286713285818e-01
8.451916083916083400e-01
8.488615384615383341e-01
7.246489510489509955e-01
6.332083916083914854e-01
8.451916083916084510e-01
7.285034965034965504e-01
8.476867132867133003e-01
8.457958041958042461e-01
5.000000000000000000e-01
8.507748251748251667e-01
5.015384615384614886e-01
8.459972027972026964e-01
5.000000000000000000e-01
7.085202797202796443e-01
4.953846153846153677e-01
7.136839160839160145e-01
5.000000000000000000e-01
7.288895104895103394e-01
8.258573426573425635e-01
7.309986013986013997e-01
7.341202797202797115e-01
7.712671328671329984e-01
7.284811188811188831e-01
7.948867132867133423e-01
7.143944055944055904e-01
8.578349650349650357e-01
7.757090909090907926e-01
8.581370629370628222e-01
7.875356643356642428e-01
7.416727272727273723e-01
8.488055944055943325e-01
7.237146853146853021e-01
8.605650349650350028e-01
7.219356643356642511e-01
6.715636363636363626e-01
7.318657342657342024e-01
6.558881118881119132e-01
8.164139860139860705e-01
8.148139860139860247e-01
8.570181818181817901e-01
8.508979020979020591e-01
8.556083916083916385e-01
8.571860139860139061e-01
8.569174825174825649e-01
8.534489510489510211e-01
8.555076923076923023e-01
8.525650349650348847e-01
8.545678321678322753e-01
8.548699300699300618e-01
8.584839160839159433e-01
8.489398601398602251e-01
7.929398601398600643e-01
8.530349650349650092e-01
8.566153846153845564e-01
8.536055944055944700e-01
8.525426573426573285e-01
7.878825174825174749e-01
8.579692307692307063e-01
8.543440559440559356e-01
8.575552447552448054e-01
8.491412587412587865e-01
8.489958041958041157e-01
8.511104895104895096e-01
8.563020979020978807e-01
8.549370629370629526e-01
8.482797202797202063e-01
8.577230769230770324e-01
8.497118881118881362e-01
8.543440559440560467e-01
8.514125874125872961e-01
8.487272727272727746e-01
8.488279720279719998e-01
8.531916083916083471e-01
8.535944055944056919e-01
8.557202797202797528e-01
8.521958041958042074e-01
8.600055944055944313e-01
8.558657342657343126e-01
8.521510489510488728e-01
8.508755244755243918e-01
8.562125874125873226e-01
8.557090909090908637e-01
8.558993006993007580e-01
8.590993006993008496e-01
8.549594405594405089e-01
8.589762237762237351e-01
8.483916083916083206e-01
8.492083916083916773e-01
8.519048951048950880e-01
8.532475524475524598e-01
8.535384615384614682e-01
8.560335664335663175e-01
8.497902097902096941e-01
8.539972027972027036e-01
8.508195804195805012e-01
8.541314685314685962e-01
8.470041958041957253e-01
8.472951048951048447e-01
8.524755244755245487e-01
8.536167832167833591e-01
8.358209790209789602e-01
8.524195804195804360e-01
8.534153846153846867e-01
8.612251748251749106e-01
8.461986013986013688e-01
8.499132867132866975e-01
8.503776223776222665e-01
8.485594405594405476e-01
8.460307692307691418e-01
8.524643356643356595e-01
8.514125874125874072e-01
8.466349650349650480e-01
8.577678321678321449e-01
8.580811188811188206e-01
8.516699300699300812e-01
8.543664335664336029e-01
8.557986013986011997e-01
8.477762237762237474e-01
8.304783216783216959e-01
8.291020979020978787e-01
8.441062937062937532e-01
8.462769230769231488e-01
8.544000000000000483e-01
8.450573426573426694e-01
8.457622377622376897e-01
8.473286713286714011e-01
8.520055944055944241e-01
8.516811188811188593e-01
8.510321678321678407e-01
8.536727272727272497e-01
8.550265734265733997e-01
8.561566433566434320e-01
8.454489510489510140e-01
8.496447552447552454e-01
8.482349650349649828e-01
8.380419580419581349e-01
8.485706293706293257e-01
8.543776223776224921e-01
8.502937062937062640e-01
8.539748251748251473e-01
8.625790209790209495e-01
8.415776223776223475e-01
8.480895104895105341e-01
8.369678321678321042e-01
8.242909090909090741e-01
8.461762237762238126e-01
8.515244755244754105e-01
8.462209790209790361e-01
8.466909090909090496e-01
7.220027972027971419e-01
7.734377622377621719e-01
7.226629370629370497e-01
7.911496503496502353e-01
6.531580419580418351e-01
7.347692307692307301e-01
8.571860139860139061e-01
7.217902097902098024e-01
7.278993006993006443e-01
8.275916083916083910e-01
8.046993006993008457e-01
7.277202797202797502e-01
7.291636363636363471e-01
7.241958041958042047e-01
7.379356643356642653e-01
7.219580419580419184e-01
8.523860139860139906e-01
8.521174825174825385e-01
8.567720279720280052e-01
8.561790209790209882e-01
7.237594405594405256e-01
7.226853146853146059e-01
8.526769230769231100e-01
8.547244755244755021e-01
8.579580419580419282e-01
7.850069930069929480e-01
8.590993006993007386e-01
8.547692307692307256e-01
8.546349650349649441e-01
8.567048951048950034e-01
8.574769230769231365e-01
8.537062937062936951e-01
8.563020979020978807e-01
8.534377622377622430e-01
7.231888111888110648e-01
8.552391608391607392e-01
7.260811188811188144e-01
8.534489510489510211e-01
8.562573426573426572e-01
8.564251748251747731e-01
8.551272727272727359e-01
8.511440559440559550e-01
8.544671328671329391e-01
8.537622377622378078e-01
8.543328671328671575e-01
8.504279720279719346e-01
8.569622377622376774e-01
8.516923076923076374e-01
8.549930069930071763e-01
8.551944055944056267e-01
8.565146853146854422e-01
8.578461538461538138e-01
8.406377622377622094e-01
8.516139860139859685e-01
8.469034965034965001e-01
8.519832167832167569e-01
8.511440559440559550e-01
8.578797202797201482e-01
8.529342657342657841e-01
8.514573426573427417e-01
8.541874125874125978e-01
8.560335664335665395e-01
8.477538461538460801e-01
8.549370629370629526e-01
8.479440559440559744e-01
8.495216783216783529e-01
8.436027972027971833e-01
8.553174825174825191e-01
8.538517482517482549e-01
8.541314685314684851e-01
8.555972027972027494e-01
8.479104895104895290e-01
8.522517482517482090e-01
8.528000000000000025e-01
8.531356643356642344e-01
8.568839160839161195e-01
8.547468531468531694e-01
6.780531468531468819e-01
8.527776223776223352e-01
8.520951048951048712e-01
8.466349650349649369e-01
8.624223776223776117e-01
8.497342657342656924e-01
8.482797202797202063e-01
8.600279720279719875e-01
8.521958041958042074e-01
8.501146853146852589e-01
8.500923076923075916e-01
8.530237762237762311e-01
8.540979020979020397e-01
8.474517482517482936e-01
8.482797202797203173e-01
8.502041958041957059e-01
8.505286713286713818e-01
8.499244755244754757e-01
8.566825174825174471e-01
8.508867132867132810e-01
8.581930069930070459e-01
8.450573426573426694e-01
8.517930069930069736e-01
8.557202797202798639e-01
8.518489510489510863e-01
8.490181818181816720e-01
8.547020979020978348e-01
8.419804195804195812e-01
8.506629370629370523e-01
8.497454545454545816e-01
8.488055944055945545e-01
8.499916083916083664e-01
8.532363636363636816e-01
8.365202797202797580e-01
8.364531468531467562e-01
8.414433566433565659e-01
8.407496503496503237e-01
8.469258741258740564e-01
8.426181818181818217e-01
8.447552447552448829e-01
8.401566433566431957e-01
8.484251748251748770e-01
8.423048951048950350e-01
8.347860139860140416e-01
8.507300699300699431e-01
8.545118881118880516e-01
8.442405594405594238e-01
8.552839160839160737e-01
8.513342657342657382e-01
8.468699300699301658e-01
8.396979020979020714e-01
7.975272727272726403e-01
8.565370629370629985e-01
8.556531468531468620e-01
8.555076923076923023e-01
7.268363636363636138e-01
8.601958041958041035e-01
8.544223776223776046e-01
7.211860139860140073e-01
7.245426573426574368e-01
8.534265734265734649e-01
8.614937062937062517e-01
7.219804195804195857e-01
8.559552447552448706e-01
7.267692307692307230e-01
8.583048951048950492e-01
8.535384615384615792e-01
8.522853146853147654e-01
8.522181818181817636e-01
8.561902097902097664e-01
8.558097902097901999e-01
8.538741258741258111e-01
8.588531468531468427e-01
8.568503496503496741e-01
8.567944055944055615e-01
8.552167832167832939e-01
8.582041958041957130e-01
8.556867132867133074e-01
8.486601398601398838e-01
8.578013986013985903e-01
7.642629370629370200e-01
8.544335664335664937e-01
8.525202797202796612e-01
8.525650349650349957e-01
8.528111888111887806e-01
8.538853146853147003e-01
8.507188811188810540e-01
8.536615384615385826e-01
8.558209790209789780e-01
8.555524475524476369e-01
8.631944055944056338e-01
8.578573426573427030e-01
8.533146853146852395e-01
8.496223776223776891e-01
8.508307692307692793e-01
8.532811188811189052e-01
8.528391608391607814e-01
8.552391608391609612e-01
8.513790209790208507e-01
8.537062937062938062e-01
8.489398601398601141e-01
8.512895104895104037e-01
8.503272727272725984e-01
8.518937062937063098e-01
8.520279720279719804e-01
8.435916083916082941e-01
8.574545454545454692e-01
8.515356643356644106e-01
8.502825174825174859e-01
8.542209790209791542e-01
8.517482517482517501e-01
8.525986013986014411e-01
8.537062937062936951e-01
8.513006993006994039e-01
8.554181818181817443e-01
8.497342657342658034e-01
8.570293706293706792e-01
8.494881118881119075e-01
8.432223776223775058e-01
8.557538461538460872e-01
8.596139860139859756e-01
8.547244755244753911e-01
8.608783216783216785e-01
8.503944055944056002e-01
8.519944055944055350e-01
8.549258741258741745e-01
8.583832167832168292e-01
8.553174825174825191e-01
8.582265734265733803e-01
8.495216783216782419e-01
8.549818181818182872e-01
8.482349650349650938e-01
8.514349650349650744e-01
8.492531468531469008e-01
8.581370629370629333e-01
8.438713286713286355e-01
8.447440559440558827e-01
8.507972027972028339e-01
8.493314685314685697e-01
8.517482517482517501e-01
8.526881118881117771e-01
8.525538461538461066e-01
8.522405594405595419e-01
8.527216783216784446e-01
8.498573426573428069e-01
8.524531468531468814e-01
8.587076923076921720e-01
8.545678321678321643e-01
8.487720279720279981e-01
8.564139860139861060e-01
5.000000000000000000e-01
8.539636363636363692e-01
5.019468531468531669e-01
6.244475524475524564e-01
8.492307692307692335e-01
8.444083916083915398e-01
8.455832167832167956e-01
8.414545454545454550e-01
8.498797202797202521e-01
8.466237762237762698e-01
8.435244755244755144e-01
8.371356643356643312e-01
8.501370629370630372e-01
8.392503496503497251e-01
8.465230769230769337e-01
8.370685314685315515e-01
8.438937062937063027e-01
8.489846153846154486e-01
8.425510489510489309e-01
8.473398601398600682e-01
5.000000000000000000e-01
8.399608391608390789e-01
8.494209790209790167e-01
4.981818181818181701e-01
8.382321678321678071e-01
8.477762237762238584e-01
8.603076923076922178e-01
8.481342657342656466e-01
8.486265734265734384e-01
8.594685314685314159e-01
8.566489510489510018e-01
8.571972027972026842e-01
8.558881118881118688e-01
8.553846153846154099e-01
8.544895104895104954e-01
8.559216783216783142e-01
8.531244755244754563e-01
8.568615384615385633e-01
8.464783216783217101e-01
8.583720279720279400e-01
8.522405594405594309e-01
8.556307692307691948e-01
8.672671328671328617e-01
8.579916083916082625e-01
8.551496503496504031e-01
8.588755244755243989e-01
8.539300699300699238e-01
8.662041958041958312e-01
8.509650349650350609e-01
8.617398601398600366e-01
8.590097902097901805e-01
8.513006993006992928e-01
8.527328671328671117e-01
8.585846153846153905e-01
8.591104895104895167e-01
8.535496503496503573e-01
8.561454545454545428e-01
8.559664335664335377e-01
8.551832167832167375e-01
8.563804195804195496e-01
8.470489510489511709e-01
8.512335664335662910e-01
8.555076923076923023e-01
8.498797202797202521e-01
8.530125874125873420e-01
8.521174825174825385e-01
8.475580419580419633e-01
8.571524475524476827e-01
8.506517482517482742e-01
8.536727272727273608e-01
8.487160839160838854e-01
8.490069930069930049e-01
8.549930069930069543e-01
8.588531468531469537e-01
8.513454545454544053e-01
8.579356643356643719e-01
8.462881118881118159e-01
8.557202797202796418e-01
8.469146853146853893e-01
8.550041958041956214e-01
8.491636363636363427e-01
8.571860139860140171e-01
8.452363636363635635e-01
8.550489510489509559e-01
8.540083916083915927e-01
8.442069930069930894e-01
8.500923076923077026e-01
8.540419580419580381e-01
8.517146853146853047e-01
8.506405594405593851e-01
8.491412587412587865e-01
8.452475524475525637e-01
8.581706293706292676e-01
8.470713286713287271e-01
8.551160839160838467e-01
8.409734265734265524e-01
8.552839160839161847e-01
8.569398601398601212e-01
8.448447552447552189e-01
8.524531468531468814e-01
8.537398601398601405e-01
8.519832167832166459e-01
8.536503496503498045e-01
8.564923076923076639e-01
8.507748251748252777e-01
8.580027972027972627e-01
8.536167832167831371e-01
8.550825174825176234e-01
8.537846153846153641e-01
8.505846153846153834e-01
8.403244755244755337e-01
8.477090909090908566e-01
8.456951048951049099e-01
8.456839160839162428e-01
8.526993006993006663e-01
8.445426573426573214e-01
8.572755244755243531e-01
8.436307692307691841e-01
8.483132867132867627e-01
8.428755244755244957e-01
8.482909090909090954e-01
8.486041958041957711e-01
8.504055944055944893e-01
8.533370629370630178e-01
8.523972027972028798e-01
8.426405594405594890e-01
8.507300699300698321e-01
8.362405594405594167e-01
8.400223776223776362e-01
8.563804195804195496e-01
8.446209790209791013e-01
8.420587412587413612e-01
8.531580419580420127e-01
8.566937062937063363e-01
8.406153846153845421e-01
8.476867132867133003e-01
8.511999999999999567e-01
8.491860139860140100e-01
8.470489510489509488e-01
8.370797202797203296e-01
8.435468531468530706e-01
8.557314685314684199e-01
8.531580419580419017e-01
8.410405594405594432e-01
8.456391608391607972e-01
8.351664335664336081e-01
8.434909090909090690e-01
8.442517482517483129e-01
8.541986013986014870e-01
8.436475524475524068e-01
8.492419580419580116e-01
8.298293706293706773e-01
8.459860139860140293e-01
8.555524475524475259e-01
8.376839160839161247e-01
8.388587412587411585e-01
8.492307692307692335e-01
8.555300699300699696e-01
8.548923076923077291e-01
8.594909090909090832e-01
8.525762237762236628e-01
8.538181818181818095e-01
8.524251748251747696e-01
8.619076923076922636e-01
8.560111888111888723e-01
8.553622377622378536e-01
8.559328671328672034e-01
8.578685314685314811e-01
8.575999999999999179e-01
8.536167832167831371e-01
8.540867132867133726e-01
8.541202797202797070e-01
8.552839160839160737e-01
8.563692307692307715e-01
8.561006993006993193e-01
8.521958041958042074e-01
8.580699300699300425e-01
8.583944055944054963e-01
8.549146853146853964e-01
8.519720279720279787e-01
8.479664335664335306e-01
8.507188811188812760e-01
8.578237762237763686e-01
8.502825174825174859e-01
8.550377622377621778e-01
8.509314685314685045e-01
8.505958041958041616e-01
8.556531468531468620e-01
8.554741258741258569e-01
8.573538461538461330e-01
8.532699300699300160e-01
8.540419580419580381e-01
8.546685314685312784e-01
8.543552447552448248e-01
8.503944055944057112e-01
8.572867132867133533e-01
8.509090909090908372e-01
8.532251748251749035e-01
8.613594405594404702e-01
8.531132867132866782e-01
8.505622377622377162e-01
8.551944055944056267e-01
8.451916083916084510e-01
8.463552447552447067e-01
8.534937062937063557e-01
8.576895104895104760e-01
8.536279720279720262e-01
8.534041958041959086e-01
8.573538461538461330e-01
8.525314685314685503e-01
8.465342657342657118e-01
8.511888111888110675e-01
8.560895104895105412e-01
8.448671328671329972e-01
8.519048951048950880e-01
8.507412587412587213e-01
8.534825174825176886e-01
8.460419580419580310e-01
8.551944055944056267e-01
8.524867132867133268e-01
8.511328671328671769e-01
8.425958041958041544e-01
8.557426573426571981e-01
8.404587412587412043e-01
8.486825174825175511e-01
8.448335664335663298e-01
8.445874125874125449e-01
8.516139860139859685e-01
8.440055944055943060e-01
8.478881118881120837e-01
8.513230769230768491e-01
8.522405594405595419e-01
8.545118881118881626e-01
8.491860139860138990e-01
8.529118881118881168e-01
8.535272727272728011e-01
8.502153846153845951e-01
8.479552447552447525e-01
8.517482517482518611e-01
8.580923076923077097e-01
8.574657342657343584e-01
8.491748251748252319e-01
8.560223776223776504e-01
8.429426573426572755e-01
8.488503496503496670e-01
8.488279720279719998e-01
8.602629370629371053e-01
8.487384615384616637e-01
8.425958041958042655e-01
8.442741258741259802e-01
8.564027972027972169e-01
8.548251748251748383e-01
8.472167832167831758e-01
8.534937062937062446e-01
8.464783216783215991e-01
8.514573426573425197e-01
8.428307692307692722e-01
8.411412587412587794e-01
8.496335664335663562e-01
8.542657342657343778e-01
8.453818181818182342e-01
8.487384615384614417e-01
8.460307692307691418e-01
8.535272727272726900e-01
8.543104895104894903e-01
8.327496503496504276e-01
8.518937062937061988e-01
8.569286713286712320e-01
8.428755244755246068e-01
8.396979020979020714e-01
8.473958041958042919e-01
8.578461538461538138e-01
8.434461538461538455e-01
8.479664335664335306e-01
8.407272727272727675e-01
8.487608391608392200e-01
8.537958041958041422e-01
8.480895104895105341e-01
8.548027972027972821e-01
8.438153846153846338e-01
8.406041958041957640e-01
8.373930069930070053e-01
8.437258741258741868e-01
8.451132867132866711e-01
8.423944055944054821e-01
8.540475524475524827e-01
8.570629370629370136e-01
8.562013986013986555e-01
8.523300699300699890e-01
8.555300699300698586e-01
8.555524475524475259e-01
8.575328671328670271e-01
8.574657342657343584e-01
8.587076923076922830e-01
8.561006993006994303e-01
8.540083916083915927e-01
8.540755244755244835e-01
8.510433566433565078e-01
8.560223776223776504e-01
8.560671328671329849e-01
8.540643356643355943e-01
8.582377622377622695e-01
8.539860139860140364e-01
8.540307692307692600e-01
8.589426573426572897e-01
8.567720279720280052e-01
8.570965034965034590e-01
8.557650349650349764e-01
8.578013986013985903e-01
8.555524475524475259e-01
8.530909090909091219e-01
8.562349650349649899e-01
8.576559440559439196e-01
8.566265734265734455e-01
8.557986013986013107e-01
8.552839160839160737e-01
8.522181818181818747e-01
8.520951048951049822e-01
8.526769230769229990e-01
8.550489510489510669e-01
8.470377622377622817e-01
8.526657342657342209e-01
8.570181818181816791e-01
8.505286713286712708e-01
8.583048951048951603e-01
8.532139860139860144e-01
8.560223776223776504e-01
8.526993006993006663e-01
8.538741258741259221e-01
8.561678321678322101e-01
8.556083916083916385e-01
8.485482517482516585e-01
8.494657342657343513e-01
8.516811188811189703e-01
8.543104895104896013e-01
8.472167832167831758e-01
8.498013986013985832e-01
8.523860139860139906e-01
8.463888111888112631e-01
8.464895104895104883e-01
8.583832167832168292e-01
8.508195804195803902e-01
8.523300699300699890e-01
8.537958041958041422e-01
8.551832167832167375e-01
8.457510489510489116e-01
8.516251748251748577e-01
8.567720279720278942e-01
8.553622377622376316e-01
8.503384615384615985e-01
8.531804195804196800e-01
8.539972027972027036e-01
8.548139860139860602e-01
8.426405594405594890e-01
8.597370629370628681e-01
8.488279720279721108e-01
8.553062937062937410e-01
8.468811188811188329e-01
8.607104895104894515e-01
8.517258741258740828e-01
8.483916083916084316e-01
8.457846153846153570e-01
8.493874125874127934e-01
8.474517482517480715e-01
8.478993006993007508e-01
8.410853146853146667e-01
8.502265734265734842e-01
8.485482517482517695e-01
8.369566433566433261e-01
8.491636363636363427e-01
8.449566433566434442e-01
8.499244755244754757e-01
8.478097902097901928e-01
8.422153846153845880e-01
8.554909090909093017e-01
8.533818181818182413e-01
8.427076923076923798e-01
8.571972027972027952e-01
8.413874125874125642e-01
8.509650349650350609e-01
8.513230769230768491e-01
8.519272727272726442e-01
8.517930069930069736e-01
8.403020979020977554e-01
8.479776223776224198e-01
8.541650349650350416e-01
8.447216783216783265e-01
8.492307692307693445e-01
8.523076923076923217e-01
8.435580419580419598e-01
8.543328671328670465e-01
8.480111888111887541e-01
8.405818181818182078e-01
8.500139860139861447e-01
8.530237762237762311e-01
8.461426573426572562e-01
8.511216783216782877e-01
8.416335664335664601e-01
8.563132867132866588e-01
8.479440559440558633e-01
8.565258741258741093e-01
8.526657342657342209e-01
8.407608391608391019e-01
8.370013986013984386e-01
8.411748251748252247e-01
8.414993006993007896e-01
8.499468531468530319e-01
8.399776223776224127e-01
8.456279720279721301e-01
8.493874125874125713e-01
8.434125874125874001e-01
8.432000000000001716e-01
8.514461538461538526e-01
