9.152487639748786430e-01
7.428176918622779734e-01
9.183778005434056757e-01
9.149703799385328074e-01
9.191350051222663131e-01
9.097701661395929396e-01
9.193688477127968106e-01
9.201037815687496124e-01
9.142187430403991844e-01
9.034898222796312606e-01
9.225646964500466840e-01
9.124649236114205086e-01
7.507015277715913815e-01
9.262282303683577744e-01
9.248808516324440454e-01
9.194245245200658445e-01
9.214066188588481143e-01
9.204823838581801532e-01
9.216961382566477567e-01
9.219299808471783653e-01
9.179991982539753570e-01
9.106832657788070939e-01
9.222306356064317034e-01
9.180660104226983087e-01
9.172085875907531882e-01
9.194579306044274869e-01
9.116297715023830017e-01
9.191238697608123953e-01
9.118524787314594704e-01
9.157498552403009473e-01
9.212507237984945974e-01
9.176985434947217968e-01
9.139459266847801411e-01
9.138679791546032716e-01
9.151040042759788218e-01
9.179657921696138256e-01
9.187007260255669605e-01
9.213175359672175491e-01
9.200592401229344963e-01
9.229655694623848383e-01
9.231994120529152248e-01
9.099594672843080989e-01
9.233775778361765774e-01
9.188788918088282021e-01
9.253930782593202675e-01
9.167409024096921932e-01
9.242906774753908428e-01
9.232216827758229494e-01
9.215736492806556601e-01
9.235112021736224808e-01
9.231660059685538045e-01
9.176428666874527629e-01
9.214734310275711771e-01
9.237561801256068961e-01
9.211393701839563075e-01
9.250033406084362531e-01
9.122756224667053493e-01
9.204935192196339599e-01
9.255712440425816201e-01
9.198031268094961632e-01
9.200035633156653514e-01
9.215402431962941288e-01
9.124983296957819290e-01
9.250033406084361420e-01
9.260277938621889193e-01
9.188120796401051393e-01
9.173422119281993137e-01
9.230880584383769349e-01
9.216850028951939500e-01
9.128323905393969095e-01
9.188566210859203665e-01
9.219745222929937034e-01
9.158834795777470728e-01
9.247583626564519488e-01
9.224199367511469738e-01
9.209389336777873414e-01
9.245356554273752581e-01
9.285889269965703630e-01
9.222640416907932348e-01
9.200369694000267717e-01
9.228542158478465485e-01
9.153489822279630150e-01
9.121197274063516103e-01
9.267404569952339966e-01
9.272081421762949915e-01
9.187229967484743520e-01
9.249810698855283064e-01
9.181662286757827918e-01
9.154269297581399956e-01
9.240011580775912003e-01
9.252705892833281709e-01
9.233553071132688528e-01
9.206716850028952015e-01
9.181773640372365985e-01
9.246470090419134369e-01
9.200369694000265497e-01
9.192574940982584097e-01
9.158500734933856524e-01
9.247360919335441132e-01
9.237339094026992825e-01
9.224978842813237323e-01
9.198810743396731437e-01
9.274753908511870204e-01
9.274197140439178755e-01
9.189457039775512648e-01
9.150260567458019523e-01
9.141129571065875759e-01
9.206828203643491193e-01
9.182330408445057435e-01
9.252705892833280599e-01
9.163177586744465364e-01
9.217072736181016746e-01
9.237450447641530893e-01
9.163623001202618745e-01
9.254042136207740743e-01
9.135339183109884020e-01
9.176428666874527629e-01
9.278762638635249527e-01
9.096031357177853938e-01
9.155605540955860100e-01
9.153378468665093193e-01
9.170415571689456424e-01
9.175760545187297001e-01
9.120417798761747408e-01
9.190459222306356368e-01
9.123424346354283010e-01
9.166072780722461788e-01
9.139793327691416724e-01
9.092523718319897030e-01
9.180214689768828595e-01
9.162286757828159711e-01
9.130996392142889384e-01
9.205380606654491871e-01
9.198922097011269505e-01
9.201483230145651726e-01
9.130885038528351316e-01
9.213954834973944186e-01
9.090575030065476403e-01
9.205603313883569117e-01
7.328181372767360591e-01
9.097367600552312972e-01
9.188009442786513326e-01
9.200481047614805785e-01
9.199144804240344531e-01
9.204935192196337379e-01
9.122199456594360933e-01
9.228653512093002442e-01
9.178767092779831493e-01
9.224533428355083942e-01
9.235000668121688960e-01
9.171083693376687052e-01
9.181328225914213714e-01
9.190236515077279122e-01
9.227428622333079256e-01
9.214678633468442737e-01
9.235557436194379299e-01
9.189568393390049605e-01
9.156273662643090727e-01
9.178822769587102748e-01
9.224422074740546984e-01
9.233887131976303841e-01
9.190904636764509750e-01
9.147365373480021988e-01
9.197251792793195158e-01
9.235112021736224808e-01
9.187007260255667385e-01
9.194913366887890183e-01
9.237561801256068961e-01
9.231325998841921621e-01
9.224867489198700365e-01
9.256157854883969582e-01
9.166406841566078212e-01
9.254264843436817989e-01
9.220970112689859111e-01
9.214288895817558389e-01
9.193020355440737479e-01
9.292459133223465173e-01
9.255378379582199777e-01
9.196583671105964530e-01
9.192352233753507962e-01
9.202039998218343175e-01
9.157943966861165075e-01
9.264954790432498033e-01
9.234889314507148672e-01
9.219522515700860898e-01
9.212173177141329550e-01
9.278985345864326773e-01
9.254153489822278811e-01
9.073760634270189307e-01
9.171306400605763187e-01
9.215291078348402110e-01
9.162732172286311982e-01
9.231604382878266790e-01
9.180882811456059223e-01
9.218743040399091093e-01
9.245913322346442920e-01
9.173978887354683476e-01
9.230880584383768239e-01
9.254821611509509438e-01
9.266179680192418999e-01
9.236002850652532681e-01
9.174758362656452171e-01
9.241347824150372148e-01
9.203042180749188006e-01
9.110395973453297991e-01
9.260611999465502286e-01
9.232773595830920943e-01
9.237339094026992825e-01
9.203598948821878345e-01
9.201483230145650616e-01
9.264063961516191270e-01
9.253039953676897023e-01
9.209389336777872304e-01
9.152710346977864786e-01
9.217072736181017856e-01
9.280432942853324985e-01
9.251592356687898810e-01
9.169970157231304153e-01
9.202930827134648828e-01
9.269074874170414313e-01
9.214622956661172593e-01
9.212284530755868728e-01
9.224756135584160077e-01
9.130550977684736003e-01
9.259832524163734702e-01
9.151596810832480777e-01
9.192797648211661343e-01
9.213509420515789694e-01
9.203598948821879455e-01
9.258162219945660354e-01
9.152264932519711405e-01
9.132332635517348418e-01
9.166740902409691305e-01
9.230546523540152926e-01
9.208498507861565541e-01
9.247917687408133691e-01
9.190570575920894436e-01
9.171529107834840433e-01
9.185559663266670283e-01
9.202039998218342065e-01
9.145026947574717013e-01
9.214400249432096457e-01
9.249587991626208039e-01
9.213732127744866940e-01
9.151262749988864353e-01
9.166184134337000966e-01
9.183221237361365308e-01
9.189234332546435402e-01
9.201594583760188684e-01
9.199367511469422887e-01
9.242461360295756156e-01
9.231882766914615290e-01
9.161061868068238745e-01
9.243797603670216301e-01
9.176985434947217968e-01
9.248919869938978522e-01
9.195915549418733903e-01
9.213064006057636313e-01
9.133891586120885808e-01
9.196806378335040666e-01
9.194579306044274869e-01
9.119081555387287263e-01
9.230880584383769349e-01
9.074540109571956892e-01
5.760044096031358141e-01
9.086343592713019834e-01
9.110507327067836059e-01
9.115406886107523254e-01
5.571077012159815212e-01
9.149592445770790006e-01
9.240791056077680699e-01
9.134225646964500012e-01
9.235223375350763986e-01
9.237673154870607028e-01
9.204823838581799311e-01
9.197808560865885497e-01
9.151596810832479667e-01
9.136564072869806097e-01
9.178210324707138934e-01
9.170081510845842221e-01
9.147588080709099234e-01
9.133557525277270495e-01
9.098926551155849252e-01
9.144247472272950539e-01
9.188900271702820088e-01
9.197363146407733225e-01
7.294997995634937560e-01
9.192686294597123275e-01
9.195024720502427140e-01
9.133557525277271605e-01
9.252594539218743641e-01
9.179991982539752460e-01
9.184557480735824342e-01
9.224756135584162298e-01
9.123647053583359146e-01
9.232996303059998189e-01
9.236782325954300266e-01
9.248919869938978522e-01
9.224088013896931670e-01
9.210168812079640999e-01
9.127989844550354892e-01
9.198253975324038878e-01
9.266959155494187694e-01
9.235446082579841232e-01
9.261168767538194846e-01
9.247138212106364996e-01
9.230101109082002875e-01
9.250590174157053980e-01
9.217963565097322398e-01
9.197585853636809361e-01
9.195581488575118589e-01
9.229655694623846163e-01
9.242238653066678911e-01
9.245690615117366784e-01
9.215179724733865152e-01
9.213954834973943075e-01
9.247249565720903064e-01
9.182107701215982409e-01
9.261502828381810160e-01
9.215736492806556601e-01
9.229544341009309205e-01
9.201483230145650616e-01
9.259275756091042142e-01
9.205269253039953803e-01
9.209055275934256990e-01
9.244354371742907750e-01
9.188454857244667817e-01
9.188566210859203665e-01
9.250033406084362531e-01
9.225869671729545196e-01
9.251035588615206251e-01
9.221192819918935246e-01
9.245356554273752581e-01
9.197029085564116802e-01
9.195470134960580522e-01
9.202708119905572692e-01
9.238341276557837656e-01
9.171863168678455747e-01
9.203376241592802209e-01
4.963531691238697863e-01
9.198588036167654192e-01
9.175426484343681688e-01
9.151485457217940489e-01
9.221081466304396068e-01
9.280210235624248849e-01
9.137232194557036724e-01
9.207941739788874091e-01
6.837501670304217960e-01
9.161061868068236524e-01
9.157498552403009473e-01
9.184000712663132893e-01
9.238675337401451859e-01
9.241013763306756834e-01
9.255155672353125862e-01
9.177542203019910527e-01
9.205269253039953803e-01
9.205380606654491871e-01
9.200703754843881921e-01
9.222751770522471526e-01
7.414703131263640223e-01
7.570486838002761232e-01
9.170526925303996713e-01
9.048483363769986854e-01
9.211727762683176168e-01
9.229655694623848383e-01
9.233274687096343358e-01
9.176874081332679900e-01
9.260946060309118710e-01
9.170972339762148984e-01
9.248029041022671759e-01
9.191906819295354580e-01
9.205380606654491871e-01
9.193688477127968106e-01
9.216293260879249161e-01
9.217518150639170127e-01
9.285889269965703630e-01
9.222529063293394280e-01
9.207496325330719600e-01
9.286446038038395079e-01
9.180660104226983087e-01
9.178878446394369561e-01
9.084116520422252927e-01
9.192909001826198301e-01
9.200815108458421099e-01
9.052937508351521778e-01
8.806734666607276552e-01
9.116854483096521466e-01
9.089238786691016259e-01
9.112177631285911517e-01
9.082891630662331961e-01
9.087457128858403843e-01
8.989800008908289675e-01
9.070865440292192883e-01
9.070865440292192883e-01
9.043806511959379124e-01
9.105941828871766397e-01
9.010734488441494161e-01
9.132555342746426774e-01
9.055053227027748397e-01
9.057725713776667575e-01
9.167631731326000288e-01
9.101599037904770650e-01
9.025321811946015460e-01
9.147699434323637302e-01
9.035789051712618258e-01
9.188343503630127529e-01
9.167297670482384975e-01
9.168967974700458212e-01
9.120863213219900789e-01
9.157609906017549761e-01
9.142577168054875081e-01
9.123090285510667696e-01
9.120974566834438857e-01
9.124426528885127841e-01
9.122088102979821755e-01
9.135227829495344842e-01
9.200146986771190472e-01
9.153044407821476769e-01
9.175760545187297001e-01
9.196806378335040666e-01
9.200369694000267717e-01
9.179435214467062121e-01
9.190236515077279122e-01
9.145361008418332327e-01
9.175092423500066374e-01
9.230101109082001765e-01
9.170638278918534780e-01
9.189791100619126851e-01
9.114961471649368763e-01
9.165516012649770339e-01
9.122644871052514315e-01
9.113625228274908618e-01
9.174647009041914103e-01
9.217295443410093991e-01
9.177319495790833281e-01
9.200369694000267717e-01
9.157943966861163965e-01
9.185225602423054969e-01
9.215068371119325974e-01
9.219745222929935924e-01
9.158946149392008795e-01
9.151819518061556913e-01
9.134559707808116436e-01
9.196138256647811149e-01
9.145249654803795369e-01
9.200592401229343853e-01
9.205157899425415735e-01
9.216738675337401432e-01
9.241681884993988572e-01
9.217518150639170127e-01
9.172419936751147196e-01
9.180548750612445019e-01
9.251146942229745429e-01
9.238118569328759300e-01
9.189345686160973470e-01
9.222529063293394280e-01
9.204823838581801532e-01
9.214511603046635635e-01
9.192240880138971004e-01
9.209277983163333126e-01
9.179546568081600189e-01
9.156719077101242998e-01
9.226649147031312781e-01
9.113736581889447796e-01
9.210168812079640999e-01
9.180994165070599511e-01
9.135005122266269817e-01
9.191572758451739267e-01
9.230435169925615968e-01
9.198588036167654192e-01
9.244911139815599199e-01
9.224199367511468628e-01
9.261168767538194846e-01
9.263507193443498711e-01
9.196249610262350327e-01
9.035343637254464877e-01
9.246915504877287750e-01
9.204267070509108972e-01
9.199144804240345641e-01
9.230769230769231282e-01
9.162398111442697779e-01
9.241459177764910216e-01
9.187229967484745741e-01
9.112066277671373449e-01
9.230546523540155146e-01
9.199144804240344531e-01
9.177764910248986663e-01
9.232550888601844807e-01
9.237339094026992825e-01
9.219856576544475102e-01
9.191572758451740377e-01
9.202708119905573803e-01
9.238786691015989927e-01
9.247917687408133691e-01
9.181884993986906274e-01
9.236225557881608816e-01
9.249810698855284175e-01
9.149369738541712760e-01
9.158278027704779278e-01
9.224088013896931670e-01
9.228764865707541620e-01
9.247472272949980310e-01
9.209055275934256990e-01
9.230991937998306307e-01
9.207830386174334913e-01
9.221081466304397178e-01
9.245245200659213403e-01
9.229432987394771137e-01
9.210280165694177956e-01
9.122867578281591561e-01
9.197140439178657090e-01
9.230880584383769349e-01
8.961850251659168043e-01
9.165961427107924830e-01
9.017415705313794883e-01
9.085452763796714182e-01
9.092356687898088818e-01
9.092468041512626886e-01
8.899046813059552363e-01
9.019976838448175993e-01
8.974210502872923545e-01
9.117411251169214026e-01
9.098703843926773116e-01
9.033561979421853572e-01
8.996703933009666532e-01
9.044363280032070573e-01
9.025767226404168841e-01
9.057725713776670906e-01
9.112734399358604076e-01
9.149258384927174692e-01
9.175315130729143620e-01
9.127767137321277646e-01
9.163845708431694881e-01
9.155382833726781744e-01
9.179880628925215502e-01
9.142131753596721699e-01
9.126987662019508951e-01
9.101710391519308718e-01
9.071199501135807086e-01
9.061400383056434915e-01
9.119972384303594026e-01
9.118636140929134992e-01
9.162398111442697779e-01
9.137120840942496436e-01
9.170304218074918357e-01
9.201705937374727862e-01
9.170304218074919467e-01
9.155939601799474303e-01
9.063293394503586509e-01
9.117299897554673738e-01
9.180214689768830816e-01
9.171306400605765408e-01
9.142577168054875081e-01
9.140127388535032038e-01
9.199144804240346751e-01
9.195136074116965208e-01
9.177208142176296324e-01
9.141797692753107496e-01
9.178655739165293426e-01
9.191238697608123953e-01
9.236336911496147994e-01
9.253485368135051514e-01
9.234555253663533358e-01
9.226983207874928095e-01
9.198476682553116124e-01
9.161061868068238745e-01
9.220858759075318822e-01
9.195692842189657767e-01
9.239454812703220554e-01
9.233664424747225485e-01
9.167743084940537246e-01
9.158723442162932660e-01
9.198031268094963853e-01
9.215959200035632737e-01
9.167074963253306619e-01
9.234221192819919155e-01
9.280321589238785807e-01
9.135116475880807885e-01
9.193131709055276657e-01
9.265066144047034991e-01
9.194245245200658445e-01
9.251035588615207361e-01
9.256157854883970693e-01
9.190570575920893326e-01
9.152933054206939811e-01
9.234555253663533358e-01
9.186673199412053181e-01
9.286557391652934257e-01
9.206160081956260566e-01
9.258273573560197311e-01
9.238007215714221232e-01
9.196583671105964530e-01
9.227539975947619544e-01
9.210391519308717134e-01
9.256269208498507650e-01
9.258273573560198422e-01
9.236559618725224130e-01
9.147810787938176480e-01
9.237895862099683164e-01
9.199478865083959844e-01
9.259164402476504074e-01
9.217518150639169017e-01
9.238786691015989927e-01
9.188677564473743953e-01
9.240456995234065385e-01
9.236893679568839444e-01
9.246024675960982098e-01
9.126208186717741366e-01
9.232216827758229494e-01
9.208498507861565541e-01
9.228319451249387129e-01
9.187118613870206563e-01
9.176428666874526519e-01
9.265956972963342864e-01
9.198253975324039988e-01
9.233998485590841909e-01
9.249142577168054657e-01
9.211505055454101143e-01
9.203487595207341387e-01
9.221638234377088628e-01
9.242127299452140843e-01
9.216070553650171915e-01
9.235223375350762876e-01
9.257716805487505862e-01
9.179101153623445697e-01
9.263395839828960643e-01
9.245133847044675335e-01
9.226315086187697467e-01
9.230212462696539832e-01
9.213398066901251626e-01
9.249476638011669971e-01
9.210168812079639888e-01
9.225981025344082154e-01
9.180437396997905841e-01
9.158389381319318456e-01
9.181439579528750672e-01
9.248251748251749005e-01
9.231103291612844375e-01
9.214957017504787906e-01
9.173422119281993137e-01
9.145361008418333437e-01
9.029330542069395893e-01
9.104939646340921566e-01
9.111620863213220067e-01
9.040799964366843522e-01
9.014297804106721212e-01
9.036011758941695504e-01
9.127099015634048129e-01
8.948933232372722202e-01
9.054385105340521100e-01
8.982673377577837792e-01
9.108280254777071372e-01
8.827669146140484369e-01
9.115406886107523254e-01
9.070420025834038391e-01
9.108837022849761711e-01
9.120083737918132094e-01
9.195692842189657767e-01
9.163957062046235169e-01
9.087791189702018047e-01
9.167965792169614492e-01
9.153712529508708506e-01
9.115295532492982966e-01
9.133557525277271605e-01
9.128657966237585519e-01
9.133112110819118223e-01
9.100708208988463888e-01
9.142354460825798945e-01
9.174424301812835747e-01
9.122644871052513205e-01
9.155048772883167540e-01
9.088793372232862877e-01
9.186895906641130427e-01
9.188009442786513326e-01
9.203153534363726074e-01
9.139570620462339479e-01
9.222195002449780077e-01
9.177319495790833281e-01
9.149481092156251938e-01
9.229432987394771137e-01
9.160616453610084253e-01
9.247583626564518378e-01
9.184334773506748206e-01
9.182887176517751104e-01
9.149147031312636624e-01
9.193131709055275547e-01
9.180548750612445019e-01
9.173756180125607340e-01
9.206382789185336701e-01
9.238007215714222342e-01
9.227762683176694569e-01
9.225312903656852637e-01
9.215959200035633847e-01
9.174869716270990239e-01
9.200369694000267717e-01
9.194022537971582310e-01
9.221415527148011382e-01
9.223197184980624908e-01
9.245356554273752581e-01
9.179769275310677434e-01
9.191461404837202309e-01
9.205714667498108295e-01
9.149703799385329184e-01
9.231994120529152248e-01
9.232105474143691426e-01
9.250590174157052870e-01
9.253708075364126540e-01
9.142131753596721699e-01
9.188009442786513326e-01
9.135673243953497114e-01
9.240011580775912003e-01
9.195358781346042454e-01
9.210948287381409694e-01
9.196249610262348106e-01
9.208832568705180854e-01
9.206048728341721388e-01
9.126319540332279434e-01
9.241793238608524419e-01
9.252260478375129438e-01
9.241013763306757944e-01
9.187452674713820766e-01
9.259387109705581320e-01
9.232773595830920943e-01
9.223976660282392492e-01
9.204601131352723176e-01
9.216181907264709983e-01
9.225758318115004908e-01
9.231771413300076112e-01
9.199478865083959844e-01
9.253262660905973158e-01
9.227651329562157612e-01
9.192574940982585208e-01
9.222529063293394280e-01
9.251258295844282387e-01
9.210391519308717134e-01
9.267961338025033635e-01
9.228096744020310993e-01
9.225758318115006018e-01
9.175426484343682798e-01
9.233664424747228816e-01
9.215291078348404330e-01
9.223197184980624908e-01
9.217740857868246263e-01
9.241793238608524419e-01
9.145138301189257302e-01
9.243797603670215191e-01
9.274865262126409382e-01
9.217740857868247373e-01
9.270522471159414746e-01
9.219522515700859788e-01
9.202819473520110760e-01
9.230546523540154036e-01
9.224978842813238433e-01
9.199144804240344531e-01
9.199256157854883709e-01
9.224533428355083942e-01
9.232328181372767562e-01
9.211505055454098922e-01
9.248697162709900166e-01
9.229989755467462587e-01
9.219745222929935924e-01
9.055832702329518202e-01
9.253374014520511226e-01
9.263395839828961753e-01
9.244020310899291326e-01
9.242350006681215868e-01
9.253151307291435090e-01
9.222640416907932348e-01
8.946483452852880269e-01
8.690704200258340117e-01
8.986348046857601801e-01
8.851053405193533008e-01
8.946149392009263845e-01
8.924435437174290664e-01
9.000489955903968609e-01
8.923878669101600325e-01
8.860184401585675662e-01
8.938800053449735827e-01
8.905616676317313907e-01
8.829005389514943403e-01
8.908623223909848399e-01
8.976437575163690452e-01
8.858068682909447933e-01
8.927664691995902402e-01
8.863636363636363535e-01
8.996369872166050108e-01
8.945592623936573506e-01
9.071533561979421290e-01
8.942697429958577082e-01
9.111732216827758135e-01
8.978664647454456249e-01
8.955837156474100169e-01
9.001158077591198126e-01
8.989354594450136293e-01
8.989020533606520980e-01
8.926328448621443368e-01
8.883011892566032852e-01
8.941472540198656116e-01
9.009955013139726576e-01
8.912297893189613518e-01
8.995590396864282523e-01
8.999710480602199913e-01
8.971872076967618570e-01
9.067302124626964721e-01
9.057725713776668686e-01
8.947931049841877371e-01
9.046256291479222167e-01
9.119192909001826441e-01
9.066077234867043755e-01
9.029553249298472029e-01
9.006391697474499525e-01
9.003496503496501990e-01
8.908177809451695017e-01
9.011402610128724788e-01
9.021201728208096959e-01
9.109727851766068474e-01
9.008618769765266432e-01
8.979332769141686876e-01
8.773217228631240427e-01
9.112400338514987652e-01
9.036457173399847775e-01
9.052492093893368397e-01
9.034564161952697292e-01
9.035789051712618258e-01
8.999599126987662956e-01
9.073649280655651239e-01
8.869538105206894452e-01
9.095140528261547175e-01
9.042581622199455937e-01
9.048483363769987964e-01
9.077546657164491384e-01
9.040131842679614005e-01
9.015077279408489908e-01
9.092690748741705242e-01
8.940804418511425489e-01
9.037793416774309030e-01
9.023428800498864977e-01
9.111732216827759245e-01
8.975212685403767265e-01
9.053382922809674049e-01
9.053048861966058736e-01
9.073537927041113171e-01
9.039463720992384488e-01
9.113068460202220500e-01
9.068749721615964043e-01
9.066745356554272162e-01
9.036345819785310818e-01
9.128880673466659434e-01
9.037570709545231784e-01
9.049930960758987286e-01
8.996147164936973972e-01
9.061289029441895737e-01
9.108391608391608329e-01
9.071088147521269018e-01
9.058839249922051584e-01
9.058171128234822067e-01
9.055387287871363711e-01
8.983452852879603157e-01
8.991358959511825955e-01
9.125651418645048807e-01
9.076210413790032350e-01
9.061289029441896847e-01
9.115518239722062432e-01
9.071756269208498535e-01
9.016079461939334738e-01
9.067970246314194238e-01
9.114181996347601178e-01
9.023540154113401934e-01
9.065520466794352306e-01
9.039018306534229996e-01
9.028551066767627198e-01
8.934902676940892352e-01
9.096810832479622633e-01
9.051935325820675837e-01
9.005278161329117736e-01
8.968865529375082968e-01
9.139570620462339479e-01
9.043583804730301878e-01
9.013963743263107009e-01
9.074762816801034138e-01
8.987572936617523878e-01
9.061289029441895737e-01
9.106498596944456736e-01
8.896040265467017871e-01
8.957062046234020025e-01
9.034118747494545021e-01
8.985123157097679725e-01
9.052046679435215015e-01
8.968531468531468764e-01
8.852835063026146534e-01
9.081666740902409884e-01
9.028773773996703333e-01
9.077769364393566409e-01
8.783795822012383514e-01
9.054273751725981922e-01
9.070085964990423077e-01
8.913522782949534484e-01
8.910627588971539170e-01
8.928666874526746122e-01
8.977439757694534173e-01
8.846933321455615618e-01
8.874994432319273097e-01
9.055387287871364821e-01
8.983341499265067309e-01
8.876998797380963868e-01
8.995590396864282523e-01
8.880784820275267055e-01
9.011736670972338992e-01
8.885684379314952031e-01
8.960402654670170941e-01
8.971983430582157748e-01
8.892254242572714684e-01
8.975546746247382579e-01
8.949712707674490897e-01
9.040020489065074827e-01
8.985345864326756971e-01
8.984900449868603589e-01
8.974878624560151952e-01
9.047258474010065887e-01
8.957173399848556983e-01
9.072647098124805298e-01
9.054162398111442744e-01
9.032782504120084877e-01
9.044920048104762023e-01
8.984677742639526343e-01
9.029441895683933961e-01
9.074428755957418824e-01
8.994031446260746243e-01
9.079216961382565731e-01
8.908289163066233085e-01
9.075430938488264765e-01
8.882900538951494784e-01
9.045476816177453472e-01
8.986348046857601801e-01
9.064184223419892161e-01
9.078214778851722011e-01
8.997483408311434117e-01
9.050487728831677625e-01
9.069083782459580467e-01
8.942474722729499836e-01
9.015856754710258603e-01
9.060509554140128152e-01
9.076099060175493172e-01
9.075542292102802833e-01
8.982116609505144122e-01
9.063627455347200712e-01
9.067858892699658391e-01
9.069529196917732738e-01
9.111398155984142821e-01
9.084895995724021622e-01
9.072981158968420612e-01
9.062625272816355881e-01
9.049819607144448108e-01
9.104382878268229007e-01
9.098147075854082777e-01
9.089572847534630462e-01
9.105273707184535770e-01
9.061511736670971873e-01
9.062402565587278636e-01
9.070754086677653705e-01
9.072424390895728052e-01
9.138345730702418512e-01
9.102044452362922922e-01
9.099706026457619057e-01
9.060732261369203178e-01
9.074540109571956892e-01
9.078103425237185053e-01
9.068638368001424865e-01
9.111954924056834271e-01
9.078660193309874282e-01
9.073092512582959790e-01
9.031000846287471351e-01
9.109950558995144609e-01
9.158278027704780389e-01
9.135784597568037402e-01
9.112066277671373449e-01
9.054385105340518880e-01
9.056278116787670474e-01
9.112734399358601856e-01
9.040688610752306564e-01
9.092468041512629107e-01
9.085118702953097758e-01
9.066188588481581823e-01
9.074206048728342688e-01
9.146140483720102132e-01
9.071533561979422400e-01
9.069195136074117425e-01
8.984677742639526343e-01
9.074762816801034138e-01
9.048260656540911828e-01
9.058727896307514627e-01
9.078437486080797036e-01
9.064184223419892161e-01
9.081889448131487130e-01
9.088682018618323699e-01
9.103826110195537558e-01
9.068081599928734526e-01
9.094917821032471039e-01
9.022760678811634349e-01
9.091243151752704810e-01
9.021090374593561112e-01
9.049930960758986176e-01
9.084561934880406309e-01
9.087679836087479979e-01
9.075319584873724477e-01
8.929669057057594284e-01
9.034898222796312606e-01
9.129326087924813926e-01
8.952162487194335050e-01
9.029664602913010096e-01
9.020979020979020824e-01
9.035566344483543233e-01
9.138679791546033826e-01
9.076210413790032350e-01
9.036457173399847775e-01
8.980669012516147021e-01
8.920315353436373274e-01
9.126096833103202188e-01
9.040354549908689030e-01
9.061957151129126364e-01
9.024765043873324011e-01
9.084116520422252927e-01
9.009955013139727686e-01
8.901162531735780092e-01
8.973987795643847409e-01
8.961961605273707221e-01
9.011068549285110585e-01
8.952496548037951474e-01
8.911295710658768687e-01
8.963409202262704323e-01
8.887688744376641692e-01
8.950046768518105100e-01
8.988241058304751174e-01
8.894481314863480481e-01
8.954278205870562779e-01
8.912966014876843035e-01
8.871653823883123291e-01
8.977662464923611418e-01
8.966972517927933595e-01
8.935348091399046844e-01
8.936127566700816649e-01
9.050265021602601490e-01
9.012961560732262178e-01
9.047258474010066998e-01
8.981225780588838470e-01
8.983564206494142335e-01
9.010177720368803822e-01
9.048483363769987964e-01
9.042470268584918980e-01
8.992361142042669675e-01
9.036791234243464199e-01
8.999821834216737981e-01
8.989911362522826632e-01
8.988797826377443734e-01
8.975880807090999003e-01
8.907398334149926322e-01
9.081889448131487130e-01
9.046033584250143811e-01
9.058171128234823177e-01
9.080998619215181478e-01
9.091799919825398479e-01
9.110061912609681567e-01
9.071644915593960468e-01
9.043806511959380234e-01
9.023428800498864977e-01
9.012182085430493483e-01
9.095363235490624421e-01
9.001158077591198126e-01
9.033116564963699080e-01
9.103937463810074515e-01
9.037125295087078403e-01
8.965413567324395094e-01
9.136786780098882232e-01
9.144581533116565852e-01
9.081109972829718435e-01
9.032893857734622944e-01
9.099594672843080989e-01
9.025099104716939324e-01
9.041022671595919658e-01
9.053048861966059846e-01
9.076210413790031240e-01
9.091688566210859301e-01
9.089906908378246886e-01
9.007393880005344355e-01
9.067636185470581145e-01
9.074317402342878536e-01
9.110730034296914415e-01
9.084673288494943266e-01
9.026880762549552850e-01
9.128769319852122477e-01
9.037570709545232894e-01
9.092802102356243310e-01
9.147254019865485031e-01
9.109505144536991228e-01
9.128546612623045231e-01
9.009955013139726576e-01
9.112288984900450695e-01
9.146697251792793582e-01
9.046924413166451684e-01
9.050821789675294049e-01
9.100708208988462777e-01
9.110173266224221855e-01
9.084561934880406309e-01
9.051601264977061634e-01
9.073649280655651239e-01
9.074762816801033027e-01
9.063293394503584288e-01
9.113625228274910839e-01
9.124983296957820400e-01
9.062847980045432017e-01
9.087791189702018047e-01
9.081221326444255393e-01
9.055498641485903999e-01
9.073537927041112061e-01
9.075542292102800612e-01
9.176205959645451493e-01
9.090797737294553649e-01
9.091911273439936547e-01
9.066299942096121001e-01
9.148033495167253726e-01
9.048372010155449896e-01
9.075764999331878968e-01
9.088013896931095292e-01
9.038127477617924344e-01
9.067747539085119213e-01
9.058393835463900423e-01
9.058171128234823177e-01
9.105496414413611905e-01
9.114293349962140356e-01
9.032448443276467342e-01
9.080330497527950850e-01
9.057503006547592550e-01
9.008841476994343678e-01
9.037682063159772072e-01
9.070754086677654815e-01
9.057057592089439169e-01
9.018195180615562467e-01
9.049930960758987286e-01
9.068861075230503221e-01
9.018751948688255027e-01
9.019420070375485654e-01
9.076655828248184621e-01
9.028885127611241401e-01
8.989243240835598225e-01
9.059284664380204966e-01
9.025433165560554638e-01
9.066077234867044865e-01
9.029775956527549274e-01
9.058616542692976559e-01
9.064518284263507475e-01
9.093915638501626209e-01
9.067970246314195348e-01
7.439534987305687075e-01
8.645940047213932500e-01
8.345730702418600044e-01
7.133423900939824813e-01
8.644603803839472356e-01
6.816511513963743329e-01
9.207941739788872981e-01
7.376286134247918014e-01
9.198977773818539649e-01
9.248474455480824030e-01
9.224756135584160077e-01
9.168188499398690627e-01
7.223063560643179226e-01
9.184780187964901588e-01
7.366375662554007775e-01
9.201260522916574480e-01
9.208164447017950227e-01
8.654848336377000129e-01
7.342935726693688991e-01
9.258997372054696973e-01
9.181550933143289850e-01
9.253374014520511226e-01
6.829539886864726128e-01
9.192129526524431826e-01
8.473898712752215845e-01
7.377845084851454294e-01
6.793795376597924207e-01
9.206494142799874769e-01
7.363035054117857969e-01
8.225357445102667864e-01
7.222952207028641158e-01
7.703777114605141474e-01
8.705959645450092044e-01
6.771970068148411848e-01
9.190459222306356368e-01
9.096643802057814421e-01
9.222974477751548772e-01
9.208498507861565541e-01
9.266291033806958177e-01
9.246024675960983208e-01
9.189345686160973470e-01
9.230991937998307417e-01
6.715680815999287567e-01
9.219967930159013170e-01
9.211059640995946651e-01
9.169302035544074636e-01
9.253262660905972048e-01
9.263729900672575956e-01
9.281991893456861265e-01
9.218743040399092203e-01
9.214845663890249838e-01
9.219633869315397856e-01
9.262950425370807261e-01
9.215569462384748389e-01
9.265622912119728660e-01
9.223419892209701043e-01
9.258551957596543591e-01
9.225758318115006018e-01
9.246804151262749683e-01
9.246358736804597411e-01
9.102044452362925142e-01
6.627099015634048129e-01
9.245801968731905962e-01
9.211950469912253414e-01
9.200146986771190472e-01
9.252594539218743641e-01
9.202485412676495447e-01
9.224199367511469738e-01
9.189679747004588783e-01
7.372722818582690962e-01
9.197140439178657090e-01
9.215291078348403220e-01
9.207830386174336024e-01
7.516257627722595647e-01
9.113402521045834703e-01
9.109393790922453160e-01
9.175426484343680578e-01
9.165293305420694203e-01
9.196026903033271971e-01
9.144804240345643098e-01
9.242127299452139733e-01
9.243463542826600987e-01
9.189902454233664919e-01
9.207384971716182642e-01
9.070197318604962256e-01
9.192686294597122165e-01
8.792035989488218295e-01
9.230546523540155146e-01
9.153155761436017057e-01
9.231325998841921621e-01
9.197697207251347429e-01
9.200481047614805785e-01
9.195804195804195835e-01
9.259275756091042142e-01
9.158166674090242321e-01
9.162286757828159711e-01
9.212061823526791482e-01
9.209277983163334236e-01
9.213843481359405008e-01
9.234777960892610604e-01
9.214177542203020321e-01
9.233998485590844130e-01
9.216961382566478678e-01
7.944078214778851343e-01
9.251703710302436878e-01
9.202374059061957379e-01
5.439401362968241394e-01
9.200481047614805785e-01
9.267515923566879144e-01
9.249587991626208039e-01
9.224756135584162298e-01
9.167687408133267102e-01
9.246470090419134369e-01
9.195136074116965208e-01
9.133000757204579045e-01
9.007950648078038025e-01
9.190347868691817190e-01
9.229432987394771137e-01
9.167631731326000288e-01
9.195804195804195835e-01
9.209166629548795058e-01
9.195358781346043564e-01
9.202039998218343175e-01
9.230212462696538722e-01
9.186673199412054291e-01
9.141352278294953004e-01
9.150037860228943387e-01
9.221304173533473314e-01
9.204489777738186218e-01
9.224978842813237323e-01
6.897020177274953978e-01
9.241347824150371038e-01
7.257805888379137427e-01
9.244577078971982775e-01
7.784953899603580529e-01
7.330742505901741701e-01
8.851276112422610254e-01
8.658634359271302205e-01
9.231103291612845485e-01
7.353792704111176137e-01
9.226649147031311671e-01
6.905594405594406293e-01
7.219722952207029421e-01
7.532403901830653226e-01
9.225312903656852637e-01
9.244911139815598089e-01
8.078147966682999170e-01
9.178767092779832604e-01
9.188009442786512215e-01
8.849383100975456440e-01
9.207607678945259888e-01
8.920872121509063613e-01
9.255044318738586684e-01
9.192574940982585208e-01
8.612311255623358308e-01
8.217562692084985354e-01
8.963297848648167365e-01
9.286167654002049909e-01
8.886018440158568454e-01
7.669034786869182163e-01
9.225090196427776501e-01
9.247472272949981420e-01
9.247249565720903064e-01
9.231548706070999977e-01
9.164513830118925508e-01
9.252037771146051082e-01
9.222306356064317034e-01
9.230769230769231282e-01
9.222529063293395390e-01
9.189122978931895114e-01
9.084227874036792105e-01
9.176540020489065697e-01
9.215513785577479355e-01
9.267404569952341076e-01
9.181996347601443231e-01
9.175537837958220866e-01
9.265734265734266728e-01
9.236893679568839444e-01
9.231771413300076112e-01
9.221860941606164763e-01
9.246581444033672437e-01
9.184446127121286274e-01
8.743708520778584736e-01
9.258941695247427939e-01
9.235223375350763986e-01
9.120083737918132094e-01
9.241681884993986351e-01
9.177542203019910527e-01
9.235000668121687850e-01
9.252483185604205573e-01
5.012805665671908883e-01
9.255155672353123641e-01
9.195804195804195835e-01
9.223642599438778289e-01
9.237673154870608139e-01
9.194356598815198733e-01
9.196360963876888395e-01
9.151819518061556913e-01
7.372054696895461445e-01
9.245801968731905962e-01
9.240345641619527317e-01
5.431328225914213714e-01
9.239788873546834758e-01
9.230657877154692104e-01
9.219633869315397856e-01
9.206494142799873659e-01
8.928110106454056893e-01
9.237005033183376401e-01
9.275867444657253102e-01
9.249142577168054657e-01
9.205826021112645252e-01
9.211505055454101143e-01
9.240568348848603453e-01
9.209055275934256990e-01
9.192240880138968784e-01
8.962852434190013984e-01
9.311389247694979998e-01
9.239009398245066063e-01
9.192352233753507962e-01
9.205046545810877667e-01
9.207607678945257668e-01
9.275310676584562763e-01
7.113992695202886463e-01
8.124137009487327754e-01
7.522382076522204919e-01
9.209667720814218583e-01
9.238786691015991037e-01
9.239343459088682486e-01
9.237227740412453647e-01
9.223976660282393603e-01
9.250033406084361420e-01
7.660794619393345162e-01
9.262226626876307600e-01
9.224867489198699255e-01
9.216181907264711093e-01
9.191906819295354580e-01
9.259498463320118278e-01
9.243463542826599877e-01
6.816177453120129126e-01
9.297804106721303530e-01
9.217518150639170127e-01
9.193465769898891971e-01
7.533740145205113370e-01
9.176094606030911205e-01
9.233553071132688528e-01
9.165293305420694203e-01
9.220636051846242687e-01
9.239677519932297800e-01
7.793973542381185116e-01
9.183221237361365308e-01
9.232662242216381765e-01
9.219188454857244475e-01
9.089183109883747225e-01
9.209946104850563753e-01
9.161841343370006330e-01
9.213509420515790804e-01
7.397443321010199746e-01
7.194668388935905323e-01
7.709790209790210458e-01
7.382410583047526176e-01
9.205937374727184430e-01
7.324395349873057404e-01
7.367489198699390673e-01
9.233441717518150460e-01
9.231548706070999977e-01
6.992784285777916553e-01
9.164625183733464686e-01
9.199478865083959844e-01
9.243018128368447606e-01
7.141775422030198772e-01
8.469444568170685361e-01
9.288339049485546672e-01
7.397331967395661678e-01
9.219077101242707517e-01
9.181996347601443231e-01
7.375061244487995937e-01
8.498396507950648493e-01
5.987706560954968449e-01
7.841076121330898818e-01
9.267627277181418322e-01
9.211839116297715346e-01
7.183087613023919626e-01
7.374949890873457869e-01
9.183889359048595935e-01
9.184446127121287384e-01
9.197363146407733225e-01
9.232773595830922053e-01
8.826332902766025335e-01
9.132332635517350639e-01
9.138123023473341267e-01
7.414090686383678630e-01
9.215959200035632737e-01
8.994699567947976870e-01
7.346109304708030585e-01
9.192909001826199411e-01
7.106810387065164436e-01
9.259164402476505185e-01
7.385973898712752117e-01
9.215068371119327084e-01
9.220636051846242687e-01
8.307870473475569284e-01
9.191684112066278445e-01
9.233887131976303841e-01
9.170415571689458645e-01
6.187809006280343693e-01
9.193688477127968106e-01
9.028718097189435410e-01
9.108391608391609440e-01
9.220636051846242687e-01
9.204601131352723176e-01
9.212284530755869838e-01
9.266513741036034313e-01
9.247694980179056445e-01
9.249532314818940115e-01
9.242350006681215868e-01
9.200035633156651294e-01
9.252928600062358955e-01
9.212395884370406796e-01
9.246581444033673547e-01
9.267070509108725762e-01
7.300677029976392340e-01
9.250701527771590937e-01
9.212618591599482931e-01
9.228542158478464374e-01
9.153267115050554015e-01
9.204712484967262354e-01
9.184446127121287384e-01
9.261948242839962431e-01
9.077323949935414138e-01
9.267070509108725762e-01
9.231548706070998866e-01
9.224756135584160077e-01
9.284218965747628172e-01
9.171529107834840433e-01
9.108948376464299779e-01
9.251536679880627556e-01
7.368714088459311640e-01
7.446438911407063932e-01
9.188232150015589461e-01
9.233107656674535146e-01
9.191684112066278445e-01
9.243240835597523741e-01
9.183221237361365308e-01
9.254487550665895235e-01
9.258607634403813735e-01
9.212061823526791482e-01
9.205937374727184430e-01
9.218074918711861576e-01
9.278595608213443535e-01
9.144692886731102810e-01
9.147699434323637302e-01
9.162954879515389228e-01
9.198699389782193370e-01
7.354906240256557926e-01
9.240122934390451181e-01
9.174758362656451061e-01
9.005500868558193872e-01
9.191015990379047818e-01
5.000000000000000000e-01
9.215736492806556601e-01
9.198810743396730327e-01
9.222083648835242009e-01
9.223976660282391382e-01
9.234332546434458333e-01
6.867010378156874761e-01
7.584071978976436590e-01
9.208053093403412159e-01
9.161507282526392126e-01
9.008507416150729474e-01
9.215179724733866262e-01
7.430459667720814565e-01
7.245445637165381925e-01
9.154492004810476091e-01
9.218965747628168339e-01
6.789675292860005706e-01
7.267939067302124911e-01
7.606064317847757161e-01
7.839517170727361428e-01
9.248029041022671759e-01
9.202930827134648828e-01
9.189902454233664919e-01
9.193465769898890860e-01
9.197585853636809361e-01
9.255267025967662819e-01
9.180437396997908062e-01
7.354794886642020968e-01
9.120417798761747408e-01
9.216515968108325296e-01
9.160839160839160389e-01
9.216515968108325296e-01
9.175537837958220866e-01
9.169747450002228017e-01
9.215402431962941288e-01
9.234443900048995291e-01
9.070754086677652595e-01
9.121976749365283688e-01
5.000000000000000000e-01
9.142799875283953437e-01
9.212173177141330660e-01
9.174981069885528306e-01
9.086566299942095970e-01
9.157387198788473626e-01
9.224756135584161187e-01
9.117633958398290162e-01
9.259832524163734702e-01
9.200369694000267717e-01
9.185893724110284486e-01
9.240456995234064275e-01
9.233330363903612392e-01
9.165404659035232271e-01
9.212173177141330660e-01
9.241013763306757944e-01
9.222529063293394280e-01
9.241347824150372148e-01
9.208832568705180854e-01
9.180771457841522265e-01
9.196138256647812259e-01
9.235891497037994613e-01
9.227985390405772925e-01
9.228096744020310993e-01
9.113736581889447796e-01
9.256825976571197989e-01
9.185893724110283376e-01
9.222306356064318145e-01
9.222974477751547662e-01
9.245133847044675335e-01
9.214845663890249838e-01
9.218631686784554136e-01
9.226983207874926984e-01
9.296801924190458699e-01
9.165293305420693093e-01
9.179657921696138256e-01
9.169970157231304153e-01
9.254932965124048616e-01
9.282882722373169138e-01
9.090909090909090606e-01
9.168411206627767873e-01
9.261502828381810160e-01
9.274085786824639577e-01
9.240791056077679588e-01
9.215625139192018533e-01
9.217740857868247373e-01
9.192909001826198301e-01
9.236559618725224130e-01
9.262839071756268083e-01
9.163734354817157923e-01
9.236448265110686062e-01
9.163511647588081788e-01
9.201928644603803997e-01
9.233998485590843019e-01
9.138011669858803199e-01
9.220747405460781865e-01
9.236559618725224130e-01
9.179435214467061011e-01
9.188232150015588351e-01
9.274197140439178755e-01
9.189791100619126851e-01
9.242238653066678911e-01
9.247249565720903064e-01
9.168522560242305941e-01
9.324863035054118399e-01
9.244799786201060021e-01
9.236225557881608816e-01
9.282437307915015756e-01
9.260500645850965329e-01
9.220079283773550127e-01
9.237227740412454757e-01
9.196917731949579844e-01
9.278539931406173391e-01
9.269965703086722186e-01
9.242684067524831182e-01
9.205046545810876557e-01
9.284664380205782663e-01
9.144470179502026674e-01
9.266959155494186584e-01
9.252483185604205573e-01
9.161618636140929084e-01
9.182887176517749994e-01
9.228430804863926307e-01
9.212618591599484041e-01
9.275644737428176967e-01
9.185225602423053859e-01
9.161729989755468262e-01
9.210057458465101821e-01
9.174869716270990239e-01
9.237227740412454757e-01
9.134671061422654503e-01
9.145472362032871505e-01
9.226203732573159400e-01
9.236559618725224130e-01
9.199033450625806463e-01
9.114070642733064220e-01
9.211059640995946651e-01
9.176985434947219078e-01
9.171529107834841543e-01
9.194467952429735691e-01
9.186673199412052071e-01
9.228987572936617756e-01
9.259832524163733591e-01
9.207496325330721820e-01
9.178544385550755358e-01
9.170638278918533670e-01
9.165850073493386763e-01
9.224644781969623120e-01
9.243574896441139055e-01
9.239343459088682486e-01
9.230101109081999544e-01
9.208943922319717812e-01
9.171529107834839323e-01
9.209277983163334236e-01
9.200146986771190472e-01
9.218520333170016068e-01
9.230769230769231282e-01
9.179212507237984875e-01
9.209612044006947329e-01
9.197363146407733225e-01
9.227094561489466162e-01
9.228764865707541620e-01
9.220747405460780755e-01
9.198031268094961632e-01
9.204601131352723176e-01
9.181773640372367096e-01
9.210948287381408583e-01
9.150149213843482565e-01
9.236336911496147994e-01
9.246247383190059344e-01
9.255823794040354269e-01
7.372834172197229030e-01
9.170749632533071738e-01
9.181439579528751782e-01
9.225312903656851526e-01
9.212507237984944863e-01
9.203598948821878345e-01
9.172865351209300577e-01
9.197585853636810471e-01
9.125540065030510739e-01
9.205046545810876557e-01
9.173310765667455069e-01
9.178098971092600866e-01
9.150149213843481455e-01
9.190570575920894436e-01
9.205826021112645252e-01
9.216850028951939500e-01
9.197808560865885497e-01
9.273194957908333924e-01
9.138457084316956580e-01
9.260055231392811947e-01
7.295220702864014806e-01
9.140016034920493970e-01
9.217629504253709305e-01
9.247138212106364996e-01
9.197585853636809361e-01
9.263284486214422575e-01
9.230880584383769349e-01
9.235557436194378189e-01
9.232328181372767562e-01
9.172085875907531882e-01
9.236002850652531571e-01
9.216961382566478678e-01
9.216293260879248050e-01
9.243129481982985673e-01
9.226426439802236645e-01
9.206271435570799744e-01
9.139459266847801411e-01
9.144804240345641988e-01
9.279208053093404018e-01
9.221081466304397178e-01
9.277983163333483052e-01
9.279987528395172713e-01
9.261391474767269871e-01
9.244577078971982775e-01
9.211616409068638101e-01
9.251926417531513014e-01
9.196695024720501488e-01
9.186450492182975935e-01
9.187786735557436080e-01
9.234666607278071426e-01
9.083448398735023410e-01
9.252260478375129438e-01
9.236782325954301376e-01
9.226871854260388917e-01
9.181884993986905164e-01
9.220970112689856890e-01
9.209946104850563753e-01
9.236336911496147994e-01
9.260946060309117600e-01
9.210614226537793270e-01
9.282882722373169138e-01
9.217184089795553703e-01
9.299697118168455123e-01
9.243686250055677123e-01
9.193465769898891971e-01
9.145138301189257302e-01
9.198810743396730327e-01
9.255155672353125862e-01
9.206494142799875879e-01
9.182330408445059655e-01
9.152933054206939811e-01
9.251926417531513014e-01
9.256269208498508760e-01
9.211616409068638101e-01
9.212061823526791482e-01
9.281323771769631747e-01
9.181439579528751782e-01
9.166963609638768551e-01
9.228764865707541620e-01
9.256937330185738277e-01
9.308494053716983574e-01
9.226983207874926984e-01
9.180214689768829706e-01
9.232884949445459011e-01
9.253819428978664607e-01
9.253819428978664607e-01
9.242350006681216978e-01
9.223419892209701043e-01
9.213509420515789694e-01
9.251481003073359632e-01
9.250478820542515912e-01
9.262727718141731126e-01
9.197585853636808251e-01
9.235668789808917367e-01
9.187564028328361054e-01
9.187118613870206563e-01
9.181662286757829028e-01
9.241125116921296012e-01
9.191572758451740377e-01
9.193799830742506174e-01
9.184223419892210138e-01
9.210836933766870516e-01
9.240122934390451181e-01
9.206160081956259456e-01
9.267404569952339966e-01
9.211616409068638101e-01
9.269742995857646051e-01
9.198476682553115014e-01
9.237784508485146207e-01
9.267849984410494457e-01
9.203821656050955591e-01
9.189122978931896224e-01
9.256714622956661032e-01
9.174201594583759611e-01
9.232328181372766451e-01
9.152487639748785320e-01
9.230546523540154036e-01
9.252594539218741421e-01
9.185114248808516901e-01
9.177096788561757146e-01
9.213509420515790804e-01
9.230991937998307417e-01
9.218297625940937712e-01
9.181328225914213714e-01
9.240345641619526207e-01
9.149481092156250828e-01
9.149369738541712760e-01
9.187452674713822987e-01
9.217184089795554813e-01
9.209946104850563753e-01
9.174535655427374925e-01
9.214288895817558389e-01
9.225758318115006018e-01
9.214400249432096457e-01
9.178878446394369561e-01
9.260611999465502286e-01
9.105496414413613016e-01
9.213398066901251626e-01
9.220079283773551238e-01
9.229544341009309205e-01
9.218297625940937712e-01
9.211282348225023897e-01
9.277760456104404696e-01
9.104605585497305142e-01
9.227205915104004230e-01
9.178098971092601976e-01
9.151708164447018845e-01
9.245133847044674225e-01
9.247583626564518378e-01
9.230323816311076790e-01
9.118747494543673060e-01
9.204489777738185108e-01
9.263952607901653202e-01
9.163400293973541499e-01
9.191795465680816513e-01
9.193688477127968106e-01
9.232996303059997079e-01
9.160616453610084253e-01
9.217852211482784330e-01
9.231103291612845485e-01
9.227874036791234857e-01
9.248251748251747895e-01
9.120306445147209340e-01
9.245245200659213403e-01
9.253708075364126540e-01
9.211950469912253414e-01
9.281546478998707883e-01
9.116186361409290839e-01
9.215847846421094669e-01
9.233887131976303841e-01
9.265956972963341753e-01
9.223419892209701043e-01
9.227985390405772925e-01
9.234666607278072537e-01
9.155716894570398168e-01
9.255044318738586684e-01
9.231437352456460799e-01
9.230546523540155146e-01
9.286111977194780875e-01
9.185002895193978834e-01
9.276424212729945662e-01
9.191127343993585885e-01
9.246136029575520165e-01
9.162398111442697779e-01
9.260723353080040354e-01
9.216961382566479788e-01
9.178321678321678112e-01
9.218186272326400754e-01
9.210614226537794380e-01
9.217072736181016746e-01
9.165738719878848695e-01
9.222863124137009594e-01
9.202485412676495447e-01
9.202039998218343175e-01
9.269742995857644940e-01
9.109282437307913982e-01
9.293127254910694690e-01
9.206605496414413947e-01
9.270188410315799432e-01
9.241013763306757944e-01
9.202485412676495447e-01
9.262059596454501609e-01
9.216850028951939500e-01
9.276646919959021798e-01
9.145695069261947641e-01
9.257271391029352481e-01
9.254153489822278811e-01
9.201705937374726751e-01
9.159280210235625219e-01
9.186895906641129317e-01
9.222863124137008484e-01
9.165404659035232271e-01
9.171974522292996035e-01
9.227651329562157612e-01
9.165181951806155025e-01
9.248585809095364318e-01
9.249810698855285285e-01
9.258050866331121176e-01
9.163288940359004542e-01
9.227428622333081476e-01
9.194690659658811827e-01
9.210502872923255202e-01
9.235112021736224808e-01
9.224199367511469738e-01
9.187898089171975258e-01
9.187675381942899122e-01
9.175760545187297001e-01
9.224978842813237323e-01
9.239120751859605241e-01
9.202596766291033514e-01
9.282660015144091892e-01
9.197808560865885497e-01
9.173644826511068162e-01
9.173867533740145408e-01
9.204044363280032837e-01
9.197363146407733225e-01
9.215513785577479355e-01
9.128101198164892960e-01
9.214957017504787906e-01
9.261614181996348227e-01
9.218854394013629161e-01
9.149926506614404209e-01
9.186784553026592359e-01
9.200592401229343853e-01
9.223531245824239111e-01
9.103714756580998380e-01
9.152042225290633048e-01
9.154714712039552227e-01
9.235668789808918477e-01
9.183610975012249655e-01
9.237116386797915579e-01
9.228319451249387129e-01
9.157721259632088939e-01
9.157609906017549761e-01
9.165627366264309517e-01
9.073426573426572883e-01
9.244020310899292436e-01
9.179769275310676324e-01
9.151596810832478557e-01
9.230880584383769349e-01
9.188232150015589461e-01
9.168188499398690627e-01
9.244020310899291326e-01
9.199590218698500133e-01
9.048817424613602167e-01
9.142911228898489284e-01
9.226983207874928095e-01
9.147810787938177590e-01
9.161618636140930194e-01
9.161618636140929084e-01
9.068415660772348730e-01
9.096922186094160701e-01
9.188120796401050283e-01
9.120751859605362721e-01
9.183889359048594825e-01
9.192018172909892648e-01
9.227651329562158722e-01
9.218520333170014958e-01
9.130662331299272960e-01
9.214177542203020321e-01
9.234777960892610604e-01
9.188120796401050283e-01
9.249365284397131903e-01
9.203710302436416413e-01
9.217518150639169017e-01
9.243129481982985673e-01
9.250367466927975624e-01
9.233775778361765774e-01
9.146474544563716336e-01
9.108725669235223643e-01
9.236670972339762198e-01
9.270522471159413636e-01
9.234889314507148672e-01
9.224978842813238433e-01
9.234777960892610604e-01
9.254042136207741853e-01
9.255935147654893447e-01
9.267849984410493347e-01
9.225201550042314569e-01
9.207050910872567329e-01
9.203821656050954481e-01
9.204044363280032837e-01
9.214177542203019211e-01
9.231103291612845485e-01
9.219188454857243364e-01
9.259275756091042142e-01
9.224533428355083942e-01
9.253819428978664607e-01
9.239120751859606351e-01
9.280655650082401120e-01
9.176540020489065697e-01
9.173644826511068162e-01
9.222640416907933458e-01
9.290900182619927783e-01
9.192686294597122165e-01
9.266291033806958177e-01
9.263395839828960643e-01
9.215959200035632737e-01
9.246915504877287750e-01
9.161618636140929084e-01
9.206605496414413947e-01
9.151708164447018845e-01
9.210725580152331338e-01
9.167743084940537246e-01
9.259721170549195524e-01
9.183555298204979511e-01
9.248029041022671759e-01
9.212507237984945974e-01
9.182330408445058545e-01
9.196806378335041776e-01
9.219411162086321720e-01
9.205046545810876557e-01
9.224756135584161187e-01
9.207941739788872981e-01
9.224644781969624230e-01
9.233553071132689638e-01
9.160616453610084253e-01
9.254821611509509438e-01
9.188900271702820088e-01
9.139570620462339479e-01
9.165516012649770339e-01
9.277092334417175179e-01
9.177987617478063909e-01
9.224310721126007806e-01
9.165404659035234491e-01
9.249365284397131903e-01
9.239120751859605241e-01
9.168188499398691738e-01
9.207496325330719600e-01
9.233441717518150460e-01
9.237784508485145096e-01
9.171640461449379611e-01
9.236448265110686062e-01
9.256603269342124074e-01
9.188343503630128639e-01
9.155382833726781744e-01
9.206605496414413947e-01
9.253262660905973158e-01
9.241570531379449394e-01
9.218854394013630271e-01
9.223197184980624908e-01
9.174647009041914103e-01
9.203042180749186896e-01
9.260166585007350015e-01
9.115740946951137458e-01
9.214288895817558389e-01
9.164402476504387440e-01
9.152376286134247252e-01
9.209389336777873414e-01
9.212952652443099355e-01
9.170638278918534780e-01
9.186227784953899800e-01
9.056055409558594338e-01
9.135450536724420978e-01
9.187007260255667385e-01
9.186005077724823664e-01
9.147588080709099234e-01
9.219967930159012059e-01
9.180548750612445019e-01
9.197808560865885497e-01
9.176762727718141832e-01
9.146808605407330539e-01
9.144804240345640878e-01
9.215402431962942398e-01
9.222640416907933458e-01
9.198365328938578056e-01
9.198365328938575836e-01
9.197140439178655980e-01
9.162064050599081355e-01
9.191461404837201199e-01
9.215179724733865152e-01
9.069640550532270806e-01
9.181996347601444342e-01
9.210391519308717134e-01
9.231103291612845485e-01
9.203821656050955591e-01
9.122199456594362044e-01
9.198588036167654192e-01
9.226203732573159400e-01
9.220301991002627373e-01
9.176540020489065697e-01
9.174090240969221544e-01
9.095697296334239734e-01
9.190125161462741055e-01
9.211616409068638101e-01
9.238341276557836546e-01
9.189234332546435402e-01
9.194467952429736801e-01
9.249810698855284175e-01
9.199701572313037090e-01
9.192909001826199411e-01
9.260500645850964219e-01
9.228987572936617756e-01
9.254710257894971370e-01
9.240234288004987029e-01
9.200146986771191582e-01
9.154157943966860778e-01
9.264509375974344652e-01
9.164068415660772127e-01
9.317068282036434779e-01
9.245801968731905962e-01
9.133446171662733537e-01
9.184000712663131782e-01
9.254487550665894124e-01
9.240902409692218766e-01
9.239900227161373936e-01
9.299808471782994301e-01
9.194579306044273759e-01
9.210836933766869405e-01
9.204935192196337379e-01
9.247806333793595623e-01
9.239343459088681376e-01
9.234777960892610604e-01
9.286891452496547350e-01
9.230880584383769349e-01
9.223419892209699933e-01
9.191572758451740377e-01
9.274308494053716823e-01
9.212061823526791482e-01
9.206382789185336701e-01
9.189345686160974580e-01
9.139904681305955902e-01
9.269854349472184118e-01
9.249031223553516590e-01
9.228319451249387129e-01
9.138791145160571894e-01
9.207941739788872981e-01
9.200592401229342743e-01
9.205269253039953803e-01
9.249142577168054657e-01
9.223085831366086840e-01
9.234777960892609494e-01
9.186339138568437868e-01
9.115295532492984076e-01
9.226871854260390027e-01
9.180994165070599511e-01
9.213843481359405008e-01
9.302258251302838454e-01
9.179212507237984875e-01
9.166184134337000966e-01
9.286111977194780875e-01
9.234777960892610604e-01
9.209946104850563753e-01
9.230435169925615968e-01
9.229321633780231959e-01
9.155494187341320922e-01
9.175649191572758934e-01
9.224978842813238433e-01
9.251815063916974946e-01
9.213175359672174380e-01
9.211282348225022787e-01
9.205714667498107184e-01
9.225424257271391815e-01
9.224199367511469738e-01
9.177208142176294103e-01
9.180437396997906951e-01
9.223085831366086840e-01
9.195358781346041344e-01
9.263841254287115135e-01
9.231660059685538045e-01
9.204267070509108972e-01
9.235780143423455435e-01
9.225312903656853747e-01
9.212061823526791482e-01
9.210725580152332448e-01
9.190236515077280233e-01
9.239343459088682486e-01
9.209723397621487617e-01
9.194579306044274869e-01
9.216515968108324186e-01
9.233107656674536257e-01
9.184000712663134003e-01
9.178767092779831493e-01
9.157275845173933337e-01
9.124537882499664798e-01
9.246358736804597411e-01
9.244799786201061131e-01
9.196360963876888395e-01
9.100040087301235481e-01
9.112400338514988762e-01
9.152487639748786430e-01
9.192129526524430716e-01
9.190570575920895546e-01
9.246358736804597411e-01
9.188677564473742843e-01
9.162732172286311982e-01
9.191795465680816513e-01
9.178098971092603087e-01
9.103826110195538668e-01
9.195024720502428250e-01
9.151930871676093870e-01
9.135784597568037402e-01
9.184780187964901588e-01
9.172197229522069950e-01
9.188232150015589461e-01
9.189457039775512648e-01
9.169413389158611594e-01
9.208053093403412159e-01
9.201705937374727862e-01
9.217184089795554813e-01
9.193911184357044242e-01
9.137009487327960588e-01
9.153935236737784642e-01
9.255267025967662819e-01
9.219522515700858678e-01
9.209723397621487617e-01
9.252594539218742531e-01
9.225758318115004908e-01
9.147476727094561166e-01
9.227317268718542298e-01
9.211727762683176168e-01
9.232105474143690316e-01
9.199924279542114336e-01
9.260723353080041464e-01
9.240234288004989249e-01
9.191127343993586996e-01
9.172419936751147196e-01
9.189791100619125741e-01
9.197363146407733225e-01
9.115072825263907941e-01
9.254042136207741853e-01
9.212173177141329550e-01
9.275978798271792281e-01
9.238898044630530215e-01
9.243240835597522631e-01
9.241013763306756834e-01
9.244799786201058911e-01
9.239343459088682486e-01
9.269520288628568805e-01
9.240679702463141520e-01
9.243352189212061809e-01
9.217184089795555924e-01
9.259609816934657456e-01
9.298472228408533047e-01
9.227205915104004230e-01
9.269297581399492669e-01
9.241347824150372148e-01
9.205380606654491871e-01
9.206048728341722498e-01
9.271858714533872670e-01
9.262170950069039677e-01
9.232105474143691426e-01
9.243352189212061809e-01
9.252371831989666395e-01
9.264398022359806584e-01
9.264063961516191270e-01
9.243797603670214080e-01
9.254153489822279921e-01
9.212061823526791482e-01
9.257828159102043930e-01
9.234889314507148672e-01
9.265511558505189482e-01
9.190570575920895546e-01
9.265622912119727550e-01
9.287448220569239909e-01
9.237784508485145096e-01
9.246247383190059344e-01
9.250478820542513692e-01
9.233553071132689638e-01
9.231994120529152248e-01
9.238007215714222342e-01
9.274531201282792958e-01
9.177319495790834392e-01
9.211170994610484719e-01
9.206939557258028151e-01
9.279987528395171603e-01
9.200592401229344963e-01
9.217963565097322398e-01
9.223976660282392492e-01
9.218520333170013847e-01
9.232328181372767562e-01
9.189011625317358156e-01
9.260389292236426151e-01
9.217295443410092881e-01
9.217295443410092881e-01
9.262616364527193058e-01
9.252594539218743641e-01
9.189122978931896224e-01
9.220636051846242687e-01
9.252705892833281709e-01
9.227874036791233747e-01
9.230769230769231282e-01
9.232550888601844807e-01
9.103714756580998380e-01
9.226871854260388917e-01
9.228876219322078578e-01
9.243574896441139055e-01
9.216850028951939500e-01
9.197363146407732115e-01
9.247249565720904174e-01
9.265511558505188372e-01
9.206160081956260566e-01
9.250144759698899488e-01
9.224978842813237323e-01
9.257716805487506972e-01
9.225090196427776501e-01
9.222529063293394280e-01
9.164513830118926618e-01
9.259387109705581320e-01
9.159502917464701355e-01
9.190125161462742165e-01
9.172753997594762509e-01
9.215847846421094669e-01
9.211505055454101143e-01
9.175871898801833959e-01
7.480958531913945997e-01
7.451004409603135814e-01
6.589127433076478191e-01
6.907598770656095954e-01
8.572892076076790158e-01
7.291434679969710508e-01
8.770099327424167868e-01
7.184869270856532042e-01
6.828871765177497721e-01
8.914636319094917383e-01
9.168077145784152560e-01
7.640082847089215701e-01
7.232417264264396906e-01
7.275956527548884667e-01
6.851031134470624284e-01
6.947352011046278308e-01
9.250534497349783836e-01
8.094962362478287377e-01
7.278016569417842252e-01
7.373056879426306276e-01
6.917063827891853922e-01
8.969645004676851663e-01
7.325063471560286921e-01
7.433633245735156159e-01
8.298182709010734071e-01
7.510355886152063620e-01
6.902754888423677793e-01
7.345107122177185754e-01
7.536746692797648972e-01
7.515923566878981443e-01
7.368936795688387775e-01
7.501336243374460144e-01
9.130049886419313587e-01
8.546278562202128670e-01
6.906819295354327259e-01
7.214712039552804157e-01
7.234087568482472363e-01
7.343882232417263678e-01
6.943565988151975121e-01
9.226871854260390027e-01
6.867288762193221041e-01
7.420382165605095004e-01
9.224310721126007806e-01
9.096309741214199107e-01
9.217629504253708195e-01
6.857155583270233556e-01
9.262505010912653880e-01
6.871297492316600364e-01
9.060175493296511728e-01
7.523161551823973614e-01
9.077323949935416358e-01
8.604182441762059375e-01
8.996481225780589286e-01
9.273863079595563441e-01
7.328125695960091557e-01
7.265879025433166216e-01
8.959400472139325000e-01
8.095296423321900470e-01
9.015856754710257492e-01
6.914168633913857498e-01
9.228542158478464374e-01
6.870573693822101813e-01
7.223620328715869565e-01
8.700614671952251467e-01
9.268518106097725084e-01
8.607634403812746138e-01
7.350563449289564399e-01
7.256246937775600037e-01
9.153823883123246574e-01
6.736225557881608816e-01
7.262148679346132063e-01
9.170972339762148984e-01
8.756068771992338018e-01
6.833882677831721875e-01
9.217406797024630949e-01
6.925415348982227881e-01
9.078159102044452977e-01
9.142020399982184742e-01
7.143445726248274230e-01
9.214066188588481143e-01
8.943031490802193506e-01
7.236648701616854584e-01
9.122088102979822866e-01
8.703064451472094509e-01
9.270299763930336390e-01
8.969422297447773307e-01
9.275978798271791170e-01
7.269943432363814573e-01
9.043027036657611539e-01
9.195692842189657767e-01
8.784129882855997717e-01
8.991470313126362912e-01
8.069796445592625211e-01
9.235223375350763986e-01
5.000000000000000000e-01
8.912297893189613518e-01
7.351064540554985705e-01
9.171195046991225119e-01
9.182553115674133570e-01
8.656128902944190129e-01
9.048928778228141345e-01
9.108614315620685575e-01
8.354638991581666563e-01
9.166852256024230483e-01
9.208053093403412159e-01
7.261146496815286122e-01
9.143022582513029572e-01
9.162620818671773915e-01
9.075096877644649451e-01
8.392666250946505535e-01
7.548717206360517906e-01
8.250857422831945343e-01
7.330074384214511074e-01
7.261369204044363368e-01
9.207162264487105396e-01
9.200035633156653514e-01
8.994142799875284311e-01
6.994231882766914765e-01
8.918422341989220570e-01
9.167631731325998068e-01
7.215936929312726233e-01
7.227072290766558549e-01
9.030555431829316859e-01
6.773361988330139916e-01
9.151151396374326286e-01
7.314373524564607987e-01
7.339316734221192906e-01
9.223308538595162975e-01
8.378580018707407762e-01
7.255244755244755206e-01
7.370718453521001301e-01
6.980980802636853610e-01
7.188766647365374407e-01
7.121787448220568972e-01
7.017059373747271955e-01
6.991002627945304138e-01
8.732684512939290489e-01
7.418377800543405343e-01
7.172453342835509726e-01
5.644681751369649003e-01
7.205469689546122325e-01
7.324395349873056293e-01
6.903200302881831174e-01
7.453899603581132238e-01
6.571978976437575781e-01
7.855774798449957075e-01
9.220970112689856890e-01
7.653111219990200720e-01
9.249031223553516590e-01
8.448621442252015612e-01
6.791679657921696478e-01
8.240724243908956748e-01
7.219388891363414107e-01
8.865529375083516239e-01
8.905059908244621347e-01
6.958264665271034488e-01
9.255155672353124752e-01
8.502405238074028926e-01
7.376119103826110912e-01
7.576277225958754080e-01
8.601509955013139086e-01
7.282080976348492829e-01
6.788617433521891842e-01
6.920460113135272762e-01
7.278517660683265778e-01
7.824261725535611722e-01
8.434368179591109627e-01
8.852835063026147644e-01
7.330631152287203633e-01
8.509197808560866605e-01
6.794018083827000343e-01
9.163233263551735508e-01
8.927887399224979648e-01
8.913300075720458349e-01
9.141296601487685081e-01
7.079640105117812610e-01
9.262616364527193058e-01
7.122956661173222015e-01
9.105719121642688041e-01
7.252906329339450231e-01
8.876219322079195173e-01
8.892365596187251642e-01
9.122644871052514315e-01
7.363814529419624444e-01
9.185559663266669173e-01
7.686962718809852158e-01
9.061066322212820712e-01
7.256803705848291486e-01
9.184223419892210138e-01
8.987628613424791801e-01
7.940292191884548156e-01
7.440871230680148329e-01
7.191661841343368611e-01
9.219856576544475102e-01
9.132221281902810350e-01
5.000000000000000000e-01
9.026880762549553960e-01
9.051322880940716464e-01
8.817647320832033841e-01
8.366999242795420955e-01
7.572936617522604275e-01
8.620273039062847920e-01
8.401630216916841087e-01
9.152710346977862566e-01
9.193354416284352792e-01
7.594650572357579676e-01
9.059061957151131050e-01
9.219856576544473992e-01
9.214622956661173703e-01
7.858558638813415431e-01
8.993251970958976438e-01
9.062736626430893949e-01
9.234666607278072537e-01
5.000000000000000000e-01
9.177987617478065019e-01
9.223197184980623797e-01
8.965747628168009298e-01
9.141463631909492182e-01
9.203821656050956701e-01
9.198532359360385158e-01
8.928778228141285300e-01
8.351743797603670139e-01
9.237116386797915579e-01
9.156050955414012371e-01
7.377956438465992361e-01
7.643200748296290481e-01
9.147309696672754065e-01
7.625495523584695512e-01
7.360919335441629130e-01
9.245690615117366784e-01
9.150149213843480345e-01
7.359583092067168986e-01
7.256135584161061969e-01
9.178210324707141154e-01
7.331967395661662668e-01
7.253685804641218926e-01
9.206271435570799744e-01
7.747928822769587498e-01
7.360251213754398503e-01
9.166184134337000966e-01
8.917642866687452985e-01
7.339817825486616432e-01
8.937129749231660369e-01
7.142777604561043603e-01
7.249899781746915739e-01
7.283751280566567177e-01
8.989577301679212429e-01
6.968731905037637286e-01
7.271836443810966166e-01
9.210057458465101821e-01
7.280744732974031574e-01
9.107946193933453838e-01
7.250011135361453807e-01
6.939724288450402900e-01
7.315932475168144267e-01
9.173088058438376713e-01
6.923856398378690491e-01
7.288539485991714084e-01
7.342657342657342712e-01
7.277070063694267565e-01
7.469600463231036436e-01
6.677152465369025069e-01
7.221448933232372802e-01
7.226292815464789854e-01
7.236760055231393762e-01
8.785466126230457862e-01
7.269943432363814573e-01
7.186762282303682525e-01
7.251904146808605400e-01
7.243886686561845645e-01
7.694868825442073845e-01
7.176517749766158083e-01
7.224733864861253574e-01
6.916618413433700541e-01
7.650772794084895745e-01
9.045476816177452362e-01
7.169391118435703980e-01
7.230858313660860626e-01
7.542203019910025397e-01
5.446026903033271971e-01
7.349338559529642323e-01
7.796534675515567336e-01
8.824996659391562970e-01
7.663244398913189315e-01
7.299006725758319103e-01
8.063170905527593524e-01
7.264932519709589309e-01
7.290989265511558237e-01
7.233976214867934296e-01
7.300509999554585239e-01
8.847378735913766779e-01
9.074874170415572205e-01
7.281858269119415583e-01
8.339494900004453815e-01
7.350006681216871840e-01
7.032537526168098907e-01
7.176517749766156973e-01
8.116342256469645244e-01
9.241236470535834080e-01
9.031557614360161690e-01
9.174981069885528306e-01
7.279408489599572540e-01
8.964968152866241713e-01
7.194055944055943730e-01
9.004053271569195660e-01
9.069529196917731628e-01
8.701839561712172433e-01
9.245913322346444030e-01
7.418711861387021766e-01
9.263618547058036778e-01
9.244577078971983886e-01
8.790254331655604769e-01
7.227072290766558549e-01
7.287147565809987126e-01
7.266602823927664767e-01
7.881386129793773732e-01
6.705714667498107184e-01
8.804396240701972687e-01
9.057168945703977236e-01
8.750723798494497441e-01
9.008618769765266432e-01
9.222417709678856212e-01
9.212507237984945974e-01
9.260723353080041464e-01
9.247360919335441132e-01
8.693042626163645092e-01
5.384448354193577257e-01
7.700659213398067804e-01
8.381809273529019499e-01
9.252705892833281709e-01
7.345218475791723822e-01
9.062513919201816703e-01
8.580352768250856244e-01
8.840029397354238760e-01
7.343882232417264788e-01
7.301011090820007654e-01
8.945035855863880947e-01
9.232662242216381765e-01
7.525165916885661055e-01
9.153267115050556235e-01
7.233308093180704779e-01
6.842178522114827910e-01
9.198922097011268395e-01
9.220636051846242687e-01
7.224733864861252464e-01
7.488196516858935947e-01
9.158166674090240100e-01
9.150817335530712082e-01
4.984076433121019112e-01
7.222952207028640048e-01
7.184646563627454796e-01
7.708899380873903695e-01
7.089717607233531060e-01
9.186005077724823664e-01
7.095842056033138112e-01
7.350786156518640535e-01
8.923321901028907766e-01
6.683555298204979511e-01
7.752884058616541507e-01
9.095363235490623310e-01
7.346554719166185077e-01
7.445325375261681033e-01
7.506068771992339128e-01
9.183276914168635452e-01
9.001937552892966821e-01
7.373947708342613039e-01
9.209389336777871193e-01
7.250567903434145256e-01
7.298895372143779925e-01
7.508574228319452315e-01
5.000000000000000000e-01
7.440871230680148329e-01
9.039686428221460623e-01
9.225869671729545196e-01
5.000000000000000000e-01
7.532960669903345785e-01
7.262037325731593995e-01
9.041690793283150285e-01
8.899269520288628499e-01
8.273462206583226397e-01
7.468375573471115469e-01
6.151786111977195493e-01
9.141797692753106386e-01
7.379069974611376370e-01
7.177185871453386490e-01
9.262059596454501609e-01
7.352790521580330196e-01
7.199011179902898849e-01
7.245334283550843857e-01
6.929758139949222517e-01
7.675827357356019842e-01
6.881096610395973645e-01
7.289987082980714517e-01
9.227205915104004230e-01
9.192574940982584097e-01
9.259164402476504074e-01
7.423277359583091428e-01
8.471114872388758599e-01
9.242015945837601665e-01
6.979978620106008780e-01
6.614571733998486636e-01
9.231660059685538045e-01
7.484744554808249184e-01
7.226626876308405167e-01
9.218297625940938822e-01
8.443053761525098899e-01
9.238341276557837656e-01
9.218965747628168339e-01
9.189568393390049605e-01
8.691706382789186058e-01
9.250256113313438666e-01
7.366264308939468597e-01
9.194356598815197623e-01
9.228430804863926307e-01
7.389648567992517236e-01
8.407977372945526495e-01
9.225758318115006018e-01
7.666028239276647671e-01
9.204601131352723176e-01
7.322892076076790158e-01
8.847601443142845135e-01
9.233330363903612392e-01
9.237227740412454757e-01
9.208609861476103609e-01
6.856153400739388726e-01
9.247583626564518378e-01
9.004610039641887109e-01
9.205380606654491871e-01
9.200926462072959167e-01
9.139793327691416724e-01
9.171529107834840433e-01
9.143635027392987835e-01
9.220970112689859111e-01
9.176540020489065697e-01
9.184223419892210138e-01
9.218186272326399644e-01
9.248363101866287073e-01
9.233553071132688528e-01
9.216738675337402542e-01
9.219745222929935924e-01
9.226760500645851959e-01
9.204935192196339599e-01
9.213620774130328872e-01
9.220636051846242687e-01
9.272415482606565229e-01
9.159502917464700245e-01
9.223865306667855535e-01
9.269965703086722186e-01
9.181328225914213714e-01
9.235780143423455435e-01
9.254598904280432192e-01
9.196917731949579844e-01
9.212061823526792592e-01
9.196360963876888395e-01
9.219522515700859788e-01
9.204378424123647040e-01
9.275978798271792281e-01
9.245634938310096640e-01
9.194690659658812937e-01
9.231882766914613070e-01
9.274753908511871314e-01
9.084895995724020512e-01
9.033339272192775216e-01
9.208053093403412159e-01
9.216515968108325296e-01
9.214957017504787906e-01
9.141129571065875759e-01
9.188566210859203665e-01
9.236559618725224130e-01
9.256380562113046828e-01
9.245022493430137267e-01
9.250812881386130115e-01
9.215179724733865152e-01
9.216515968108325296e-01
9.249365284397131903e-01
9.192797648211662453e-01
9.157498552403011693e-01
9.162620818671772804e-01
9.240791056077679588e-01
9.227985390405772925e-01
9.173533472896530094e-01
9.103603402966460312e-01
9.188677564473743953e-01
9.100596855373925820e-01
9.195358781346043564e-01
9.174312948198297679e-01
9.216738675337401432e-01
9.205603313883568006e-01
9.213509420515790804e-01
9.182330408445057435e-01
9.204267070509108972e-01
9.196583671105964530e-01
9.147699434323638412e-01
9.231771413300075002e-01
9.197251792793194047e-01
9.217740857868247373e-01
9.189234332546434292e-01
9.155939601799474303e-01
9.128101198164892960e-01
9.190013807848202987e-01
9.207162264487105396e-01
9.171974522292994925e-01
9.194913366887891293e-01
9.203487595207341387e-01
9.146140483720102132e-01
9.210057458465101821e-01
9.198253975324037768e-01
9.233998485590841909e-01
9.151040042759789328e-01
9.184780187964900477e-01
9.234777960892610604e-01
9.164625183733464686e-01
9.183443944590441443e-01
9.183666651819518689e-01
9.244799786201060021e-01
9.201260522916574480e-01
7.503340608436150916e-01
7.507460692174067196e-01
7.252015500423144578e-01
9.222640416907933458e-01
9.026992116164090918e-01
9.212729945214022109e-01
9.262950425370807261e-01
9.198142621709499700e-01
9.209834751236025685e-01
7.391040488174246414e-01
7.243663979332768399e-01
9.204044363280031726e-01
9.226983207874928095e-01
7.241325553427464534e-01
9.170860986147612026e-01
9.261391474767270982e-01
9.247472272949980310e-01
9.099594672843080989e-01
9.137454901786112860e-01
9.281101064540555612e-01
9.218743040399091093e-01
6.970736270099326948e-01
9.234777960892609494e-01
9.215402431962941288e-01
9.254264843436816879e-01
6.624927620150549146e-01
9.259387109705580210e-01
9.223085831366086840e-01
9.178655739165293426e-01
9.211505055454100033e-01
9.228319451249387129e-01
9.179657921696138256e-01
9.240345641619527317e-01
9.221638234377088628e-01
9.157275845173934448e-01
9.209612044006948439e-01
9.236114204267070749e-01
8.971426662509465189e-01
9.233163333481805291e-01
9.178544385550755358e-01
9.229321633780231959e-01
9.203376241592801099e-01
9.213954834973943075e-01
9.222974477751546551e-01
9.235112021736225918e-01
9.261725535610887405e-01
9.182775822903210816e-01
9.061400383056434915e-01
9.245133847044675335e-01
9.216181907264711093e-01
9.242906774753909538e-01
9.167965792169613382e-01
9.114961471649369873e-01
9.198365328938578056e-01
9.120417798761748518e-01
9.269965703086723297e-01
5.000000000000000000e-01
9.255935147654893447e-01
9.163288940359005652e-01
9.144358825887488607e-01
9.235112021736227028e-01
9.206716850028953125e-01
9.237673154870607028e-01
9.226649147031312781e-01
9.278094516948018899e-01
9.241793238608524419e-01
9.244688432586521953e-01
9.256157854883969582e-01
9.198699389782192259e-01
9.200258340385729650e-01
9.233887131976303841e-01
9.197140439178657090e-01
9.218631686784551915e-01
9.184557480735824342e-01
9.250256113313437556e-01
9.117633958398289051e-01
9.204155716894569794e-01
9.274308494053716823e-01
7.065943610529598073e-01
9.211505055454100033e-01
9.243240835597523741e-01
9.117856665627366297e-01
9.192574940982584097e-01
9.224533428355083942e-01
9.152042225290633048e-01
9.268740813326800110e-01
9.229878401852923409e-01
9.174090240969221544e-01
9.220858759075321043e-01
9.249253930782592725e-01
9.247138212106367217e-01
9.275087969355486628e-01
9.259832524163735812e-01
9.195692842189656657e-01
9.153489822279631261e-01
9.223308538595162975e-01
9.196472317491426463e-01
9.198253975324038878e-01
9.155939601799475414e-01
9.140238742149568996e-01
9.211170994610484719e-01
9.241904592223062487e-01
9.260389292236426151e-01
9.235112021736227028e-01
9.119192909001826441e-01
9.183332590975903376e-01
9.117968019241905475e-01
9.236448265110686062e-01
9.145361008418333437e-01
9.228096744020310993e-01
9.140461449378646241e-01
9.198253975324038878e-01
9.207496325330719600e-01
9.123758407197897213e-01
9.221526880762548339e-01
9.194133891586121488e-01
9.148033495167251505e-01
9.244354371742906640e-01
9.239677519932296690e-01
9.156162309028551549e-01
9.233887131976303841e-01
9.156162309028552659e-01
9.165181951806156135e-01
9.152933054206939811e-01
4.925226047837513166e-01
7.303572223954388765e-01
9.238675337401451859e-01
9.244577078971982775e-01
9.201817290989265929e-01
7.265266580553204623e-01
7.307803661306846443e-01
9.204601131352723176e-01
8.094739655249210131e-01
9.163066233129928406e-01
7.314262170950068809e-01
8.419001380784820743e-01
4.984076433121019112e-01
9.255601086811278133e-01
7.586800142532627023e-01
9.188009442786513326e-01
9.263284486214422575e-01
7.276067881163422735e-01
7.298672664914702679e-01
9.248140394637210937e-01
9.254042136207742963e-01
9.207941739788874091e-01
7.508351521090375069e-01
9.210614226537794380e-01
9.220357667809896407e-01
9.202151351832880133e-01
8.595942274286224594e-01
9.178989800008907629e-01
9.191350051222663131e-01
8.761079684646564392e-01
9.268852166941339288e-01
9.177987617478063909e-01
9.288895817558238122e-01
9.258273573560198422e-01
9.144470179502026674e-01
9.230657877154692104e-01
9.178321678321677002e-01
9.106387243329918668e-01
9.059730078838359457e-01
9.182107701215982409e-01
9.232550888601844807e-01
9.220747405460781865e-01
9.154157943966860778e-01
9.212618591599484041e-01
9.231994120529153358e-01
9.231660059685538045e-01
9.150149213843481455e-01
9.069751904146808874e-01
9.231103291612845485e-01
9.254710257894970260e-01
9.198588036167655302e-01
9.248697162709901276e-01
9.259943877778272769e-01
6.464689768829896543e-01
9.230769230769231282e-01
9.216404614493786118e-01
9.216961382566477567e-01
9.185114248808516901e-01
9.313504966371208837e-01
9.190793283149970572e-01
9.226426439802236645e-01
9.215513785577480466e-01
9.183221237361365308e-01
9.265845619348803686e-01
9.253374014520512336e-01
9.227874036791233747e-01
9.222863124137010704e-01
9.193688477127968106e-01
9.198922097011268395e-01
9.145695069261947641e-01
9.288450403100084740e-01
9.231548706070997756e-01
9.195470134960581632e-01
9.196026903033273081e-01
9.212507237984944863e-01
9.197919914480425785e-01
9.217963565097322398e-01
9.219077101242706407e-01
9.156385016257627685e-01
9.242906774753909538e-01
9.254042136207740743e-01
9.228876219322079688e-01
9.226871854260391137e-01
9.152487639748786430e-01
9.177208142176294103e-01
9.196806378335040666e-01
9.248363101866285962e-01
9.232996303059998189e-01
9.187675381942899122e-01
9.063293394503585398e-01
9.203042180749186896e-01
9.203487595207340277e-01
9.255155672353124752e-01
9.232439534987305629e-01
9.205491960269031049e-01
9.221749587991625585e-01
9.210948287381408583e-01
9.184446127121286274e-01
9.204823838581800421e-01
9.243797603670216301e-01
9.151374103603404642e-01
9.203153534363724964e-01
9.231437352456459688e-01
7.853547726159191278e-01
9.217629504253708195e-01
9.212952652443098245e-01
9.238229922943298478e-01
9.170860986147610916e-01
9.150371921072557591e-01
9.232105474143691426e-01
9.229098926551156934e-01
9.245133847044675335e-01
9.220636051846242687e-01
9.182775822903210816e-01
9.148590263239944065e-01
9.197808560865886607e-01
9.199812925927576268e-01
4.984076433121019112e-01
9.176428666874526519e-01
9.199033450625806463e-01
9.207273618101643464e-01
9.274085786824640687e-01
9.187675381942898012e-01
9.183221237361365308e-01
7.455347200570130450e-01
9.203376241592802209e-01
9.164291122889849373e-01
9.177653556634448595e-01
9.210057458465102931e-01
9.177987617478063909e-01
9.194022537971583420e-01
9.192352233753507962e-01
9.238452630172375724e-01
9.226426439802237756e-01
9.215513785577480466e-01
9.246804151262750793e-01
9.186339138568437868e-01
9.210391519308717134e-01
9.204489777738185108e-01
9.182887176517749994e-01
9.214622956661173703e-01
9.127210369248587307e-01
9.234944991314419926e-01
9.212284530755867618e-01
9.167409024096921932e-01
9.239232105474143308e-01
9.201928644603805107e-01
9.179101153623447917e-01
9.211950469912253414e-01
9.281546478998707883e-01
9.220858759075319933e-01
9.262393657298116922e-01
9.205491960269029939e-01
9.174647009041914103e-01
9.158500734933856524e-01
9.182664469288672748e-01
9.225535610885929882e-01
9.153267115050556235e-01
9.250256113313437556e-01
9.225591287693200027e-01
9.118302080085519679e-01
9.228430804863926307e-01
9.228096744020312103e-01
9.135339183109885131e-01
9.226203732573160510e-01
9.226983207874926984e-01
9.188788918088279800e-01
9.246692797648212725e-01
9.274308494053716823e-01
9.184112066277672071e-01
9.165738719878847585e-01
9.235557436194379299e-01
9.165850073493385652e-01
9.198142621709500810e-01
9.247806333793595623e-01
9.184334773506748206e-01
9.218520333170014958e-01
9.192129526524430716e-01
9.238118569328760410e-01
9.270745178388490881e-01
9.273974433210101509e-01
9.181328225914213714e-01
9.175983252416373137e-01
9.268740813326800110e-01
9.270077056701260254e-01
9.226426439802235535e-01
9.203821656050955591e-01
9.189122978931898444e-01
9.196138256647811149e-01
9.145138301189257302e-01
9.240234288004989249e-01
9.262839071756270304e-01
9.090909090909091717e-01
9.265622912119727550e-01
9.168745267471382077e-01
9.223308538595162975e-01
9.242572713910294224e-01
9.232216827758228384e-01
9.294129437441538411e-01
9.189122978931896224e-01
9.193688477127966996e-01
9.262170950069039677e-01
9.280210235624248849e-01
9.227205915104005340e-01
9.230212462696539832e-01
9.195470134960581632e-01
9.236448265110686062e-01
9.300810654313839132e-01
9.162509465057235847e-01
9.219411162086321720e-01
9.246581444033673547e-01
9.204378424123649260e-01
9.207273618101644574e-01
9.169413389158612704e-01
9.221192819918933026e-01
9.232550888601843697e-01
9.205269253039953803e-01
9.280321589238785807e-01
9.230769230769231282e-01
9.254487550665895235e-01
9.211170994610484719e-01
9.192129526524430716e-01
9.183221237361364198e-01
9.239009398245068283e-01
9.231214645227383553e-01
9.226203732573159400e-01
9.241013763306757944e-01
9.235112021736225918e-01
9.248029041022671759e-01
9.268072691639570593e-01
9.255267025967662819e-01
9.198253975324038878e-01
9.259275756091044363e-01
9.182998530132289172e-01
9.265734265734265618e-01
9.128657966237583299e-01
9.211950469912253414e-01
9.195358781346043564e-01
9.267181862723263830e-01
9.233664424747228816e-01
9.231437352456459688e-01
9.257605451872967794e-01
9.169970157231304153e-01
9.200592401229343853e-01
9.223308538595162975e-01
9.226092378958621332e-01
9.216070553650171915e-01
9.125206004186896536e-01
9.221304173533472204e-01
9.249699345240746107e-01
9.257048683800276345e-01
9.261280121152732914e-01
9.189457039775510427e-01
9.216070553650171915e-01
9.225424257271390704e-01
9.224644781969623120e-01
9.227428622333081476e-01
9.259943877778272769e-01
9.256491915727584896e-01
9.029219188454857825e-01
9.212173177141330660e-01
9.220413344617167661e-01
9.183221237361365308e-01
9.231548706070998866e-01
9.188120796401051393e-01
9.219856576544475102e-01
9.194802013273351005e-01
9.215513785577479355e-01
9.186784553026591249e-01
9.196806378335041776e-01
9.219411162086321720e-01
9.204601131352724286e-01
9.203933009665494769e-01
9.246024675960979877e-01
9.224088013896931670e-01
9.199256157854884819e-01
9.189011625317358156e-01
9.247138212106363886e-01
9.247026858491824708e-01
9.178098971092601976e-01
9.230101109082000654e-01
9.179880628925215502e-01
9.241793238608524419e-01
9.190013807848204097e-01
9.188232150015589461e-01
9.224310721126007806e-01
9.260500645850964219e-01
9.180548750612446129e-01
9.119081555387288374e-01
9.192574940982585208e-01
9.181773640372368206e-01
9.230880584383769349e-01
9.230769230769231282e-01
9.232328181372768672e-01
9.256714622956662142e-01
9.193131709055275547e-01
9.241793238608525529e-01
9.220413344617166551e-01
9.161284575297313770e-01
9.226537793416773603e-01
9.227539975947619544e-01
9.201705937374726751e-01
9.224533428355083942e-01
9.244020310899291326e-01
9.232773595830920943e-01
9.249922052469822242e-01
9.267515923566880254e-01
9.225981025344083264e-01
9.155494187341320922e-01
9.206939557258029261e-01
9.208275800632489405e-01
9.225981025344082154e-01
9.228208097634850171e-01
9.235891497037994613e-01
9.189457039775511538e-01
9.307937285644293235e-01
9.129771502382968418e-01
9.269520288628569915e-01
9.183332590975902265e-01
9.191238697608123953e-01
9.249922052469823353e-01
9.202708119905571582e-01
9.130439624070197935e-01
9.243686250055676012e-01
9.138123023473341267e-01
9.236336911496145774e-01
9.163400293973542610e-01
9.237005033183376401e-01
9.216850028951939500e-01
9.194913366887889072e-01
9.242461360295756156e-01
9.249142577168055768e-01
9.224756135584160077e-01
9.271190592846643153e-01
9.275310676584561653e-01
9.211059640995946651e-01
9.146585898178255514e-01
9.272304128992027161e-01
9.223753953053316357e-01
9.235780143423455435e-01
9.234555253663534469e-01
9.223642599438777179e-01
9.178767092779833714e-01
9.247249565720903064e-01
9.202930827134649938e-01
9.207273618101643464e-01
9.211839116297716457e-01
9.194467952429734581e-01
9.279319406707942086e-01
9.244577078971982775e-01
9.251146942229745429e-01
9.269074874170416534e-01
9.202262705447419311e-01
9.178989800008907629e-01
9.176205959645450383e-01
9.190459222306355258e-01
9.239566166317758622e-01
9.290120707318160198e-01
9.269520288628568805e-01
9.243463542826600987e-01
9.230657877154693214e-01
9.210168812079640999e-01
9.148144848781791794e-01
9.159168856621086041e-01
9.250033406084360310e-01
9.234443900048995291e-01
9.275422030199100831e-01
9.273194957908333924e-01
9.215625139192018533e-01
9.129771502382967308e-01
9.193465769898891971e-01
9.236114204267069638e-01
9.136007304797113537e-01
9.240011580775912003e-01
9.203153534363726074e-01
9.239120751859606351e-01
9.270856532003027839e-01
9.167854438555075314e-01
9.227539975947619544e-01
9.197697207251347429e-01
9.116743129481984509e-01
9.207273618101643464e-01
9.184557480735825452e-01
9.209723397621487617e-01
8.855396196160527644e-01
9.171974522292993814e-01
9.243352189212061809e-01
9.197919914480424675e-01
9.225424257271390704e-01
9.220524698231704619e-01
9.237005033183376401e-01
9.221081466304397178e-01
9.239343459088681376e-01
9.213064006057636313e-01
9.208164447017949117e-01
9.176651374103602654e-01
9.212507237984944863e-01
9.176205959645450383e-01
9.242350006681216978e-01
9.153935236737783532e-01
9.179323860852524053e-01
9.191572758451739267e-01
9.215847846421094669e-01
9.219077101242706407e-01
9.167074963253307729e-01
9.179991982539752460e-01
9.208721215090640566e-01
9.239343459088681376e-01
9.178321678321678112e-01
9.206605496414412837e-01
9.207607678945259888e-01
9.269297581399491559e-01
9.213620774130327762e-01
9.225758318115006018e-01
9.217184089795554813e-01
9.183889359048593715e-01
9.250367466927977844e-01
9.253708075364127650e-01
9.292236425994387927e-01
9.227539975947618434e-01
9.249031223553516590e-01
9.298249521179456911e-01
9.197251792793195158e-01
9.255267025967663930e-01
9.179435214467062121e-01
9.225312903656852637e-01
9.175649191572758934e-01
9.211505055454100033e-01
9.258050866331121176e-01
9.117856665627366297e-01
9.208498507861564430e-01
9.220190637388090416e-01
9.210502872923254092e-01
9.288561756714623918e-01
9.233664424747226596e-01
9.277983163333483052e-01
9.187341321099282698e-01
9.213843481359403897e-01
9.304262616364528116e-01
9.213175359672174380e-01
9.233775778361765774e-01
9.126764954790432816e-01
9.253485368135049294e-01
9.175983252416373137e-01
9.230769230769231282e-01
9.244577078971983886e-01
9.277537748875328560e-01
9.230101109082000654e-01
9.230435169925614858e-01
9.245356554273752581e-01
9.142354460825798945e-01
9.187118613870206563e-01
9.282437307915015756e-01
9.224088013896931670e-01
9.199144804240344531e-01
9.282660015144091892e-01
9.121308627678055281e-01
9.274197140439177645e-01
9.186339138568437868e-01
9.171640461449378501e-01
9.208275800632488295e-01
9.229878401852922298e-01
9.066968063783350518e-01
9.197808560865885497e-01
9.239454812703220554e-01
9.252260478375129438e-01
9.233441717518150460e-01
9.250590174157052870e-01
9.239454812703220554e-01
9.258050866331121176e-01
9.221638234377087517e-01
9.254376197051357167e-01
9.167074963253307729e-01
9.239454812703221664e-01
9.194690659658812937e-01
9.244577078971983886e-01
9.210948287381408583e-01
9.233330363903611282e-01
9.232328181372767562e-01
9.213620774130328872e-01
9.255489733196740065e-01
9.221972295220702831e-01
9.202930827134649938e-01
9.215402431962941288e-01
9.249031223553515479e-01
9.251926417531513014e-01
9.227317268718543408e-01
9.249922052469822242e-01
9.244243018128368572e-01
9.202708119905572692e-01
9.207384971716181532e-01
9.231660059685536934e-01
9.230435169925614858e-01
9.111843570442295093e-01
9.254487550665895235e-01
9.207050910872566218e-01
9.205937374727183320e-01
9.220301991002627373e-01
9.254376197051354946e-01
9.210168812079639888e-01
9.186561845797516224e-01
9.163400293973541499e-01
9.173756180125605120e-01
9.174312948198298789e-01
9.169079328314997390e-01
9.189568393390049605e-01
9.177096788561757146e-01
9.249476638011669971e-01
9.194133891586121488e-01
9.211393701839561965e-01
9.128992027081199723e-01
9.111398155984142821e-01
