4.772727272730000192e-01 8.333333333329999426e-02 3.829966329969999861e-01 5.639730639729999967e-02
6.313131313129999311e-02 8.872053872049999734e-01 1.599326599330000084e-02 3.367003367000000191e-02
7.398989898990000480e-01 4.966329966329999929e-02 1.607744107740000095e-01 4.966329966329999929e-02
2.861952861950000163e-02 9.377104377099999555e-01 1.430976430980000075e-02 1.936026936030000103e-02
6.734006734009999606e-01 1.035353535349999993e-01 1.666666666670000019e-01 5.639730639729999967e-02
7.491582491579999725e-02 9.090909090910000157e-02 2.095959595959999977e-01 6.245791245790000001e-01
4.031986531990000011e-01 3.181818181819999758e-01 1.877104377100000110e-01 9.090909090910000157e-02
6.649831649830000024e-02 1.127946127949999988e-01 1.936026936030000034e-01 6.271043771040000214e-01
5.892255892260000322e-02 1.069023569020000064e-01 6.447811447810000152e-01 1.893939393940000104e-01
3.703703703700000210e-02 6.481481481480000362e-02 1.077441077440000061e-01 7.904040404040000301e-01
1.599326599330000084e-02 3.451178451180000190e-02 9.057239057239999669e-01 4.377104377100000249e-02
3.451178451180000190e-02 1.060606060609999984e-01 1.346801346800000077e-02 8.459595959600000326e-01
