3.235004916420000098e-01 2.399213372660000121e-01 2.576204523110000033e-01 1.789577187810000025e-01
3.933136676500000387e-03 5.899705014749999712e-03 2.949852507369999949e-03 9.872173058009999780e-01
2.202556538840000078e-01 5.378564405110000113e-01 1.651917404129999989e-01 7.669616519169999980e-02
5.594886922320000400e-01 1.071779744350000035e-01 2.448377581120000090e-01 8.849557522119999575e-02
2.458210422810000115e-02 8.584070796460000485e-01 4.916420845620000230e-02 6.784660766960000366e-02
7.826941986230000481e-01 4.621435594889999887e-02 1.179941002950000012e-01 5.309734513270000095e-02
8.652900688299999810e-02 6.804326450340000276e-01 1.052114060960000069e-01 1.278269419860000033e-01
2.192723697149999984e-01 4.129793510320000083e-01 1.976401179939999975e-01 1.701081612589999958e-01
1.946902654869999971e-01 1.592920353979999926e-01 7.472959685350000214e-02 5.712881022619999971e-01
6.204523107179999997e-01 5.703048180919999960e-02 1.209439528020000015e-01 2.015732546710000128e-01
1.710914454280000052e-01 1.671583087509999899e-01 4.129793510320000083e-01 2.487708947889999966e-01
1.907571288100000095e-01 8.947885939039999792e-02 5.821042281220000225e-01 1.376597836769999916e-01
2.654867256639999867e-02 1.160275319569999963e-01 8.849557522119999575e-02 7.689282202560000501e-01
4.326450344149999905e-02 1.032448377580000021e-01 8.013765978369999932e-01 5.211406096360000212e-02
6.981317600790000466e-02 3.176007866269999758e-01 3.933136676500000040e-02 5.732546706000000158e-01
2.949852507369999863e-02 6.686332350050000484e-02 7.492625368730000401e-01 1.543756145530000012e-01
9.911504424779999933e-01 1.966568338250000193e-03 2.949852507369999949e-03 3.933136676500000387e-03
