3.798785776240000134e-01 1.422376409370000039e-01 3.035559410229999866e-01 1.743278404159999961e-01
3.642671292280000306e-02 9.800520381610000609e-02 8.568950563749999638e-01 8.673026886379999259e-03
1.734605377279999951e-03 4.336513443189999630e-03 9.887250650479999514e-01 5.203816131830000039e-03
1.144839549000000040e-01 8.369470945360000247e-01 2.948829141370000115e-02 1.908065914999999835e-02
2.688638334780000042e-02 2.081526452729999879e-02 9.158716392019999875e-01 3.642671292280000306e-02
4.423243712060000166e-02 7.545533391149999991e-02 8.508239375539999871e-01 2.948829141370000115e-02
3.295750216829999857e-02 5.724197745009999838e-02 8.456201214220000484e-01 6.418039895919999682e-02
8.013876843020000251e-01 5.810928013879999854e-02 5.724197745009999838e-02 8.326105810929999851e-02
5.299219427579999753e-01 9.540329575020000535e-03 3.842150910670000252e-01 7.632263660020000007e-02
3.651344319170000130e-01 2.896790980050000242e-01 3.304423243710000180e-01 1.474414570690000051e-02
2.922810060709999935e-01 1.604509973980000059e-01 5.160450997400000128e-01 3.122289679100000159e-02
2.254986990460000063e-01 2.454466608850000009e-01 2.307025151780000005e-01 2.983521248920000257e-01
