3.027681660900000127e-01 4.083044982699999825e-01 1.124567474050000015e-01 1.764705882350000032e-01
3.979238754330000072e-01 2.145328719719999944e-01 1.833910034600000072e-01 2.041522491349999913e-01
2.750865051899999969e-01 2.058823529409999908e-01 2.647058823530000216e-01 2.543252595159999907e-01
2.534602076119999992e-01 1.634948096889999869e-01 4.005190311419999927e-01 1.825259515569999935e-01
4.671280276820000132e-02 4.022491349480000200e-01 5.250865051899999969e-01 2.595155709339999964e-02
2.681660899649999930e-02 5.622837370239999744e-02 8.633217993080000152e-01 5.363321799310000193e-02
5.276816608999999880e-02 8.633217993080000152e-01 4.411764705880000248e-02 3.979238754330000072e-02
4.930795847749999683e-02 3.546712802770000256e-02 8.702422145329999914e-01 4.498269896189999867e-02
1.903114186849999903e-02 2.275086505189999886e-01 7.188581314880000406e-01 3.460207612459999943e-02
2.162629757790000135e-02 4.325259515569999935e-02 9.022491349479999645e-01 3.287197231829999677e-02
9.290657439449999666e-01 3.719723183390000187e-02 1.989619377159999869e-02 1.384083044979999948e-02
6.410034602080000310e-01 2.595155709339999964e-03 3.529411764709999844e-01 3.460207612460000116e-03
5.320069204149999731e-01 1.410034602080000032e-01 3.192041522490000061e-01 7.785467128029999705e-03
1.505190311419999927e-01 8.391003460210000320e-02 6.228373702420000324e-01 1.427335640140000028e-01
