4.437140509450000075e-02 8.529170090390000292e-01 6.655710764170000293e-02 3.615447822509999798e-02
9.367296631060000323e-01 4.108463434680000026e-03 8.216926869349999371e-03 5.094494658999999814e-02
1.561216105179999945e-02 9.572719802789999566e-01 5.751848808549999900e-03 2.136400986030000115e-02
1.807723911260000066e-02 4.026294165980000284e-02 9.096138044370000175e-01 3.204601479050000340e-02
2.793755135579999854e-02 6.491372226790000088e-02 5.587510271159999709e-02 8.512736236650000343e-01
1.955628594909999962e-01 4.847986852919999867e-02 7.025472473289999797e-01 5.341002465079999761e-02
3.451109285130000287e-02 2.218570254720000079e-01 1.290057518490000110e-01 6.146261298270000450e-01
2.350041084629999888e-01 4.683648315530000161e-01 5.587510271159999709e-02 2.407559572719999985e-01
4.223500410850000164e-01 9.202958093669999506e-02 2.571898110110000246e-01 2.284305669679999873e-01
1.125718981099999988e-01 1.643385373869999944e-01 1.298274445360000084e-01 5.932621199669999568e-01
2.391125718980000037e-01 2.875924404269999957e-02 2.917009038619999828e-01 4.404272801970000040e-01
5.916187345929999758e-02 1.059983566149999973e-01 6.277732128180000259e-01 2.070665571080000100e-01
