7.160699417150000190e-02 2.406328059950000042e-01 6.144879267280000112e-01 7.327227310570000318e-02
1.332223147379999958e-02 9.583680266440000040e-01 1.748542880929999932e-02 1.082431307239999953e-02
8.892589508739999760e-01 1.582014987510000151e-02 7.327227310570000318e-02 2.164862614489999892e-02
2.081598667779999828e-02 9.492089925059999933e-01 1.165695253960000004e-02 1.831806827639999996e-02
5.828476269780000218e-02 4.995836802660000298e-02 7.785179017490000408e-01 1.132389675269999951e-01
3.663613655290000326e-02 2.997502081600000173e-02 5.328892589510000194e-02 8.800999167359999653e-01
1.032472939219999941e-01 5.495420482930000322e-02 7.701915070770000149e-01 7.160699417150000190e-02
6.244796003329999845e-02 2.564529558699999989e-01 2.223147377190000107e-01 4.587843463779999742e-01
2.572855953370000170e-01 3.630308076600000100e-01 4.163197335550000017e-02 3.380516236469999769e-01
5.736885928389999778e-01 4.329725228979999785e-02 1.257285595340000006e-01 2.572855953370000170e-01
2.980849292259999950e-01 1.065778517899999972e-01 6.078268109909999717e-02 5.345545378849999585e-01
7.910074937550000407e-02 3.497085761870000198e-02 4.771024146539999955e-01 4.088259783509999856e-01
