1.565703634670000122e-01 1.453867660760000124e-01 4.967381174280000034e-01 2.013047530289999998e-01
3.131407269340000243e-01 1.500465983220000132e-01 4.520037278660000157e-01 8.480894687789999886e-02
6.309412861140000217e-01 7.269338303819999902e-02 2.889095992540000046e-01 7.455731593659999795e-03
1.584342963650000116e-02 1.211556383969999984e-02 9.170549860209999959e-01 5.498602050330000240e-02
5.871388630010000026e-02 3.821062441749999844e-02 6.011183597389999633e-01 3.019571295430000246e-01
5.312208760480000014e-02 9.226467847159999791e-02 1.388630009319999914e-01 7.157502329920000239e-01
1.025163094129999918e-02 7.977632805219999623e-01 5.498602050330000240e-02 1.369990680339999989e-01
6.589002795899999709e-01 7.548928238579999395e-02 2.376514445479999960e-01 2.795899347620000100e-02
2.218080149109999955e-01 1.043802423110000016e-01 1.099720410070000043e-01 5.638397017709999570e-01
4.100652376510000030e-02 1.146318732530000051e-01 6.057781919849999919e-02 7.837837837840000432e-01
1.062441752099999998e-01 9.133271202239999498e-02 7.614165890030000217e-01 4.100652376510000030e-02
7.409133271200000204e-01 1.547064305679999863e-01 3.448275862070000058e-02 6.989748369060000410e-02
1.360671015840000109e-01 7.986952469710000280e-01 9.319664492080000084e-03 5.591798695249999840e-02
8.294501397950000687e-02 8.797763280520000118e-01 5.591798695250000187e-03 3.168685927309999872e-02
0.000000000000000000e+00 4.240447343900000110e-01 3.261882572230000166e-02 5.433364398879999557e-01
4.753028890960000336e-02 4.650512581549999802e-01 1.658900279590000137e-01 3.215284249770000158e-01
