3.287890938250000172e-02 6.206896551720000321e-01 1.972734562950000103e-01 1.491579791500000085e-01
3.937449879709999934e-01 2.526062550120000139e-01 3.929430633520000077e-02 3.143544506820000195e-01
1.451483560550000107e-01 3.929430633520000077e-02 3.528468323979999655e-02 7.802726543700000406e-01
1.363271852449999925e-02 1.443464314350000055e-02 7.377706495590000135e-02 8.981555733760000493e-01
3.769045709700000191e-02 4.651162790700000271e-02 7.963111467519999875e-01 1.194867682439999940e-01
8.700882117079999922e-01 6.976744186050000407e-02 3.047313552529999983e-02 2.967121090620000040e-02
1.002405773859999932e-01 6.399358460299999773e-01 2.309542902969999867e-01 2.886928628710000097e-02
2.485966319170000022e-02 8.500400962309999364e-02 7.674418604649999587e-01 1.226944667200000061e-01
3.608660785889999945e-02 2.485966319170000022e-02 2.093023255810000094e-01 7.297514033680000400e-01
3.817161186849999943e-01 6.255012028869999519e-02 2.149157979150000120e-01 3.408179631109999885e-01
2.806736166800000154e-02 7.145148356049999538e-01 1.932638332000000125e-01 6.415396952690000099e-02
5.838011226939999743e-01 2.117080994390000137e-01 3.528468323979999655e-02 1.692060946270000088e-01
