3.032670454549999950e-01 2.109375000000000000e-01 2.528409090909999879e-01 2.329545454549999950e-01
0.000000000000000000e+00 0.000000000000000000e+00 0.000000000000000000e+00 1.000000000000000000e+00
1.000000000000000000e+00 0.000000000000000000e+00 0.000000000000000000e+00 0.000000000000000000e+00
1.000000000000000000e+00 0.000000000000000000e+00 0.000000000000000000e+00 0.000000000000000000e+00
0.000000000000000000e+00 0.000000000000000000e+00 1.278409090909999983e-02 9.872159090909999879e-01
0.000000000000000000e+00 1.000000000000000000e+00 0.000000000000000000e+00 0.000000000000000000e+00
0.000000000000000000e+00 1.000000000000000000e+00 0.000000000000000000e+00 0.000000000000000000e+00
2.741477272730000192e-01 2.656250000000000000e-01 2.372159090909999879e-01 2.230113636359999929e-01
2.386363636359999929e-01 2.485795454549999950e-01 2.372159090909999879e-01 2.755681818180000242e-01
2.542613636359999929e-01 2.535511363640000071e-01 2.315340909090000121e-01 2.606534090909999879e-01
