6.612244897960000145e-01 1.453061224490000136e-01 1.469387755100000012e-02 1.787755102040000099e-01
5.142857142860000064e-01 2.644897959179999813e-01 2.179591836729999899e-01 3.265306122450000164e-03
5.959183673469999748e-02 7.461224489800000192e-01 4.081632653060000143e-02 1.534693877549999919e-01
7.346938775509999874e-03 5.551020408159999808e-02 2.636734693880000147e-01 6.734693877549999819e-01
7.102040816330000561e-02 9.175510204079999621e-01 3.265306122450000164e-03 8.163265306120000286e-03
5.551020408160000086e-01 1.681632653060000093e-01 5.142857142860000202e-02 2.253061224490000014e-01
1.795918367350000100e-01 8.040816326530000335e-01 1.306122448980000066e-02 3.265306122450000164e-03
1.012244897960000029e-01 1.551020408160000072e-02 8.702040816330000039e-01 1.306122448980000066e-02
1.142857142859999946e-02 7.428571428569999413e-02 3.836734693879999963e-02 8.759183673470000153e-01
5.632653061219999868e-02 3.673469387759999844e-02 9.061224489800000503e-01 8.163265306120000070e-04
