4.807692307689999910e-03 9.751602564100000370e-01 8.814102564100000092e-03 1.121794871790000002e-02
6.001602564100000370e-01 2.323717948719999926e-02 4.967948717949999954e-02 3.269230769229999889e-01
4.046474358969999741e-01 1.682692307690000083e-02 5.456730769230000444e-01 3.285256410259999871e-02
4.647435897439999852e-02 4.254807692309999778e-01 4.727564102560000148e-02 4.807692307690000222e-01
7.475961538459999778e-01 8.012820512820000365e-03 1.602564102560000148e-02 2.283653846150000000e-01
2.804487179489999898e-02 9.142628205130000074e-01 4.967948717949999954e-02 8.012820512820000365e-03
1.562500000000000000e-01 4.807692307689999910e-03 7.636217948719999926e-01 7.532051282049999352e-02
1.041666666670000053e-02 1.858974358970000018e-01 2.403846153849999862e-03 8.012820512820000296e-01
9.615384615379999819e-03 2.403846153849999862e-03 8.301282051280000074e-01 1.578525641029999982e-01
5.296474358970000296e-01 1.626602564100000092e-01 1.033653846150000000e-01 2.043269230770000111e-01
