4.901960784310000104e-03 9.191176470590000092e-01 0.000000000000000000e+00 7.598039215690000070e-02
2.859477124180000163e-02 7.352941176470000062e-03 9.640522875820000115e-01 0.000000000000000000e+00
1.143790849670000068e-02 4.738562091500000267e-02 2.908496732029999809e-01 6.503267973859999662e-01
3.022875816990000172e-02 9.313725490200000512e-02 8.709150326800000341e-01 5.718954248369999965e-03
8.169934640519999677e-04 4.452614379079999907e-01 5.392156862750000501e-01 1.470588235289999914e-02
4.575163398689999772e-01 1.184640522879999991e-01 8.823529411760000496e-02 3.357843137250000054e-01
7.001633986930000386e-01 2.859477124180000163e-02 6.535947712420000014e-03 2.647058823530000216e-01
2.287581699350000053e-01 8.169934640519999677e-04 5.049019607839999590e-01 2.655228758170000147e-01
5.718954248369999965e-03 2.638888888889999729e-01 4.125816993459999749e-01 3.178104575160000111e-01
1.977124183010000036e-01 0.000000000000000000e+00 0.000000000000000000e+00 8.022875816990000519e-01
